157 460 74
N 0 -5.516019 -38.268638 43,71,72
N 1 -5.518938 -38.270743 44,57,68,0
N 2 -5.517860 -38.273936 45,13
N 3 -5.517966 -38.273351 14,45
N 4 -5.518212 -38.272662 58,46,14
N 5 -5.518403 -38.272146 58,15,47
N 6 -5.518738 -38.271223 15,44,68,47
N 7 -5.516143 -38.270191 -1
N 8 -5.520344 -38.271819 69,44,17,16
N 9 -5.520923 -38.272044 69,16,18
N 10 -5.521657 -38.272298 69,64,19,18
N 11 -5.523250 -38.272868 -1
N 12 -5.520624 -38.275521 -1
N 13 -5.520750 -38.274958 20
N 14 -5.520842 -38.274566 21,20,22
N 15 -5.521328 -38.273131 19,24,23,18
N 16 -5.521828 -38.271845 69,48,64,25
N 17 -5.521652 -38.275107 20
N 18 -5.521683 -38.274712 20,22
N 19 -5.521696 -38.273877 24,22
N 20 -5.521696 -38.273245 19,24
N 21 -5.519831 -38.274367 1,70
N 22 -5.520168 -38.274427 21,70
N 23 -5.522151 -38.274748 -1
N 24 -5.520388 -38.273663 21,70,23
N 25 -5.520623 -38.272912 70,23,16,18
N 26 -5.520032 -38.272708 58,17,70,16
N 27 -5.519557 -38.272536 58,15,17
N 28 -5.517376 -38.271827 -1
N 29 -5.516455 -38.272050 -1
N 30 -5.519831 -38.273212 58,14,70
N 31 -5.520519 -38.271358 69,44,57
N 32 -5.517209 -38.273257 -1
N 33 -5.519609 -38.273606 14,45,70
N 34 -5.522795 -38.275353 -1
N 35 -5.516786 -38.269202 49,43,65
N 36 -5.516988 -38.268696 49,26,43,2
N 37 -5.517323 -38.267633 28,72,27
N 38 -5.517510 -38.267095 28,30,72,29
N 39 -5.517675 -38.266565 3,30,29
N 40 -5.517876 -38.269593 50,49,59
N 41 -5.518056 -38.269037 31,49,50,26
N 42 -5.518215 -38.268494 31,26,51,27
N 43 -5.518383 -38.267975 28,32,51,27
N 44 -5.518360 -38.270334 68,59,0
N 45 -5.518539 -38.267442 60,28,32,29
N 46 -5.518691 -38.266907 60,29
N 47 -5.519212 -38.270087 50,59,52
N 48 -5.519448 -38.269490 31,33,50,73
N 49 -5.519640 -38.268910 31,51,73
N 50 -5.519796 -38.268428 32,51,73
N 51 -5.519950 -38.267925 60,32,73
N 52 -5.521797 -38.270878 34,66,61
N 53 -5.521984 -38.271468 48,34,62,25
N 54 -5.522138 -38.270971 34,62,61
N 55 -5.522272 -38.268686 60,53,73
N 56 -5.522267 -38.271013 62,35
N 57 -5.522436 -38.272068 64,25,36
N 58 -5.522581 -38.271666 62,25,36
N 59 -5.523059 -38.271291 62,36
N 60 -5.523184 -38.272357 64
N 61 -5.524029 -38.269676 53,73
N 62 -5.524266 -38.269458 4
N 63 -5.524539 -38.268842 -1
N 64 -5.519041 -38.270521 57,59,0,52
N 65 -5.518110 -38.272079 46,47
N 66 -5.518636 -38.271181 68,47
N 67 -5.522972 -38.272753 64
N 68 -5.521101 -38.273773 21,24,23,22
N 69 -5.522989 -38.274056 -1
N 70 -5.519468 -38.274288 5,1,45,70
N 71 -5.519396 -38.274453 5,1,13
N 72 -5.519189 -38.274972 13
N 73 -5.519529 -38.275087 -1
N 74 -5.519886 -38.271642 15,44,17
N 75 -5.517933 -38.272559 46
N 76 -5.516643 -38.266812 67,30,72
N 77 -5.517016 -38.265688 3
N 78 -5.516056 -38.266129 54,67
N 79 -5.516016 -38.266621 55,67,72
N 80 -5.514622 -38.265785 63,72
N 81 -5.514252 -38.266547 6,71,7
N 82 -5.516700 -38.267439 -1
N 83 -5.521436 -38.271704 69,48,37
N 84 -5.521662 -38.271352 48,34,66
N 85 -5.521565 -38.271316 48,66,37
N 86 -5.521355 -38.271255 38,66,37
N 87 -5.521234 -38.271630 38,69,37
N 88 -5.520595 -38.271028 66,57,52
N 89 -5.520723 -38.270543 33,66,61,52
N 90 -5.516725 -38.270413 68
N 91 -5.516876 -38.270172 68,8
N 92 -5.516885 -38.269384 8,65
N 93 -5.517446 -38.269750 68,59,65
N 94 -5.517577 -38.269487 49,59,65
N 95 -5.516829 -38.266300 3,67,30
N 96 -5.517154 -38.268155 26,72,27,2
N 97 -5.518387 -38.272192 58,46,47
N 98 -5.522851 -38.270485 40,39
N 99 -5.515258 -38.266171 55,72,41
N 100 -5.517183 -38.273794 -1
N 101 -5.516545 -38.267097 -1
N 102 -5.522426 -38.268044 60,42
N 103 -5.516036 -38.266341 55,54,67
N 104 -5.515477 -38.266182 55,41,56
N 105 -5.515481 -38.265657 56
N 106 -5.515816 -38.266259 55,54,56
N 107 -5.515827 -38.265653 54,56
N 108 -5.516023 -38.265646 54
N 109 -5.520847 -38.270138 33,61,73
N 110 -5.515745 -38.268392 71
N 111 -5.514674 -38.267964 -1
N 112 -5.514739 -38.267170 6,71
N 113 -5.521061 -38.271567 38,69,57
N 114 -5.521187 -38.271200 38,66,57
N 115 -5.519929 -38.268539 -1
N 116 -5.519774 -38.268494 51,73
N 117 -5.516379 -38.266168 9,67
N 118 -5.519945 -38.273582 -1
N 119 -5.517240 -38.269613 68,8,65
N 120 -5.518079 -38.272068 46
N 121 -5.518693 -38.274131 5,45,13
N 122 -5.523072 -38.272310 64,36
N 123 -5.521709 -38.272317 64,19
N 124 -5.522393 -38.270753 40,35
N 125 -5.522340 -38.270691 40,35,61,73
N 126 -5.523114 -38.270268 10,73,39
N 127 -5.522812 -38.270432 40,73,39
N 128 -5.522190 -38.270988 62,35,61
N 129 -5.523653 -38.270004 10,73
N 130 -5.523146 -38.270317 10,39
N 131 -5.522295 -38.268591 60,42,53
N 132 -5.515096 -38.266025 72,41
N 133 -5.519286 -38.270111 33,50,52
N 134 -5.516165 -38.268449 43,72,2
N 135 -5.515479 -38.265864 41,56
N 136 -5.516115 -38.266132 9,67
N 137 -5.516310 -38.265839 9
N 138 -5.514380 -38.265673 63
N 139 -5.513727 -38.265898 11
N 140 -5.514070 -38.266077 63,11
N 141 -5.513972 -38.266202 63,11
N 142 -5.514212 -38.266594 6
N 143 -5.515864 -38.268544 71
N 144 -5.516141 -38.268859 71
N 145 -5.516434 -38.269131 12,71
N 146 -5.516582 -38.269190 12,65
N 147 -5.514275 -38.266514 63,71,72,7
N 148 -5.514123 -38.266376 63,7
N 149 -5.516502 -38.269112 12,43,71,65
N 150 -5.524528 -38.268585 42
N 151 -5.524227 -38.269429 4,42,53
N 152 -5.524188 -38.269516 4,53
N 153 -5.521029 -38.277281 -1
N 154 -5.522359 -38.276823 -1
N 155 -5.521102 -38.275395 -1
N 156 -5.521438 -38.275786 -1
A 0 134 26.488 43
A 0 147 304.782 72
A 0 149 75.382 71
A 1 64 27.100 57
A 1 6 57.533 68
A 1 44 78.661 0
A 1 31 188.601 44
A 2 100 76.806 -1
A 2 121 95.109 13
A 2 72 221.999 -1
A 2 3 65.851 45
A 3 2 65.851 -1
A 3 33 184.815 45
A 3 32 84.866 -1
A 3 4 81.105 14
A 4 3 81.105 -1
A 4 30 190.102 14
A 4 75 32.949 46
A 4 97 55.528 58
A 5 27 135.430 58
A 5 6 108.764 15
A 5 97 5.389 47
A 6 1 57.533 44
A 6 5 108.764 47
A 6 74 135.822 15
A 6 66 12.202 68
A 7 90 69.338 -1
A 8 9 68.986 16
A 8 74 54.624 44
A 8 31 54.517 69
A 8 26 104.385 17
A 9 8 68.986 69
A 9 10 86.407 18
A 9 25 101.689 16
A 10 9 86.407 69
A 10 123 6.128 19
A 10 16 53.645 64
A 10 15 99.203 18
A 11 67 33.366 -1
A 12 13 63.903 -1
A 13 12 63.903 -1
A 13 14 44.535 20
A 13 17 101.687 -1
A 14 13 44.535 -1
A 14 18 94.970 20
A 14 22 76.463 21
A 14 68 92.328 22
A 15 10 99.203 19
A 15 68 75.448 23
A 15 25 82.037 18
A 15 20 42.863 24
A 16 10 53.645 69
A 16 83 46.259 48
A 16 57 71.966 64
A 16 53 45.165 25
A 17 13 101.687 20
A 17 34 129.959 -1
A 17 18 43.860 -1
A 17 156 78.978 -1
A 18 14 94.970 22
A 18 17 43.860 20
A 18 19 92.483 -1
A 18 23 52.199 -1
A 19 18 92.483 22
A 19 20 69.916 -1
A 19 68 67.186 24
A 19 69 145.126 -1
A 20 15 42.863 19
A 20 19 69.916 24
A 20 123 102.709 -1
A 21 22 38.102 -1
A 21 70 41.246 70
A 21 71 62.784 1
A 22 14 76.463 -1
A 22 21 38.102 70
A 22 24 88.005 21
A 23 18 52.199 -1
A 24 22 88.005 70
A 24 118 50.043 -1
A 24 68 80.156 21
A 24 25 87.072 23
A 25 9 101.689 18
A 25 15 82.037 23
A 25 24 87.072 70
A 25 26 69.512 16
A 26 8 104.385 16
A 26 25 69.512 70
A 26 27 56.092 17
A 26 30 60.472 58
A 27 5 135.430 15
A 27 26 56.092 58
A 27 74 105.460 17
A 28 120 82.656 -1
A 29 75 173.794 -1
A 30 4 190.102 58
A 30 26 60.472 70
A 30 33 54.260 14
A 31 1 188.601 57
A 31 8 54.517 44
A 31 113 64.514 69
A 32 3 84.866 -1
A 33 3 184.815 14
A 33 30 54.260 70
A 33 70 80.703 45
A 34 17 129.959 -1
A 35 94 93.542 65
A 35 36 60.384 49
A 35 149 33.199 43
A 36 35 60.384 43
A 36 41 124.596 49
A 36 96 62.610 26
A 36 134 95.517 2
A 37 43 123.772 27
A 37 82 72.544 -1
A 37 38 63.089 28
A 37 96 60.817 72
A 38 37 63.089 72
A 38 39 61.448 29
A 38 76 101.303 30
A 38 45 120.725 28
A 39 38 61.448 30
A 39 95 98.589 3
A 39 46 119.133 29
A 39 77 161.764 -1
A 40 94 35.208 49
A 40 47 158.255 59
A 40 41 64.778 50
A 41 36 124.596 26
A 41 40 64.778 49
A 41 48 162.733 50
A 41 42 62.650 31
A 42 41 62.650 26
A 42 49 165.083 31
A 42 96 123.770 27
A 42 43 60.411 51
A 43 37 123.772 28
A 43 42 60.411 27
A 43 50 164.945 51
A 43 45 61.443 32
A 44 1 78.661 68
A 44 64 78.531 0
A 44 93 120.448 59
A 45 38 120.725 29
A 45 43 61.443 28
A 45 46 61.595 60
A 45 51 165.729 32
A 46 39 119.133 -1
A 46 45 61.595 29
A 46 102 437.282 60
A 47 40 158.255 50
A 47 133 8.661 52
A 47 64 51.709 59
A 48 41 162.733 31
A 48 49 67.658 73
A 48 109 187.360 33
A 48 133 71.160 50
A 49 42 165.083 51
A 49 48 67.658 31
A 49 116 48.351 73
A 50 43 164.945 32
A 50 51 58.232 73
A 50 116 7.746 51
A 51 45 165.729 60
A 51 50 58.232 32
A 51 55 271.626 73
A 52 84 54.564 66
A 52 89 125.060 61
A 52 54 39.214 34
A 53 16 45.165 48
A 53 84 38.048 34
A 53 58 69.943 25
A 53 54 57.664 62
A 54 52 39.214 61
A 54 53 57.664 34
A 54 128 6.081 62
A 55 51 271.626 60
A 55 131 10.778 53
A 55 61 236.951 73
A 56 128 8.994 35
A 56 59 93.266 62
A 56 124 32.600 -1
A 57 16 71.966 25
A 57 58 47.328 36
A 57 122 75.639 64
A 58 53 69.943 62
A 58 57 47.328 25
A 58 59 90.075 36
A 59 56 93.266 -1
A 59 58 90.075 62
A 59 122 137.804 36
A 60 122 13.533 -1
A 60 67 49.750 64
A 61 55 236.951 53
A 61 152 25.029 -1
A 61 129 55.412 73
A 62 151 5.368 -1
A 62 63 76.176 -1
A 62 152 10.717 4
A 63 62 76.176 -1
A 64 1 27.100 0
A 64 44 78.531 59
A 64 47 51.709 52
A 64 88 181.708 57
A 65 120 3.641 -1
A 65 97 33.198 46
A 65 66 115.344 47
A 66 6 12.202 47
A 66 65 115.344 -1
A 66 90 228.797 68
A 67 11 33.366 -1
A 67 60 49.750 -1
A 67 123 148.488 64
A 68 14 92.328 21
A 68 15 75.448 24
A 68 19 67.186 22
A 68 24 80.156 23
A 69 19 145.126 -1
A 70 21 41.246 1
A 70 33 80.703 70
A 70 71 19.934 5
A 70 121 87.989 45
A 71 21 62.784 -1
A 71 70 19.934 1
A 71 72 61.879 13
A 71 121 87.532 5
A 72 2 221.999 13
A 72 71 61.879 -1
A 72 73 39.860 -1
A 73 72 39.860 -1
A 74 6 135.822 44
A 74 8 54.624 17
A 74 27 105.460 15
A 75 4 32.949 -1
A 75 29 173.794 -1
A 75 120 56.688 46
A 76 38 101.303 72
A 76 95 60.340 30
A 76 101 33.367 -1
A 76 79 72.881 67
A 77 39 161.764 3
A 77 95 70.800 -1
A 78 103 23.558 54
A 78 136 6.534 67
A 78 108 53.590 -1
A 79 76 72.881 72
A 79 103 31.104 67
A 79 99 100.360 55
A 80 147 89.517 63
A 80 138 29.614 -1
A 80 132 59.258 72
A 81 147 4.393 71
A 81 112 87.753 6
A 81 142 6.873 -1
A 81 148 23.747 7
A 82 37 72.544 -1
A 83 16 46.259 69
A 83 85 45.286 48
A 83 87 24.021 37
A 84 52 54.564 34
A 84 53 38.048 48
A 84 85 11.530 66
A 85 83 45.286 37
A 85 84 11.530 48
A 85 86 24.234 66
A 86 85 24.234 37
A 86 114 19.644 66
A 86 87 43.610 38
A 87 83 24.021 69
A 87 86 43.610 37
A 87 113 20.425 38
A 88 64 181.708 52
A 88 114 68.514 57
A 88 89 55.639 66
A 89 52 125.060 66
A 89 88 55.639 52
A 89 133 166.831 33
A 89 109 46.881 61
A 90 7 69.338 -1
A 90 66 228.797 -1
A 90 91 31.484 68
A 91 90 31.484 -1
A 91 119 73.961 68
A 91 92 114.520 8
A 92 91 114.520 -1
A 92 146 39.992 65
A 92 119 46.929 8
A 93 44 120.448 68
A 93 94 32.580 59
A 93 119 27.421 65
A 94 35 93.542 49
A 94 40 35.208 59
A 94 93 32.580 65
A 95 39 98.589 30
A 95 76 60.340 67
A 95 77 70.800 3
A 95 117 52.127 -1
A 96 36 62.610 2
A 96 37 60.817 27
A 96 42 123.770 26
A 96 134 125.669 72
A 97 4 55.528 46
A 97 5 5.389 58
A 97 65 33.198 47
A 98 127 7.329 39
A 98 130 37.780 -1
A 98 124 58.951 40
A 99 79 100.360 72
A 99 132 24.173 41
A 99 104 24.369 55
A 100 2 76.806 -1
A 101 76 33.367 -1
A 102 46 437.282 -1
A 102 150 249.782 42
A 102 131 62.292 60
A 103 78 23.558 67
A 103 79 31.104 55
A 103 106 26.116 54
A 104 99 24.369 41
A 104 106 38.677 55
A 104 135 35.175 56
A 105 135 22.867 -1
A 105 107 38.443 56
A 106 103 26.116 55
A 106 104 38.677 56
A 106 107 67.105 54
A 107 105 38.443 -1
A 107 106 67.105 56
A 107 108 21.907 54
A 108 78 53.590 54
A 108 107 21.907 -1
A 109 48 187.360 73
A 109 89 46.881 33
A 109 125 177.547 61
A 110 143 21.343 -1
A 110 111 129.410 -1
A 110 112 175.544 71
A 111 110 129.410 -1
A 112 81 87.753 71
A 112 110 175.544 -1
A 112 142 101.529 6
A 113 31 64.514 57
A 113 87 20.425 69
A 113 114 42.972 38
A 114 86 19.644 38
A 114 88 68.514 66
A 114 113 42.972 57
A 115 116 17.950 -1
A 116 49 48.351 51
A 116 50 7.746 73
A 116 115 17.950 -1
A 117 95 52.127 67
A 117 136 29.777 9
A 117 137 37.345 -1
A 118 24 50.043 -1
A 119 91 73.961 8
A 119 92 46.929 65
A 119 93 27.421 68
A 120 28 82.656 -1
A 120 65 3.641 46
A 120 75 56.688 -1
A 121 2 95.109 45
A 121 70 87.989 5
A 121 71 87.532 13
A 122 57 75.639 36
A 122 59 137.804 -1
A 122 60 13.533 64
A 123 10 6.128 64
A 123 20 102.709 19
A 123 67 148.488 -1
A 124 56 32.600 35
A 124 125 9.041 40
A 124 98 58.951 -1
A 125 109 177.547 73
A 125 124 9.041 35
A 125 128 37.565 61
A 125 127 59.854 40
A 126 130 6.532 39
A 126 127 38.173 73
A 126 129 66.914 10
A 127 98 7.329 40
A 127 126 38.173 39
A 127 125 59.854 73
A 128 54 6.081 61
A 128 56 8.994 62
A 128 125 37.565 35
A 129 61 55.412 -1
A 129 126 66.914 73
A 129 130 66.309 10
A 130 98 37.780 39
A 130 126 6.532 10
A 130 129 66.309 -1
A 131 55 10.778 60
A 131 102 62.292 42
A 131 151 250.428 53
A 132 80 59.258 -1
A 132 99 24.173 72
A 132 135 48.140 41
A 133 47 8.661 50
A 133 48 71.160 33
A 133 89 166.831 52
A 134 0 26.488 72
A 134 36 95.517 43
A 134 96 125.669 2
A 135 104 35.175 41
A 135 105 22.867 56
A 135 132 48.140 -1
A 136 78 6.534 -1
A 136 117 29.777 67
A 136 137 39.010 9
A 137 117 37.345 9
A 137 136 39.010 -1
A 138 80 29.614 63
A 138 140 56.421 -1
A 139 141 43.269 -1
A 139 140 44.555 11
A 140 138 56.421 63
A 140 139 44.555 -1
A 140 141 17.634 11
A 141 139 43.269 11
A 141 140 17.634 63
A 141 148 25.533 -1
A 142 81 6.873 6
A 142 112 101.529 -1
A 143 110 21.343 71
A 143 144 46.583 -1
A 144 143 46.583 71
A 144 145 44.471 -1
A 145 144 44.471 71
A 145 149 7.884 12
A 145 146 17.738 -1
A 146 92 39.992 -1
A 146 145 17.738 12
A 146 149 12.366 65
A 147 0 304.782 71
A 147 80 89.517 72
A 147 81 4.393 7
A 147 148 22.802 63
A 148 141 25.533 63
A 148 147 22.802 7
A 148 81 23.747 -1
A 149 35 33.199 65
A 149 145 7.884 71
A 149 146 12.366 12
A 149 0 75.382 43
A 150 102 249.782 -1
A 150 151 100.742 42
A 151 62 5.368 4
A 151 131 250.428 42
A 151 150 100.742 -1
A 151 152 10.571 53
A 152 61 25.029 53
A 152 151 10.571 4
A 152 62 10.717 -1
A 153 156 174.873 -1
A 153 154 229.761 -1
A 154 153 229.761 -1
A 155 156 75.540 -1
A 156 17 78.978 -1
A 156 153 174.873 -1
A 156 155 75.540 -1
B 1 1
B 13 6
B 20 1
B 21 2
B 22 1
B 27 2
B 30 2
B 32 4
B 33 2
B 45 5
B 51 3
B 52 1
B 66 1
B 67 1
B 69 1
B 70 3
B 72 2
