100
P 0 0.010
B 0 0 2
B 0 1 3
B 0 2 3
B 0 3 6
B 0 5 3
B 0 8 5
B 0 10 1
B 0 13 10
B 0 14 3
B 0 15 9
B 0 16 4
B 0 17 2
B 0 18 3
B 0 20 2
B 0 21 11
B 0 22 2
B 0 23 4
B 0 25 3
B 0 26 1
B 0 27 5
B 0 28 7
B 0 29 3
B 0 30 5
B 0 31 5
B 0 32 8
B 0 33 9
B 0 36 4
B 0 37 1
B 0 41 1
B 0 42 3
B 0 43 2
B 0 44 1
B 0 45 11
B 0 47 1
B 0 49 1
B 0 50 2
B 0 51 3
B 0 52 1
B 0 54 3
B 0 55 1
B 0 57 3
B 0 59 3
B 0 60 2
B 0 66 1
B 0 67 1
B 0 69 1
B 0 70 5
B 0 72 3
P 1 0.010
B 1 2 1
B 1 5 1
B 1 8 1
B 1 15 2
B 1 16 2
B 1 17 1
B 1 18 1
B 1 26 1
B 1 28 2
B 1 30 1
B 1 31 1
B 1 32 1
B 1 33 2
B 1 42 1
B 1 45 1
B 1 49 1
B 1 58 1
B 1 59 1
B 1 70 1
P 2 0.010
B 2 17 1
B 2 18 1
B 2 21 1
B 2 22 1
B 2 23 1
B 2 26 2
B 2 28 1
B 2 29 1
B 2 30 1
B 2 32 1
B 2 33 1
B 2 42 2
B 2 44 1
B 2 48 1
B 2 57 1
B 2 59 1
B 2 60 1
B 2 70 1
P 3 0.010
B 3 13 1
B 3 15 1
B 3 17 1
B 3 22 1
B 3 23 1
B 3 24 1
B 3 29 1
B 3 32 1
B 3 54 1
B 3 57 1
B 3 61 1
P 4 0.010
B 4 13 1
B 4 14 1
B 4 15 1
B 4 16 1
B 4 22 2
B 4 26 1
B 4 28 1
B 4 29 1
B 4 30 2
B 4 44 1
P 5 0.010
B 5 3 1
B 5 14 2
B 5 15 2
B 5 16 2
B 5 17 1
B 5 20 1
B 5 21 2
B 5 26 1
B 5 27 1
B 5 31 2
B 5 42 1
B 5 44 1
B 5 60 1
B 5 67 1
B 5 69 1
P 6 0.010
B 6 2 1
B 6 13 1
B 6 15 1
B 6 21 2
B 6 22 2
B 6 23 1
B 6 25 1
B 6 26 1
B 6 28 1
B 6 29 1
B 6 31 1
B 6 32 1
B 6 44 2
B 6 45 1
B 6 51 1
B 6 56 1
B 6 60 1
B 6 67 1
B 6 69 1
B 6 72 2
P 7 0.010
B 7 3 1
B 7 13 1
B 7 14 1
B 7 16 1
B 7 17 1
B 7 20 2
B 7 21 1
B 7 27 1
B 7 29 1
B 7 31 1
B 7 33 1
B 7 34 1
B 7 40 1
B 7 41 1
B 7 52 2
B 7 61 1
B 7 65 1
P 8 0.010
B 8 0 1
B 8 13 2
B 8 14 1
B 8 15 1
B 8 21 1
B 8 23 1
B 8 27 1
B 8 31 2
B 8 72 2
P 9 0.010
B 9 2 1
B 9 13 1
B 9 23 2
B 9 29 1
B 9 30 2
B 9 33 1
B 9 34 1
B 9 36 2
B 9 45 2
B 9 60 1
P 10 0.010
B 10 0 2
B 10 2 1
B 10 3 3
B 10 8 1
B 10 11 1
B 10 13 2
B 10 14 1
B 10 23 1
B 10 27 2
B 10 29 1
B 10 42 2
B 10 45 2
B 10 72 1
P 11 0.010
B 11 8 1
B 11 13 2
B 11 14 1
B 11 15 1
B 11 16 1
B 11 18 1
B 11 20 1
B 11 21 1
B 11 23 1
B 11 26 1
B 11 28 1
B 11 29 1
B 11 30 1
B 11 42 2
B 11 55 1
B 11 67 1
P 12 0.010
B 12 2 2
B 12 3 1
B 12 13 2
B 12 14 1
B 12 18 1
B 12 21 1
B 12 55 1
B 12 57 1
B 12 72 1
B 12 73 1
P 13 0.010
B 13 2 1
B 13 8 1
B 13 9 1
B 13 13 4
B 13 14 1
B 13 15 2
B 13 18 1
B 13 22 1
B 13 25 1
B 13 28 1
B 13 29 1
B 13 30 1
B 13 31 1
B 13 33 1
B 13 38 1
B 13 44 1
B 13 45 1
B 13 48 1
P 14 0.010
B 14 3 2
B 14 13 1
B 14 14 1
B 14 17 1
B 14 18 1
B 14 20 1
B 14 22 1
B 14 30 1
B 14 33 1
B 14 35 1
B 14 39 1
B 14 42 1
B 14 44 2
B 14 45 1
B 14 49 1
B 14 57 1
B 14 63 1
B 14 66 1
B 14 71 1
P 15 0.010
B 15 13 2
B 15 15 1
B 15 16 1
B 15 18 1
B 15 29 1
B 15 30 2
B 15 31 1
B 15 32 1
B 15 52 1
B 15 53 1
B 15 57 1
B 15 70 1
P 16 0.010
B 16 3 2
B 16 13 1
B 16 14 1
B 16 16 1
B 16 17 1
B 16 20 1
B 16 21 1
B 16 23 1
B 16 25 1
B 16 27 2
B 16 28 1
B 16 29 1
B 16 34 2
B 16 36 1
B 16 45 1
B 16 57 1
B 16 63 1
B 16 66 1
B 16 73 1
P 17 0.010
B 17 15 1
B 17 18 1
B 17 20 1
B 17 26 1
B 17 32 1
B 17 44 2
B 17 45 1
P 18 0.010
B 18 3 1
B 18 5 1
B 18 9 1
B 18 13 1
B 18 14 1
B 18 15 1
B 18 17 1
B 18 18 1
B 18 24 1
B 18 26 1
B 18 29 1
B 18 31 1
B 18 32 1
B 18 33 1
B 18 34 1
B 18 36 1
B 18 42 1
B 18 45 1
B 18 58 1
B 18 72 1
P 19 0.010
B 19 6 1
B 19 14 1
B 19 15 1
B 19 17 1
B 19 22 1
B 19 25 1
B 19 30 1
B 19 33 1
B 19 42 1
B 19 49 1
B 19 68 1
P 20 0.010
B 20 1 1
B 20 8 1
B 20 13 1
B 20 14 1
B 20 18 2
B 20 23 1
B 20 26 1
B 20 27 1
B 20 29 1
B 20 55 1
B 20 65 1
P 21 0.010
B 21 9 2
B 21 13 2
B 21 14 1
B 21 16 1
B 21 17 1
B 21 21 1
B 21 24 1
B 21 26 1
B 21 34 1
B 21 36 1
B 21 42 1
B 21 59 2
B 21 71 1
P 22 0.010
B 22 3 1
B 22 13 3
B 22 15 1
B 22 16 1
B 22 26 2
B 22 31 1
B 22 32 1
B 22 33 1
B 22 34 1
B 22 36 1
B 22 42 1
B 22 53 1
B 22 71 1
P 23 0.010
B 23 0 1
B 23 2 2
B 23 3 1
B 23 18 1
B 23 21 2
B 23 22 1
B 23 28 1
B 23 32 2
B 23 42 2
B 23 44 1
B 23 52 1
B 23 53 1
B 23 72 1
P 24 0.010
B 24 8 1
B 24 32 2
P 25 0.010
B 25 13 1
B 25 14 2
B 25 18 1
B 25 22 1
B 25 24 1
B 25 26 1
B 25 32 1
B 25 36 1
B 25 45 1
B 25 59 1
B 25 73 1
P 26 0.010
B 26 2 1
B 26 8 1
B 26 13 1
B 26 17 1
B 26 28 1
B 26 32 1
B 26 36 1
B 26 60 1
P 27 0.010
B 27 9 1
B 27 15 1
B 27 16 1
B 27 22 1
B 27 27 2
B 27 33 2
B 27 42 2
B 27 44 2
B 27 45 1
B 27 49 1
B 27 73 1
P 28 0.010
B 28 3 2
B 28 13 2
B 28 14 2
B 28 20 1
B 28 22 1
B 28 55 1
P 29 0.010
B 29 2 2
B 29 3 1
B 29 8 1
B 29 13 1
B 29 23 1
B 29 32 2
B 29 34 1
B 29 36 1
B 29 71 1
P 30 0.010
B 30 2 2
B 30 5 1
B 30 8 1
B 30 11 1
B 30 13 1
B 30 15 1
B 30 32 1
B 30 36 1
B 30 47 1
B 30 56 1
P 31 0.010
B 31 3 1
B 31 13 1
B 31 14 1
B 31 15 1
B 31 20 1
B 31 21 1
B 31 22 2
B 31 23 1
B 31 24 1
B 31 25 1
B 31 30 1
B 31 31 2
B 31 32 1
B 31 33 1
B 31 44 1
B 31 45 1
B 31 52 1
B 31 56 1
B 31 59 1
P 32 0.010
B 32 2 1
B 32 15 2
B 32 23 1
B 32 26 1
B 32 29 1
B 32 32 1
B 32 58 1
B 32 65 1
P 33 0.010
B 33 9 1
B 33 13 3
B 33 14 1
B 33 29 2
B 33 33 1
B 33 42 1
B 33 43 1
B 33 51 1
B 33 54 1
B 33 59 1
P 34 0.010
B 34 8 1
B 34 15 2
B 34 16 1
B 34 26 1
B 34 29 1
B 34 32 1
B 34 33 1
B 34 56 1
B 34 72 1
P 35 0.010
B 35 3 1
B 35 23 1
B 35 26 1
B 35 27 1
B 35 28 1
B 35 29 1
B 35 44 1
B 35 68 1
P 36 0.010
B 36 22 1
B 36 26 2
B 36 61 1
B 36 64 1
B 36 65 1
B 36 70 1
P 37 0.010
B 37 3 1
B 37 13 1
B 37 16 1
B 37 18 1
B 37 27 1
B 37 29 1
B 37 30 1
B 37 32 1
B 37 45 3
B 37 59 1
P 38 0.010
B 38 8 1
B 38 13 1
B 38 14 2
B 38 15 1
B 38 16 2
B 38 18 1
B 38 22 1
B 38 30 1
B 38 32 1
B 38 34 1
B 38 44 1
B 38 45 1
B 38 59 1
B 38 72 1
P 39 0.010
B 39 2 1
B 39 16 1
B 39 22 1
B 39 23 1
B 39 26 1
B 39 30 1
B 39 32 1
B 39 69 1
B 39 70 1
P 40 0.010
B 40 18 1
B 40 22 1
B 40 26 1
B 40 36 1
B 40 44 1
B 40 45 1
B 40 52 1
B 40 63 1
P 41 0.010
B 41 13 2
B 41 15 2
B 41 16 1
B 41 17 1
B 41 21 1
B 41 27 1
B 41 31 1
B 41 32 1
B 41 33 1
B 41 45 1
B 41 70 1
P 42 0.010
B 42 3 1
B 42 13 2
B 42 26 1
B 42 27 1
B 42 32 1
B 42 45 1
B 42 50 1
B 42 55 1
B 42 60 1
B 42 63 1
P 43 0.010
B 43 2 1
B 43 17 1
B 43 23 1
B 43 28 1
B 43 29 1
B 43 32 1
B 43 33 1
B 43 44 2
B 43 72 1
P 44 0.010
B 44 3 3
B 44 13 1
B 44 14 1
B 44 26 1
B 44 31 2
B 44 45 1
B 44 50 1
B 44 51 1
B 44 54 1
B 44 71 1
P 45 0.010
B 45 5 1
B 45 16 1
B 45 26 1
B 45 31 1
B 45 32 2
B 45 45 2
B 45 53 1
B 45 57 1
B 45 58 1
B 45 62 1
B 45 72 1
P 46 0.010
B 46 8 1
B 46 9 1
B 46 21 2
B 46 25 1
B 46 29 1
B 46 30 1
B 46 44 1
B 46 45 1
B 46 55 1
B 46 57 1
P 47 0.010
B 47 3 1
B 47 8 1
B 47 13 1
B 47 15 2
B 47 16 1
B 47 21 1
B 47 26 2
B 47 27 1
B 47 31 1
B 47 36 1
B 47 44 1
B 47 49 1
B 47 60 1
B 47 71 1
P 48 0.010
B 48 8 3
B 48 15 2
B 48 24 1
B 48 27 1
B 48 31 1
B 48 49 1
B 48 60 1
B 48 69 1
P 49 0.010
B 49 13 2
B 49 14 1
B 49 18 2
B 49 29 1
B 49 42 1
B 49 44 2
B 49 45 1
B 49 57 1
B 49 60 1
P 50 0.010
B 50 13 1
B 50 16 1
B 50 18 1
B 50 19 1
B 50 20 1
B 50 24 1
B 50 26 1
B 50 28 3
B 50 31 1
B 50 34 1
B 50 42 1
B 50 45 1
B 50 61 1
P 51 0.010
B 51 3 1
B 51 8 1
B 51 13 1
B 51 16 1
B 51 24 1
B 51 28 1
B 51 32 1
B 51 36 1
B 51 44 1
B 51 54 1
B 51 65 1
B 51 69 1
B 51 72 2
P 52 0.010
B 52 8 1
B 52 14 1
B 52 16 1
B 52 22 1
B 52 23 1
B 52 24 1
B 52 25 2
B 52 33 1
B 52 42 1
B 52 54 1
B 52 57 1
B 52 72 1
P 53 0.010
B 53 14 1
B 53 24 2
B 53 29 1
B 53 30 1
B 53 36 1
B 53 37 1
B 53 42 1
P 54 0.010
B 54 0 1
B 54 1 1
B 54 3 1
B 54 12 1
B 54 13 3
B 54 14 1
B 54 15 1
B 54 17 1
B 54 18 2
B 54 20 1
B 54 23 1
B 54 24 1
B 54 26 1
B 54 27 1
B 54 31 1
B 54 32 1
B 54 33 3
B 54 36 4
B 54 42 2
B 54 44 1
B 54 45 2
B 54 49 2
B 54 55 2
B 54 57 1
B 54 58 1
B 54 72 1
P 55 0.010
B 55 3 2
B 55 13 2
B 55 15 3
B 55 20 1
B 55 21 1
B 55 22 1
B 55 23 1
B 55 24 1
B 55 26 2
B 55 30 2
B 55 36 1
B 55 37 2
B 55 38 2
B 55 42 1
B 55 44 2
B 55 45 2
B 55 72 1
P 56 0.010
B 56 1 1
B 56 2 1
B 56 5 1
B 56 6 1
B 56 13 3
B 56 14 3
B 56 16 1
B 56 17 1
B 56 18 3
B 56 27 1
B 56 28 1
B 56 31 1
B 56 34 1
B 56 36 1
B 56 38 2
B 56 40 1
B 56 41 1
B 56 42 2
B 56 44 2
B 56 45 1
B 56 55 1
B 56 57 1
B 56 58 1
B 56 69 1
B 56 73 1
P 57 0.010
B 57 2 1
B 57 8 1
B 57 15 1
B 57 16 3
B 57 17 1
B 57 18 1
B 57 23 1
B 57 26 1
B 57 28 1
B 57 29 1
B 57 30 1
B 57 32 5
B 57 34 1
B 57 40 1
B 57 42 2
B 57 43 2
B 57 44 1
B 57 45 1
B 57 49 1
B 57 51 1
B 57 55 1
B 57 56 1
B 57 68 1
P 58 0.010
B 58 3 2
B 58 5 1
B 58 8 2
B 58 9 1
B 58 10 1
B 58 11 1
B 58 13 1
B 58 14 1
B 58 15 1
B 58 16 2
B 58 17 2
B 58 18 1
B 58 20 1
B 58 21 1
B 58 28 1
B 58 29 2
B 58 31 1
B 58 41 1
B 58 42 2
B 58 45 3
B 58 54 1
B 58 56 1
B 58 59 1
B 58 60 1
B 58 68 1
B 58 70 1
B 58 72 1
P 59 0.010
B 59 9 2
B 59 13 2
B 59 14 2
B 59 15 2
B 59 17 1
B 59 18 1
B 59 21 2
B 59 25 2
B 59 26 1
B 59 28 2
B 59 29 1
B 59 30 1
B 59 32 1
B 59 42 1
B 59 45 2
B 59 49 1
B 59 57 1
B 59 69 1
P 60 0.010
B 60 8 1
B 60 13 1
B 60 14 1
B 60 15 1
B 60 16 1
B 60 20 1
B 60 28 1
B 60 31 1
B 60 33 1
B 60 37 1
B 60 42 1
B 60 45 1
B 60 49 2
B 60 54 1
B 60 59 1
B 60 66 2
P 61 0.010
B 61 3 1
B 61 5 1
B 61 8 1
B 61 13 2
B 61 14 1
B 61 15 1
B 61 22 1
B 61 28 1
B 61 29 1
B 61 44 3
B 61 45 4
B 61 54 2
B 61 57 1
P 62 0.010
B 62 2 1
B 62 3 3
B 62 13 1
B 62 14 2
B 62 30 1
B 62 32 1
B 62 34 1
B 62 36 1
B 62 38 1
B 62 39 1
B 62 42 2
B 62 44 3
B 62 45 2
B 62 50 1
B 62 69 2
B 62 70 1
B 62 73 1
P 63 0.010
B 63 1 1
B 63 3 3
B 63 5 1
B 63 14 1
B 63 15 1
B 63 18 1
B 63 20 1
B 63 21 2
B 63 22 1
B 63 24 1
B 63 25 1
B 63 29 1
B 63 31 2
B 63 33 1
B 63 36 1
B 63 37 1
B 63 44 1
B 63 61 1
B 63 62 1
P 64 0.010
B 64 3 1
B 64 5 1
B 64 9 1
B 64 15 2
B 64 16 1
B 64 18 1
B 64 20 1
B 64 22 1
B 64 23 1
B 64 27 1
B 64 31 1
B 64 44 2
B 64 47 1
P 65 0.010
B 65 3 1
B 65 13 1
B 65 14 1
B 65 19 1
B 65 20 1
B 65 21 1
B 65 23 1
B 65 25 1
B 65 26 1
B 65 28 1
B 65 29 1
B 65 31 1
B 65 32 1
B 65 44 1
B 65 45 2
B 65 51 1
B 65 54 1
B 65 56 1
B 65 59 1
B 65 63 1
B 65 64 1
P 66 0.010
B 66 2 2
B 66 3 1
B 66 8 1
B 66 14 1
B 66 16 1
B 66 17 1
B 66 24 2
B 66 28 1
B 66 31 2
B 66 34 2
B 66 36 1
B 66 39 1
B 66 45 1
B 66 53 1
B 66 57 1
B 66 59 1
B 66 70 1
P 67 0.010
B 67 3 2
B 67 13 1
B 67 15 1
B 67 17 1
B 67 18 1
B 67 22 2
B 67 23 2
B 67 26 1
B 67 29 1
B 67 30 1
B 67 31 1
B 67 65 1
B 67 72 2
P 68 0.010
B 68 2 1
B 68 13 3
B 68 14 1
B 68 15 1
B 68 16 2
B 68 20 1
B 68 21 1
B 68 22 1
B 68 23 1
B 68 24 1
B 68 26 1
B 68 27 1
B 68 28 1
B 68 29 1
B 68 32 1
B 68 42 1
B 68 44 1
B 68 45 1
B 68 54 1
B 68 65 1
B 68 71 1
P 69 0.010
B 69 3 1
B 69 7 1
B 69 15 1
B 69 16 2
B 69 21 1
B 69 27 1
B 69 28 1
B 69 30 1
B 69 32 1
B 69 33 1
B 69 38 1
B 69 44 1
B 69 45 1
B 69 46 1
B 69 50 1
B 69 52 1
B 69 54 1
B 69 60 1
B 69 65 1
P 70 0.010
B 70 3 1
B 70 5 1
B 70 8 1
B 70 13 1
B 70 14 3
B 70 15 1
B 70 18 1
B 70 20 1
B 70 21 1
B 70 22 1
B 70 27 1
B 70 29 1
B 70 36 2
B 70 38 1
B 70 42 2
B 70 45 1
B 70 53 3
B 70 56 1
B 70 59 1
B 70 60 1
B 70 61 1
B 70 66 1
B 70 68 1
B 70 70 2
B 70 72 1
P 71 0.010
B 71 13 1
B 71 14 2
B 71 15 2
B 71 18 2
B 71 21 1
B 71 22 1
B 71 27 2
B 71 31 1
B 71 37 1
B 71 55 1
B 71 56 1
P 72 0.010
B 72 1 3
B 72 2 2
B 72 8 1
B 72 14 2
B 72 15 2
B 72 17 1
B 72 21 1
B 72 22 1
B 72 26 1
B 72 30 1
B 72 33 1
B 72 36 1
B 72 71 1
P 73 0.010
B 73 2 1
B 73 16 1
B 73 17 1
B 73 18 2
B 73 22 2
B 73 28 1
B 73 36 1
B 73 38 1
B 73 40 1
B 73 42 1
B 73 43 1
B 73 44 1
B 73 58 1
B 73 61 1
B 73 70 1
B 73 72 1
P 74 0.010
B 74 2 2
B 74 5 1
B 74 8 1
B 74 18 2
B 74 22 2
B 74 26 1
B 74 27 1
B 74 37 1
B 74 42 1
B 74 43 1
B 74 44 1
B 74 60 1
P 75 0.010
B 75 3 1
B 75 8 1
B 75 13 1
B 75 17 2
B 75 32 1
B 75 36 1
B 75 54 1
B 75 57 1
B 75 61 1
B 75 66 1
B 75 72 1
P 76 0.010
B 76 1 1
B 76 9 1
B 76 13 1
B 76 21 1
B 76 23 1
B 76 25 1
B 76 26 1
B 76 29 1
B 76 30 1
B 76 44 1
B 76 45 1
B 76 61 1
B 76 66 1
B 76 68 1
P 77 0.010
B 77 2 1
B 77 3 2
B 77 13 1
B 77 15 1
B 77 16 1
B 77 23 1
B 77 26 1
B 77 27 2
B 77 28 1
B 77 32 1
B 77 33 1
B 77 34 1
B 77 36 1
B 77 40 1
B 77 42 2
B 77 44 1
B 77 48 1
B 77 57 1
B 77 70 2
B 77 73 1
P 78 0.010
B 78 1 1
B 78 2 1
B 78 3 2
B 78 8 1
B 78 18 1
B 78 21 1
B 78 23 1
B 78 24 1
B 78 27 1
B 78 30 1
B 78 32 1
B 78 42 2
B 78 43 1
B 78 44 2
B 78 56 1
B 78 69 1
P 79 0.010
B 79 3 1
B 79 8 1
B 79 15 2
B 79 22 1
B 79 23 1
B 79 26 3
B 79 27 1
B 79 28 1
B 79 41 1
B 79 44 1
B 79 45 1
B 79 72 1
P 80 0.010
B 80 2 1
B 80 3 1
B 80 15 2
B 80 16 1
B 80 17 2
B 80 20 1
B 80 22 1
B 80 23 2
B 80 24 1
B 80 25 1
B 80 28 1
B 80 33 1
B 80 72 1
P 81 0.010
B 81 2 1
B 81 3 1
B 81 14 1
B 81 16 1
B 81 18 1
B 81 21 1
B 81 23 1
B 81 26 2
B 81 31 1
B 81 32 3
B 81 39 1
B 81 42 1
B 81 43 1
B 81 49 1
B 81 55 1
B 81 62 1
B 81 63 1
P 82 0.010
B 82 3 3
B 82 16 1
B 82 17 1
B 82 18 1
B 82 24 1
B 82 25 1
B 82 30 2
B 82 33 1
B 82 36 1
B 82 44 1
B 82 52 1
B 82 53 1
B 82 60 1
B 82 68 1
B 82 70 1
B 82 72 1
P 83 0.010
B 83 0 1
B 83 2 2
B 83 3 1
B 83 10 1
B 83 14 1
B 83 15 1
B 83 17 1
B 83 23 1
B 83 27 1
B 83 31 1
B 83 33 1
B 83 45 1
B 83 63 1
B 83 66 2
B 83 69 1
P 84 0.010
B 84 3 1
B 84 5 1
B 84 8 2
B 84 14 1
B 84 31 1
B 84 33 1
B 84 44 1
B 84 57 2
P 85 0.010
B 85 1 1
B 85 3 2
B 85 12 1
B 85 14 1
B 85 15 2
B 85 18 1
B 85 21 1
B 85 22 1
B 85 26 1
B 85 27 1
B 85 28 1
B 85 31 1
B 85 32 2
B 85 36 1
B 85 41 1
B 85 44 1
B 85 45 3
B 85 49 1
B 85 51 1
B 85 68 1
P 86 0.010
B 86 2 1
B 86 13 4
B 86 15 1
B 86 20 1
B 86 22 1
B 86 24 1
B 86 28 1
B 86 29 1
B 86 42 1
B 86 58 1
B 86 61 1
B 86 68 1
P 87 0.010
B 87 1 1
B 87 3 1
B 87 5 1
B 87 8 1
B 87 14 2
B 87 16 1
B 87 18 2
B 87 26 1
B 87 28 1
B 87 29 1
B 87 31 1
B 87 37 1
B 87 70 1
P 88 0.010
B 88 2 2
B 88 3 1
B 88 15 3
B 88 17 1
B 88 18 1
B 88 20 1
B 88 21 1
B 88 22 2
B 88 25 1
B 88 28 2
B 88 30 2
B 88 31 1
B 88 34 1
B 88 38 1
B 88 44 1
B 88 55 1
B 88 56 1
B 88 59 1
B 88 68 1
P 89 0.010
B 89 8 1
B 89 13 1
B 89 14 1
B 89 15 1
B 89 17 1
B 89 25 1
B 89 26 1
B 89 27 1
B 89 31 1
B 89 35 1
B 89 42 1
B 89 44 2
B 89 56 1
B 89 59 1
B 89 60 1
B 89 68 1
B 89 72 1
P 90 0.010
B 90 2 1
B 90 11 1
B 90 13 1
B 90 15 1
B 90 16 1
B 90 18 1
B 90 24 1
B 90 25 1
B 90 27 2
B 90 28 1
B 90 29 1
B 90 31 3
B 90 34 1
B 90 44 2
B 90 45 1
B 90 52 1
B 90 55 1
P 91 0.010
B 91 3 1
B 91 5 1
B 91 18 1
B 91 20 1
B 91 22 1
B 91 25 1
B 91 26 1
B 91 27 2
B 91 30 1
B 91 31 2
B 91 49 1
B 91 51 1
B 91 53 2
B 91 59 1
B 91 68 1
P 92 0.010
B 92 13 2
B 92 21 1
B 92 23 1
B 92 28 1
B 92 29 1
B 92 30 1
B 92 33 1
B 92 34 1
B 92 41 1
B 92 43 1
B 92 59 1
B 92 60 1
B 92 69 2
P 93 0.010
B 93 13 1
B 93 14 1
B 93 15 1
B 93 16 1
B 93 17 1
B 93 18 1
B 93 27 1
B 93 28 2
B 93 30 2
B 93 32 1
B 93 35 1
B 93 42 1
B 93 43 1
B 93 59 1
B 93 72 2
P 94 0.010
B 94 0 1
B 94 2 1
B 94 13 1
B 94 15 1
B 94 17 1
B 94 20 1
B 94 28 1
B 94 29 2
B 94 30 1
B 94 42 1
B 94 45 1
B 94 57 1
B 94 70 1
P 95 0.010
B 95 2 1
B 95 18 2
B 95 21 1
B 95 22 1
B 95 23 1
B 95 26 1
B 95 29 1
B 95 31 1
B 95 45 2
B 95 49 2
B 95 66 1
P 96 0.010
B 96 2 1
B 96 17 1
B 96 18 2
B 96 20 1
B 96 23 1
B 96 27 1
B 96 31 1
B 96 36 1
B 96 41 1
B 96 45 1
B 96 50 1
B 96 55 1
B 96 56 1
P 97 0.010
B 97 3 1
B 97 8 1
B 97 11 1
B 97 15 1
B 97 18 2
B 97 20 1
B 97 21 2
B 97 27 1
B 97 37 1
B 97 42 1
B 97 44 1
B 97 45 1
B 97 49 1
B 97 69 1
P 98 0.010
B 98 13 1
B 98 24 1
B 98 28 1
B 98 29 1
B 98 30 1
B 98 44 1
B 98 69 1
P 99 0.010
B 99 1 1
B 99 2 2
B 99 3 1
B 99 16 1
B 99 20 1
B 99 23 1
B 99 27 1
B 99 28 1
B 99 31 1
B 99 45 1
B 99 49 2
