353 964 128
N 0 -5.493716 -38.262363 29,110
N 1 -5.496674 -38.262487 73,110
N 2 -5.510225 -38.263788 127
N 3 -5.516019 -38.268638 122,121,74
N 4 -5.518938 -38.270743 97,75,117,0
N 5 -5.531323 -38.272333 -1
N 6 -5.517860 -38.273936 76,30,127
N 7 -5.517966 -38.273351 31,76,127
N 8 -5.518212 -38.272662 31,77,98,127
N 9 -5.518403 -38.272146 78,32,98
N 10 -5.518738 -38.271223 78,32,75,117
N 11 -5.516143 -38.270191 -1
N 12 -5.520344 -38.271819 33,34,75,118
N 13 -5.520923 -38.272044 33,35,118
N 14 -5.521657 -38.272298 35,36,111,118
N 15 -5.523250 -38.272868 -1
N 16 -5.520624 -38.275521 -1
N 17 -5.520750 -38.274958 37,125
N 18 -5.520842 -38.274566 38,37,125,39
N 19 -5.521328 -38.273131 40,35,41,36
N 20 -5.521828 -38.271845 42,79,111,118
N 21 -5.521652 -38.275107 37,125
N 22 -5.521683 -38.274712 37,39
N 23 -5.521696 -38.273877 41,39
N 24 -5.521696 -38.273245 41,36
N 25 -5.519831 -38.274367 1,125,119
N 26 -5.520168 -38.274427 38,125,119
N 27 -5.522151 -38.274748 -1
N 28 -5.520388 -38.273663 38,40,119
N 29 -5.520623 -38.272912 33,40,35,119
N 30 -5.520032 -38.272708 33,34,98,119
N 31 -5.519557 -38.272536 34,32,98
N 32 -5.517376 -38.271827 -1
N 33 -5.516455 -38.272050 -1
N 34 -5.519831 -38.273212 31,98,119
N 35 -5.520519 -38.271358 97,75,118
N 36 -5.517209 -38.273257 -1
N 37 -5.519609 -38.273606 31,76,119
N 38 -5.522795 -38.275353 -1
N 39 -5.516786 -38.269202 112,80,74
N 40 -5.516988 -38.268696 80,43,74,2
N 41 -5.517323 -38.267633 122,44,45
N 42 -5.517510 -38.267095 46,122,45,47
N 43 -5.517675 -38.266565 3,46,126,47
N 44 -5.517876 -38.269593 80,81,99
N 45 -5.518056 -38.269037 48,80,43,81
N 46 -5.518215 -38.268494 82,48,44,43
N 47 -5.518383 -38.267975 82,49,44,45
N 48 -5.518360 -38.270334 117,0,99
N 49 -5.518539 -38.267442 46,49,45,100
N 50 -5.518691 -38.266907 46,126,100
N 51 -5.519212 -38.270087 83,81,99
N 52 -5.519448 -38.269490 50,48,123,81
N 53 -5.519640 -38.268910 82,48,123
N 54 -5.519796 -38.268428 82,49,123
N 55 -5.519950 -38.267925 49,123,100
N 56 -5.521797 -38.270878 113,51,101
N 57 -5.521984 -38.271468 42,51,102,79
N 58 -5.522138 -38.270971 51,102,101
N 59 -5.522272 -38.268686 123,84,100
N 60 -5.522267 -38.271013 102,52
N 61 -5.522436 -38.272068 42,53,111
N 62 -5.522581 -38.271666 42,53,102
N 63 -5.523059 -38.271291 53,102
N 64 -5.523184 -38.272357 111
N 65 -5.524029 -38.269676 123,84
N 66 -5.524266 -38.269458 4,114
N 67 -5.524539 -38.268842 114
N 68 -5.524632 -38.259688 85,103
N 69 -5.525702 -38.260358 5,54
N 70 -5.526516 -38.251592 108
N 71 -5.525736 -38.260853 54
N 72 -5.524452 -38.260844 55,85,126
N 73 -5.525063 -38.260861 55,85,86,56
N 74 -5.525083 -38.260302 85,103,56
N 75 -5.524467 -38.261168 55,6,126
N 76 -5.525057 -38.261194 55,6,86
N 77 -5.524386 -38.259567 85,126
N 78 -5.516356 -38.263073 104,7
N 79 -5.516294 -38.260963 104
N 80 -5.525808 -38.259169 103
N 81 -5.524745 -38.259065 103
N 82 -5.519041 -38.270521 83,97,0,99
N 83 -5.518110 -38.272079 77,78,127
N 84 -5.518636 -38.271181 78,117,127
N 85 -5.522972 -38.272753 111
N 86 -5.521101 -38.273773 38,40,41,39
N 87 -5.522989 -38.274056 -1
N 88 -5.519468 -38.274288 76,1,8,119
N 89 -5.519396 -38.274453 1,125,8,30
N 90 -5.519189 -38.274972 125,30,127
N 91 -5.519529 -38.275087 -1
N 92 -5.519886 -38.271642 34,32,75
N 93 -5.517933 -38.272559 77,127
N 94 -5.516643 -38.266812 122,115,47
N 95 -5.517016 -38.265688 3,126,105
N 96 -5.516056 -38.266129 87,88,115
N 97 -5.516016 -38.266621 122,89,115
N 98 -5.514622 -38.265785 122,57,106,90
N 99 -5.514252 -38.266547 121,10,9,127
N 100 -5.516700 -38.267439 -1
N 101 -5.521436 -38.271704 58,79,118
N 102 -5.521662 -38.271352 113,51,79
N 103 -5.521565 -38.271316 58,113,79
N 104 -5.521355 -38.271255 58,113,59
N 105 -5.521234 -38.271630 58,59,118
N 106 -5.520595 -38.271028 83,113,97
N 107 -5.520723 -38.270543 50,83,113,101
N 108 -5.516725 -38.270413 117,127
N 109 -5.516876 -38.270172 11,117,127
N 110 -5.516885 -38.269384 112,11,127
N 111 -5.517446 -38.269750 112,117,99
N 112 -5.517577 -38.269487 112,80,99
N 113 -5.521158 -38.285300 125
N 114 -5.521138 -38.283302 125
N 115 -5.522056 -38.283351 -1
N 116 -5.492185 -38.262012 110
N 117 -5.516829 -38.266300 3,115,105,47
N 118 -5.517154 -38.268155 122,44,43,2
N 119 -5.518387 -38.272192 77,78,98
N 120 -5.522851 -38.270485 60,61
N 121 -5.525335 -38.262231 6,86,126
N 122 -5.515258 -38.266171 122,62,89
N 123 -5.517183 -38.273794 -1
N 124 -5.514895 -38.250639 -1
N 125 -5.499110 -38.261542 12,107
N 126 -5.492286 -38.261767 63,110
N 127 -5.516545 -38.267097 -1
N 128 -5.522426 -38.268044 64,126,100
N 129 -5.516036 -38.266341 87,89,115
N 130 -5.515477 -38.266182 91,62,89
N 131 -5.515481 -38.265657 91,90,13
N 132 -5.515816 -38.266259 91,87,89
N 133 -5.515827 -38.265653 92,91,87,13
N 134 -5.515840 -38.264524 92,13
N 135 -5.516023 -38.265646 92,87,65,88
N 136 -5.516102 -38.264529 92,66
N 137 -5.496702 -38.262621 67,73,110
N 138 -5.497845 -38.262326 68,67,73
N 139 -5.498263 -38.262208 69,68
N 140 -5.498609 -38.262081 69,107
N 141 -5.496774 -38.263053 14,67
N 142 -5.497040 -38.264199 -1
N 143 -5.496888 -38.263407 14
N 144 -5.497962 -38.262752 14,67
N 145 -5.498511 -38.263186 -1
N 146 -5.496917 -38.257211 -1
N 147 -5.497802 -38.262182 68,73
N 148 -5.498190 -38.262029 69,68
N 149 -5.498510 -38.261871 69,107
N 150 -5.496862 -38.262436 73
N 151 -5.496858 -38.262386 -1
N 152 -5.496014 -38.262514 -1
N 153 -5.496833 -38.262009 -1
N 154 -5.495954 -38.262050 -1
N 155 -5.495933 -38.261642 -1
N 156 -5.520847 -38.270138 50,123,101
N 157 -5.494250 -38.259394 -1
N 158 -5.493839 -38.262587 110
N 159 -5.492945 -38.270265 -1
N 160 -5.515745 -38.268392 121,127
N 161 -5.514674 -38.267964 -1
N 162 -5.514739 -38.267170 121,9,127
N 163 -5.513974 -38.260456 -1
N 164 -5.521061 -38.271567 59,97,118
N 165 -5.521187 -38.271200 113,59,97
N 166 -5.519929 -38.268539 -1
N 167 -5.519774 -38.268494 82,123
N 168 -5.516379 -38.266168 15,115,105
N 169 -5.516297 -38.265477 66,65,126,105
N 170 -5.516240 -38.263750 66,126
N 171 -5.519945 -38.273582 -1
N 172 -5.530430 -38.245035 -1
N 173 -5.528724 -38.251377 108
N 174 -5.525874 -38.258775 -1
N 175 -5.525245 -38.257975 -1
N 176 -5.526012 -38.258283 -1
N 177 -5.525635 -38.258759 -1
N 178 -5.525631 -38.258017 -1
N 179 -5.524246 -38.256149 -1
N 180 -5.524627 -38.255199 -1
N 181 -5.523939 -38.254285 -1
N 182 -5.524472 -38.254255 93
N 183 -5.525072 -38.254248 93
N 184 -5.525288 -38.252212 93
N 185 -5.524807 -38.252288 93
N 186 -5.525694 -38.253495 93
N 187 -5.515501 -38.261607 -1
N 188 -5.515915 -38.262947 -1
N 189 -5.515834 -38.261524 -1
N 190 -5.499679 -38.261258 107,127
N 191 -5.542821 -38.277248 116,16
N 192 -5.543664 -38.278025 17,16
N 193 -5.540850 -38.275685 116,70
N 194 -5.539421 -38.275109 94
N 195 -5.539432 -38.275207 94
N 196 -5.539879 -38.275391 70
N 197 -5.540651 -38.276324 116,70,95
N 198 -5.543198 -38.279693 116,17
N 199 -5.541274 -38.283802 -1
N 200 -5.541254 -38.280899 116
N 201 -5.537796 -38.277040 -1
N 202 -5.538831 -38.275032 94
N 203 -5.538242 -38.274687 94
N 204 -5.539714 -38.276820 95
N 205 -5.540538 -38.276674 95
N 206 -5.540610 -38.276644 116,95
N 207 -5.539667 -38.275962 70,95
N 208 -5.543229 -38.278477 116,17,16
N 209 -5.543777 -38.278001 18
N 210 -5.544419 -38.278411 18
N 211 -5.545027 -38.279213 18
N 212 -5.519184 -38.280598 19,125,127
N 213 -5.517240 -38.269613 112,11,117
N 214 -5.518079 -38.272068 77,127
N 215 -5.518693 -38.274131 76,8,30
N 216 -5.523072 -38.272310 53,111
N 217 -5.521709 -38.272317 36,111
N 218 -5.522393 -38.270753 61,52
N 219 -5.522340 -38.270691 123,61,101,52
N 220 -5.523114 -38.270268 60,20,123
N 221 -5.522812 -38.270432 60,123,61
N 222 -5.522190 -38.270988 102,101,52
N 223 -5.523653 -38.270004 20,123
N 224 -5.523146 -38.270317 60,20
N 225 -5.522295 -38.268591 64,84,100
N 226 -5.515096 -38.266025 122,62,90
N 227 -5.519286 -38.270111 50,83,81
N 228 -5.516165 -38.268449 122,74,2
N 229 -5.515479 -38.265864 91,62,90
N 230 -5.515507 -38.262012 21
N 231 -5.515697 -38.262001 21
N 232 -5.515677 -38.261559 -1
N 233 -5.515741 -38.262953 21
N 234 -5.516212 -38.263077 104
N 235 -5.516119 -38.260915 104
N 236 -5.514323 -38.260344 -1
N 237 -5.517155 -38.261123 -1
N 238 -5.516345 -38.263097 104,7,126
N 239 -5.517500 -38.262622 7,126
N 240 -5.516313 -38.263183 104,126
N 241 -5.516115 -38.266132 15,88,115
N 242 -5.516310 -38.265839 15,88,105
N 243 -5.516300 -38.265589 65,88,105
N 244 -5.514692 -38.265566 57,90
N 245 -5.516032 -38.265399 92,66,65
N 246 -5.511556 -38.259772 -1
N 247 -5.514380 -38.265673 57,106
N 248 -5.513727 -38.265898 127,22
N 249 -5.514070 -38.266077 106,22
N 250 -5.513972 -38.266202 106,127,22
N 251 -5.514522 -38.265472 57
N 252 -5.514212 -38.266594 9,127
N 253 -5.515864 -38.268544 121,127
N 254 -5.516141 -38.268859 121,127
N 255 -5.492170 -38.261657 63
N 256 -5.493232 -38.262220 63,29,110
N 257 -5.499524 -38.261324 12,107
N 258 -5.516434 -38.269131 121,23,127
N 259 -5.516582 -38.269190 112,23,127
N 260 -5.514275 -38.266514 122,121,10,106
N 261 -5.514123 -38.266376 10,106,127
N 262 -5.516502 -38.269112 112,121,23,74
N 263 -5.524897 -38.263287 -1
N 264 -5.525125 -38.265251 24,114,126
N 265 -5.524531 -38.263762 24,126
N 266 -5.525666 -38.260852 54,86,56
N 267 -5.525740 -38.262287 86,126
N 268 -5.525398 -38.263972 24,114,126
N 269 -5.524528 -38.268585 64,114,126
N 270 -5.524227 -38.269429 4,64,84,114
N 271 -5.525638 -38.260355 5,54,103,56
N 272 -5.525465 -38.263991 114
N 273 -5.524188 -38.269516 4,84
N 274 -5.511137 -38.267072 -1
N 275 -5.525683 -38.260260 5,103
N 276 -5.525428 -38.257958 -1
N 277 -5.525468 -38.258754 -1
N 278 -5.526881 -38.250584 25,108
N 279 -5.527457 -38.250493 26,25,108
N 280 -5.529516 -38.249920 108
N 281 -5.527705 -38.250238 26,108
N 282 -5.527469 -38.250095 26,25
N 283 -5.526113 -38.244952 -1
N 284 -5.525998 -38.246699 -1
N 285 -5.529909 -38.246017 -1
N 286 -5.529149 -38.247228 71
N 287 -5.529325 -38.248133 71
N 288 -5.499167 -38.261396 12
N 289 -5.498963 -38.293261 -1
N 290 -5.527714 -38.294188 27
N 291 -5.525340 -38.294191 27
N 292 -5.527620 -38.297044 27
N 293 -5.521029 -38.277281 125
N 294 -5.518218 -38.282809 96,72,127
N 295 -5.518741 -38.283470 109,96,127
N 296 -5.519240 -38.286118 109,127
N 297 -5.519680 -38.285112 109,125
N 298 -5.532308 -38.274573 -1
N 299 -5.535378 -38.268212 -1
N 300 -5.538454 -38.274767 94
N 301 -5.522359 -38.276823 -1
N 302 -5.521102 -38.275395 -1
N 303 -5.521438 -38.275786 125
N 304 -5.528992 -38.246945 71
N 305 -5.527514 -38.247177 71
N 306 -5.493383 -38.261622 63,29
N 307 -5.493829 -38.261719 29
N 308 -5.494430 -38.261832 -1
N 309 -5.543091 -38.265333 -1
N 310 -5.542924 -38.264991 -1
N 311 -5.507573 -38.298469 120,124
N 312 -5.527977 -38.293114 -1
N 313 -5.511680 -38.286082 -1
N 314 -5.512267 -38.286206 120,127
N 315 -5.519106 -38.283561 28,109,125
N 316 -5.519032 -38.283524 28,109,96
N 317 -5.518606 -38.282363 19,125,72
N 318 -5.517768 -38.282195 19,72,127
N 319 -5.518520 -38.282440 96,125,72
N 320 -5.518611 -38.282914 28,96,125
N 321 -5.519411 -38.286063 109
N 322 -5.519283 -38.286488 -1
N 323 -5.512406 -38.279269 -1
N 324 -5.516107 -38.286775 120,127
N 325 -5.513923 -38.295207 120
N 326 -5.514889 -38.286865 -1
N 327 -5.514169 -38.295325 -1
N 328 -5.508299 -38.298699 120
N 329 -5.513881 -38.297212 120
N 330 -5.498662 -38.262055 107,127
N 331 -5.502218 -38.266416 124,127
N 332 -5.504525 -38.270043 124,127
N 333 -5.504610 -38.271636 124,127
N 334 -5.504632 -38.271915 124,127
N 335 -5.507195 -38.272124 124,127
N 336 -5.504322 -38.272601 -1
N 337 -5.505710 -38.267022 -1
N 338 -5.507723 -38.286243 120,124,127
N 339 -5.507280 -38.283207 124,127
N 340 -5.506901 -38.282107 124,127
N 341 -5.510590 -38.286356 120,127
N 342 -5.511359 -38.287804 -1
N 343 -5.504850 -38.286275 124
N 344 -5.505406 -38.284918 124
N 345 -5.505748 -38.283941 124
N 346 -5.505700 -38.283244 124
N 347 -5.500440 -38.276354 124
N 348 -5.504439 -38.279285 -1
N 349 -5.501068 -38.293757 124
N 350 -5.496360 -38.297997 -1
N 351 -5.495704 -38.298040 -1
N 352 -5.497546 -38.297771 -1
A 0 307 72.506 -1
A 0 256 56.033 29
A 0 1 335.608 110
A 1 0 335.608 -1
A 1 137 15.166 110
A 1 150 21.655 73
A 2 190 1229.817 -1
A 2 248 462.315 127
A 2 246 574.308 -1
A 3 228 26.488 74
A 3 260 304.782 122
A 3 262 75.382 121
A 4 82 27.100 97
A 4 10 57.533 117
A 4 48 78.661 0
A 4 35 188.601 75
A 5 64 932.161 -1
A 5 203 832.609 -1
A 5 298 346.177 -1
A 6 123 76.806 -1
A 6 215 95.109 30
A 6 90 221.999 127
A 6 7 65.851 76
A 7 6 65.851 127
A 7 37 184.815 76
A 7 36 84.866 -1
A 7 8 81.105 31
A 8 7 81.105 127
A 8 34 190.102 31
A 8 93 32.949 77
A 8 119 55.528 98
A 9 31 135.430 98
A 9 10 108.764 32
A 9 119 5.389 78
A 10 4 57.533 75
A 10 9 108.764 78
A 10 92 135.822 32
A 10 84 12.202 117
A 11 108 69.338 -1
A 12 13 68.986 33
A 12 92 54.624 75
A 12 35 54.517 118
A 12 30 104.385 34
A 13 12 68.986 118
A 13 14 86.407 35
A 13 29 101.689 33
A 14 13 86.407 118
A 14 217 6.128 36
A 14 20 53.645 111
A 14 19 99.203 35
A 15 85 33.366 -1
A 16 17 63.903 -1
A 17 16 63.903 -1
A 17 18 44.535 37
A 17 21 101.687 125
A 18 17 44.535 125
A 18 22 94.970 37
A 18 26 76.463 38
A 18 86 92.328 39
A 19 14 99.203 36
A 19 86 75.448 40
A 19 29 82.037 35
A 19 24 42.863 41
A 20 14 53.645 118
A 20 101 46.259 79
A 20 61 71.966 111
A 20 57 45.165 42
A 21 17 101.687 37
A 21 38 129.959 -1
A 21 22 43.860 -1
A 21 303 78.978 125
A 22 18 94.970 39
A 22 21 43.860 37
A 22 23 92.483 -1
A 22 27 52.199 -1
A 23 22 92.483 39
A 23 24 69.916 -1
A 23 86 67.186 41
A 23 87 145.126 -1
A 24 19 42.863 36
A 24 23 69.916 41
A 24 217 102.709 -1
A 25 26 38.102 125
A 25 88 41.246 119
A 25 89 62.784 1
A 26 18 76.463 125
A 26 25 38.102 119
A 26 28 88.005 38
A 27 22 52.199 -1
A 28 26 88.005 119
A 28 171 50.043 -1
A 28 86 80.156 38
A 28 29 87.072 40
A 29 13 101.689 35
A 29 19 82.037 40
A 29 28 87.072 119
A 29 30 69.512 33
A 30 12 104.385 33
A 30 29 69.512 119
A 30 31 56.092 34
A 30 34 60.472 98
A 31 9 135.430 32
A 31 30 56.092 98
A 31 92 105.460 34
A 32 214 82.656 -1
A 33 93 173.794 -1
A 34 8 190.102 98
A 34 30 60.472 119
A 34 37 54.260 31
A 35 4 188.601 97
A 35 12 54.517 75
A 35 164 64.514 118
A 36 7 84.866 -1
A 37 7 184.815 31
A 37 34 54.260 119
A 37 88 80.703 76
A 38 21 129.959 -1
A 39 112 93.542 112
A 39 40 60.384 80
A 39 262 33.199 74
A 40 39 60.384 74
A 40 45 124.596 80
A 40 118 62.610 43
A 40 228 95.517 2
A 41 47 123.772 44
A 41 100 72.544 -1
A 41 42 63.089 45
A 41 118 60.817 122
A 42 41 63.089 122
A 42 43 61.448 46
A 42 94 101.303 47
A 42 49 120.725 45
A 43 42 61.448 47
A 43 117 98.589 3
A 43 50 119.133 46
A 43 95 161.764 126
A 44 112 35.208 80
A 44 51 158.255 99
A 44 45 64.778 81
A 45 40 124.596 43
A 45 44 64.778 80
A 45 52 162.733 81
A 45 46 62.650 48
A 46 45 62.650 43
A 46 53 165.083 48
A 46 118 123.770 44
A 46 47 60.411 82
A 47 41 123.772 45
A 47 46 60.411 44
A 47 54 164.945 82
A 47 49 61.443 49
A 48 4 78.661 117
A 48 82 78.531 0
A 48 111 120.448 99
A 49 42 120.725 46
A 49 47 61.443 45
A 49 50 61.595 100
A 49 55 165.729 49
A 50 43 119.133 126
A 50 49 61.595 46
A 50 128 437.282 100
A 51 44 158.255 81
A 51 227 8.661 83
A 51 82 51.709 99
A 52 45 162.733 48
A 52 53 67.658 123
A 52 156 187.360 50
A 52 227 71.160 81
A 53 46 165.083 82
A 53 52 67.658 48
A 53 167 48.351 123
A 54 47 164.945 49
A 54 55 58.232 123
A 54 167 7.746 82
A 55 49 165.729 100
A 55 54 58.232 49
A 55 59 271.626 123
A 56 102 54.564 113
A 56 107 125.060 101
A 56 58 39.214 51
A 57 20 45.165 79
A 57 102 38.048 51
A 57 62 69.943 42
A 57 58 57.664 102
A 58 56 39.214 101
A 58 57 57.664 51
A 58 222 6.081 102
A 59 55 271.626 100
A 59 225 10.778 84
A 59 65 236.951 123
A 60 222 8.994 52
A 60 63 93.266 102
A 60 218 32.600 -1
A 61 20 71.966 42
A 61 62 47.328 53
A 61 216 75.639 111
A 62 57 69.943 102
A 62 61 47.328 42
A 62 63 90.075 53
A 63 60 93.266 -1
A 63 62 90.075 102
A 63 216 137.804 53
A 64 5 932.161 -1
A 64 216 13.533 -1
A 64 85 49.750 111
A 65 59 236.951 84
A 65 273 25.029 -1
A 65 223 55.412 123
A 66 270 5.368 114
A 66 67 76.176 -1
A 66 273 10.717 4
A 67 66 76.176 114
A 67 310 2352.539 -1
A 67 272 546.760 -1
A 68 77 30.472 -1
A 68 81 70.130 103
A 68 74 88.730 85
A 69 271 7.091 5
A 69 275 11.033 -1
A 69 71 54.971 54
A 70 173 255.805 -1
A 70 186 230.198 -1
A 70 278 120.459 108
A 71 266 7.762 54
A 71 69 54.971 -1
A 71 272 351.520 -1
A 72 75 35.897 126
A 72 73 67.975 55
A 72 77 141.551 85
A 73 72 67.975 85
A 73 266 67.057 86
A 73 74 61.863 56
A 73 76 36.884 55
A 74 68 88.730 103
A 74 73 61.863 85
A 74 271 62.070 56
A 75 72 35.897 55
A 75 76 65.710 6
A 75 121 208.827 126
A 76 73 36.884 86
A 76 75 65.710 55
A 76 121 124.390 6
A 77 68 30.472 85
A 77 72 141.551 126
A 77 239 860.770 -1
A 78 238 2.929 104
A 78 79 233.591 -1
A 78 239 141.048 7
A 79 78 233.591 104
A 79 235 20.169 -1
A 79 237 98.076 -1
A 80 174 44.148 -1
A 80 81 118.744 -1
A 80 275 121.600 103
A 81 68 70.130 -1
A 81 80 118.744 103
A 81 179 363.735 -1
A 82 4 27.100 0
A 82 48 78.531 99
A 82 51 51.709 83
A 82 106 181.708 97
A 83 214 3.641 127
A 83 119 33.198 77
A 83 84 115.344 78
A 84 10 12.202 78
A 84 83 115.344 127
A 84 108 228.797 117
A 85 15 33.366 -1
A 85 64 49.750 -1
A 85 217 148.488 111
A 86 18 92.328 38
A 86 19 75.448 41
A 86 23 67.186 39
A 86 28 80.156 40
A 87 23 145.126 -1
A 88 25 41.246 1
A 88 37 80.703 119
A 88 89 19.934 8
A 88 215 87.989 76
A 89 25 62.784 125
A 89 88 19.934 1
A 89 90 61.879 30
A 89 215 87.532 8
A 90 6 221.999 30
A 90 89 61.879 125
A 90 91 39.860 -1
A 90 212 626.218 127
A 91 90 39.860 -1
A 92 10 135.822 75
A 92 12 54.624 34
A 92 31 105.460 32
A 93 8 32.949 127
A 93 33 173.794 -1
A 93 214 56.688 77
A 94 42 101.303 122
A 94 117 60.340 47
A 94 127 33.367 -1
A 94 97 72.881 115
A 95 43 161.764 3
A 95 117 70.800 105
A 95 169 83.282 126
A 96 129 23.558 87
A 96 241 6.534 115
A 96 135 53.590 88
A 97 94 72.881 122
A 97 129 31.104 115
A 97 122 100.360 89
A 98 260 89.517 106
A 98 244 25.430 90
A 98 247 29.614 57
A 98 226 59.258 122
A 99 260 4.393 121
A 99 162 87.753 9
A 99 252 6.873 127
A 99 261 23.747 10
A 100 41 72.544 -1
A 101 20 46.259 118
A 101 103 45.286 79
A 101 105 24.021 58
A 102 56 54.564 51
A 102 57 38.048 79
A 102 103 11.530 113
A 103 101 45.286 58
A 103 102 11.530 79
A 103 104 24.234 113
A 104 103 24.234 58
A 104 165 19.644 113
A 104 105 43.610 59
A 105 101 24.021 118
A 105 104 43.610 58
A 105 164 20.425 59
A 106 82 181.708 83
A 106 165 68.514 97
A 106 107 55.639 113
A 107 56 125.060 113
A 107 106 55.639 83
A 107 227 166.831 50
A 107 156 46.881 101
A 108 11 69.338 -1
A 108 84 228.797 127
A 108 109 31.484 117
A 109 108 31.484 127
A 109 213 73.961 117
A 109 110 114.520 11
A 110 109 114.520 127
A 110 259 39.992 112
A 110 213 46.929 11
A 111 48 120.448 117
A 111 112 32.580 99
A 111 213 27.421 112
A 112 39 93.542 80
A 112 44 35.208 99
A 112 111 32.580 112
A 113 291 1150.981 -1
A 113 114 221.196 -1
A 113 297 165.887 125
A 114 113 221.196 125
A 114 115 102.261 -1
A 114 293 666.769 -1
A 115 114 102.261 -1
A 116 126 29.312 110
A 116 158 195.085 -1
A 117 43 98.589 47
A 117 94 60.340 115
A 117 95 70.800 3
A 117 168 52.127 105
A 118 40 62.610 2
A 118 41 60.817 44
A 118 46 123.770 43
A 118 228 125.669 122
A 119 8 55.528 77
A 119 9 5.389 98
A 119 83 33.198 78
A 120 221 7.329 60
A 120 224 37.780 -1
A 120 218 58.951 61
A 121 75 208.827 6
A 121 76 124.390 86
A 121 267 45.469 126
A 122 97 100.360 122
A 122 226 24.173 62
A 122 130 24.369 89
A 123 6 76.806 -1
A 124 146 3055.526 -1
A 125 257 52.019 107
A 125 149 75.992 -1
A 125 288 17.744 12
A 126 116 29.312 -1
A 126 255 17.697 63
A 126 256 117.901 110
A 127 94 33.367 -1
A 128 50 437.282 126
A 128 269 249.782 64
A 128 225 62.292 100
A 129 96 23.558 115
A 129 97 31.104 89
A 129 132 26.116 87
A 130 122 24.369 62
A 130 132 38.677 89
A 130 229 35.175 91
A 131 229 22.867 90
A 131 133 38.443 91
A 131 134 156.529 13
A 131 244 88.771 -1
A 132 129 26.116 89
A 132 130 38.677 91
A 132 133 67.105 87
A 133 131 38.443 13
A 133 132 67.105 91
A 133 134 124.989 92
A 133 135 21.907 87
A 134 131 156.529 -1
A 134 133 124.989 13
A 134 136 29.104 92
A 135 96 53.590 87
A 135 133 21.907 92
A 135 245 27.400 65
A 135 243 31.456 88
A 136 134 29.104 -1
A 136 245 96.767 92
A 136 170 87.522 66
A 137 1 15.166 73
A 137 138 131.269 67
A 137 141 48.537 -1
A 137 158 322.403 110
A 138 137 131.269 73
A 138 139 48.258 -1
A 138 147 16.641 68
A 138 144 48.961 67
A 139 138 48.258 68
A 139 148 21.337 69
A 139 145 111.735 -1
A 139 140 40.998 -1
A 140 139 40.998 69
A 140 330 6.504 -1
A 140 149 25.739 107
A 141 137 48.537 67
A 141 144 136.250 14
A 141 143 41.461 -1
A 142 143 89.434 -1
A 143 141 41.461 14
A 143 142 89.434 -1
A 143 144 173.588 -1
A 144 138 48.961 -1
A 144 141 136.250 67
A 144 143 173.588 14
A 145 139 111.735 -1
A 146 124 3055.526 -1
A 146 288 535.430 -1
A 147 138 16.641 73
A 147 150 108.317 -1
A 147 148 46.320 68
A 148 139 21.337 68
A 148 147 46.320 -1
A 148 149 39.666 69
A 149 125 75.992 107
A 149 140 25.739 69
A 149 148 39.666 -1
A 150 1 21.655 -1
A 150 147 108.317 73
A 150 151 5.648 -1
A 151 150 5.648 -1
A 151 153 41.815 -1
A 151 152 94.943 -1
A 152 151 94.943 -1
A 153 151 41.815 -1
A 153 154 97.814 -1
A 153 155 140.877 -1
A 154 153 97.814 -1
A 155 153 140.877 -1
A 156 52 187.360 123
A 156 107 46.881 50
A 156 219 177.547 101
A 157 307 261.955 -1
A 158 116 195.085 110
A 158 137 322.403 -1
A 158 159 985.676 -1
A 159 158 985.676 -1
A 160 253 21.343 127
A 160 161 129.410 -1
A 160 162 175.544 121
A 161 160 129.410 -1
A 162 99 87.753 121
A 162 160 175.544 127
A 162 252 101.529 9
A 163 251 568.975 -1
A 164 35 64.514 97
A 164 105 20.425 118
A 164 165 42.972 59
A 165 104 19.644 59
A 165 106 68.514 113
A 165 164 42.972 97
A 166 167 17.950 -1
A 167 53 48.351 82
A 167 54 7.746 123
A 167 166 17.950 -1
A 168 117 52.127 115
A 168 241 29.777 15
A 168 242 37.345 105
A 169 95 83.282 105
A 169 245 30.686 66
A 169 243 12.324 65
A 169 170 191.286 126
A 170 136 87.522 -1
A 170 169 191.286 66
A 170 240 63.386 126
A 171 28 50.043 -1
A 172 285 126.188 -1
A 173 70 255.805 108
A 173 285 937.763 -1
A 173 280 197.019 -1
A 174 80 44.148 -1
A 174 177 26.635 -1
A 174 176 65.088 -1
A 175 277 103.433 -1
A 176 174 65.088 -1
A 177 174 26.635 -1
A 177 277 18.589 -1
A 177 178 82.169 -1
A 178 177 82.169 -1
A 179 81 363.735 -1
A 179 180 114.521 -1
A 180 179 114.521 -1
A 180 183 122.839 -1
A 181 182 59.457 -1
A 182 181 59.457 -1
A 182 183 66.655 -1
A 182 185 229.975 93
A 183 180 122.839 -1
A 183 182 66.655 93
A 183 186 112.249 -1
A 184 185 55.609 -1
A 184 186 162.248 93
A 185 182 229.975 -1
A 185 184 55.609 93
A 186 70 230.198 -1
A 186 183 112.249 93
A 186 184 162.248 -1
A 187 230 44.853 -1
A 188 233 19.345 -1
A 188 189 157.800 -1
A 188 234 38.318 -1
A 189 188 157.800 -1
A 190 2 1229.817 127
A 190 257 18.655 -1
A 190 330 149.277 107
A 191 192 127.105 16
A 191 193 282.549 -1
A 191 208 184.801 116
A 192 191 127.105 -1
A 192 198 333.636 17
A 192 208 69.585 16
A 193 191 282.549 116
A 193 196 112.760 -1
A 193 197 75.971 70
A 194 195 10.889 94
A 194 300 113.955 -1
A 194 209 592.763 -1
A 195 194 10.889 -1
A 195 196 55.294 -1
A 195 202 71.436 94
A 196 193 112.760 70
A 196 195 55.294 -1
A 196 207 67.492 -1
A 197 193 75.971 116
A 197 207 116.477 70
A 197 206 36.656 95
A 198 192 333.636 -1
A 198 200 307.888 116
A 198 208 163.031 17
A 199 200 401.824 -1
A 200 198 307.888 -1
A 200 199 401.824 -1
A 200 206 488.235 116
A 201 202 276.873 -1
A 202 195 71.436 -1
A 202 201 276.873 -1
A 202 203 76.830 94
A 203 5 832.609 -1
A 203 202 76.830 -1
A 203 300 25.253 94
A 204 205 93.066 -1
A 204 207 98.826 95
A 205 204 93.066 95
A 205 206 8.980 -1
A 206 197 36.656 116
A 206 200 488.235 -1
A 206 205 8.980 95
A 207 196 67.492 70
A 207 197 116.477 95
A 207 204 98.826 -1
A 208 191 184.801 16
A 208 192 69.585 17
A 208 198 163.031 116
A 209 194 592.763 -1
A 209 211 193.148 -1
A 209 210 85.824 18
A 210 209 85.824 -1
A 210 211 113.444 18
A 211 209 193.148 18
A 211 210 113.444 -1
A 212 90 626.218 125
A 212 318 249.643 127
A 212 317 227.831 19
A 213 109 73.961 11
A 213 110 46.929 112
A 213 111 27.421 117
A 214 32 82.656 -1
A 214 83 3.641 77
A 214 93 56.688 127
A 215 6 95.109 76
A 215 88 87.989 8
A 215 89 87.532 30
A 216 61 75.639 53
A 216 63 137.804 -1
A 216 64 13.533 111
A 217 14 6.128 111
A 217 24 102.709 36
A 217 85 148.488 -1
A 218 60 32.600 52
A 218 219 9.041 61
A 218 120 58.951 -1
A 219 156 177.547 123
A 219 218 9.041 52
A 219 222 37.565 101
A 219 221 59.854 61
A 220 224 6.532 60
A 220 221 38.173 123
A 220 223 66.914 20
A 221 120 7.329 61
A 221 220 38.173 60
A 221 219 59.854 123
A 222 58 6.081 101
A 222 60 8.994 102
A 222 219 37.565 52
A 223 65 55.412 -1
A 223 220 66.914 123
A 223 224 66.309 20
A 224 120 37.780 60
A 224 220 6.532 20
A 224 223 66.309 -1
A 225 59 10.778 100
A 225 128 62.292 64
A 225 270 250.428 84
A 226 98 59.258 90
A 226 122 24.173 122
A 226 229 48.140 62
A 227 51 8.661 81
A 227 52 71.160 50
A 227 107 166.831 83
A 228 3 26.488 122
A 228 40 95.517 74
A 228 118 125.669 2
A 229 130 35.175 62
A 229 131 22.867 91
A 229 226 48.140 90
A 230 187 44.853 -1
A 230 231 21.172 21
A 230 233 124.488 -1
A 231 230 21.172 -1
A 231 232 49.051 -1
A 231 233 105.393 21
A 232 231 49.051 -1
A 233 188 19.345 -1
A 233 230 124.488 21
A 233 231 105.393 -1
A 234 188 38.318 -1
A 234 240 16.273 -1
A 234 235 254.260 104
A 235 79 20.169 104
A 235 234 254.260 -1
A 235 236 210.295 -1
A 236 235 210.295 -1
A 237 79 98.076 -1
A 238 78 2.929 7
A 238 240 10.200 104
A 238 239 140.168 126
A 239 77 860.770 126
A 239 78 141.048 -1
A 239 238 140.168 7
A 240 170 63.386 -1
A 240 234 16.273 104
A 240 238 10.200 126
A 241 96 6.534 88
A 241 168 29.777 115
A 241 242 39.010 15
A 242 168 37.345 15
A 242 241 39.010 88
A 242 243 27.689 105
A 243 135 31.456 65
A 243 169 12.324 105
A 243 242 27.689 88
A 244 98 25.430 57
A 244 131 88.771 90
A 244 251 21.585 -1
A 245 135 27.400 92
A 245 136 96.767 66
A 245 169 30.686 65
A 246 2 574.308 -1
A 247 98 29.614 106
A 247 251 27.345 57
A 247 249 56.421 -1
A 248 2 462.315 -1
A 248 250 43.269 127
A 248 249 44.555 22
A 249 247 56.421 106
A 249 248 44.555 -1
A 249 250 17.634 22
A 250 248 43.269 22
A 250 249 17.634 106
A 250 261 25.533 127
A 251 163 568.975 -1
A 251 244 21.585 57
A 251 247 27.345 -1
A 252 99 6.873 9
A 252 162 101.529 127
A 252 274 350.336 -1
A 253 160 21.343 121
A 253 254 46.583 127
A 254 253 46.583 121
A 254 258 44.471 127
A 255 126 17.697 -1
A 255 306 356.772 63
A 256 0 56.033 110
A 256 126 117.901 63
A 256 306 68.599 29
A 257 125 52.019 12
A 257 190 18.655 107
A 257 288 41.302 -1
A 258 254 44.471 121
A 258 262 7.884 23
A 258 259 17.738 127
A 259 110 39.992 127
A 259 258 17.738 23
A 259 262 12.366 112
A 260 3 304.782 121
A 260 98 89.517 122
A 260 99 4.393 10
A 260 261 22.802 106
A 261 250 25.533 106
A 261 260 22.802 10
A 261 99 23.747 127
A 262 39 33.199 112
A 262 258 7.884 121
A 262 259 12.366 23
A 262 3 75.382 74
A 263 265 85.499 -1
A 264 265 213.942 24
A 264 269 374.958 126
A 264 268 144.760 114
A 265 263 85.499 -1
A 265 264 213.942 126
A 265 268 99.148 24
A 266 71 7.762 -1
A 266 73 67.057 56
A 266 267 159.269 86
A 266 271 55.172 54
A 267 121 45.469 86
A 267 266 159.269 -1
A 267 268 190.362 126
A 268 265 99.148 126
A 268 267 190.362 -1
A 268 272 7.756 114
A 268 264 144.760 24
A 269 128 249.782 126
A 269 264 374.958 114
A 269 270 100.742 64
A 270 66 5.368 4
A 270 225 250.428 64
A 270 269 100.742 114
A 270 273 10.571 84
A 271 69 7.091 54
A 271 74 62.070 103
A 271 266 55.172 56
A 271 275 11.624 5
A 272 67 546.760 114
A 272 268 7.756 -1
A 272 71 351.520 -1
A 273 65 25.029 84
A 273 270 10.571 4
A 273 66 10.717 -1
A 274 252 350.336 -1
A 275 69 11.033 5
A 275 80 121.600 -1
A 275 271 11.624 103
A 276 277 88.266 -1
A 277 175 103.433 -1
A 277 177 18.589 -1
A 277 276 88.266 -1
A 278 70 120.459 -1
A 278 279 66.224 108
A 278 282 115.777 25
A 279 278 66.224 25
A 279 282 44.028 26
A 279 281 39.698 108
A 280 173 197.019 108
A 280 287 203.191 -1
A 280 281 205.692 -1
A 281 279 39.698 26
A 281 280 205.692 108
A 281 282 31.722 -1
A 282 278 115.777 -1
A 282 279 44.028 25
A 282 281 31.722 26
A 283 304 399.729 -1
A 284 305 176.691 -1
A 285 172 126.188 -1
A 285 173 937.763 -1
A 285 286 161.242 -1
A 286 285 161.242 -1
A 286 287 102.148 71
A 286 304 35.905 -1
A 287 280 203.191 -1
A 287 286 102.148 -1
A 287 305 230.723 71
A 288 125 17.744 -1
A 288 146 535.430 -1
A 288 257 41.302 12
A 289 349 246.817 -1
A 289 350 667.647 -1
A 290 312 122.372 -1
A 290 291 281.629 -1
A 290 292 435.070 27
A 291 113 1150.981 -1
A 291 290 281.629 27
A 291 292 419.412 -1
A 292 290 435.070 -1
A 292 291 419.412 27
A 293 114 666.769 125
A 293 303 174.873 -1
A 293 301 229.761 -1
A 294 318 85.918 72
A 294 295 95.955 127
A 294 319 53.280 96
A 295 294 95.955 96
A 295 316 32.942 109
A 295 296 311.510 127
A 296 295 311.510 109
A 296 321 20.754 -1
A 296 324 363.013 127
A 297 113 165.887 -1
A 297 321 113.922 109
A 297 315 210.349 125
A 298 5 346.177 -1
A 299 300 928.597 -1
A 300 194 113.955 94
A 300 203 25.253 -1
A 300 299 928.597 -1
A 301 293 229.761 -1
A 302 303 75.540 -1
A 303 21 78.978 -1
A 303 293 174.873 125
A 303 302 75.540 -1
A 304 283 399.729 -1
A 304 286 35.905 71
A 304 305 167.988 -1
A 305 284 176.691 -1
A 305 287 230.723 -1
A 305 304 167.988 71
A 306 255 356.772 -1
A 306 256 68.599 63
A 306 307 50.772 29
A 307 0 72.506 29
A 307 157 261.955 -1
A 307 306 50.772 -1
A 307 308 68.055 -1
A 308 307 68.055 -1
A 309 310 42.121 -1
A 310 67 2352.539 -1
A 310 309 42.121 -1
A 311 349 916.197 124
A 311 328 84.829 -1
A 311 338 1558.372 120
A 312 290 122.372 -1
A 313 314 66.879 -1
A 314 313 66.879 -1
A 314 324 431.848 120
A 314 341 208.860 127
A 315 297 210.349 109
A 315 316 9.196 28
A 315 320 94.081 125
A 316 295 32.942 96
A 316 315 9.196 109
A 316 320 86.420 28
A 317 212 227.831 125
A 317 319 12.936 72
A 317 318 98.853 19
A 318 212 249.643 19
A 318 294 85.918 127
A 318 317 98.853 72
A 319 294 53.280 72
A 319 317 12.936 125
A 319 320 53.460 96
A 320 315 94.081 28
A 320 316 86.420 96
A 320 319 53.460 125
A 321 296 20.754 109
A 321 297 113.922 -1
A 321 322 50.549 -1
A 322 321 50.549 -1
A 323 324 1081.682 -1
A 324 296 363.013 -1
A 324 314 431.848 127
A 324 323 1081.682 -1
A 324 325 1083.179 120
A 324 326 146.967 -1
A 325 324 1083.179 -1
A 325 327 30.342 -1
A 325 329 232.907 120
A 326 324 146.967 -1
A 327 325 30.342 -1
A 328 311 84.829 120
A 328 329 665.032 -1
A 329 325 232.907 -1
A 329 328 665.032 120
A 330 140 6.504 107
A 330 190 149.277 127
A 330 331 670.191 -1
A 331 330 670.191 127
A 331 347 1345.612 -1
A 331 332 506.847 124
A 332 331 506.847 127
A 332 333 181.757 124
A 333 332 181.757 127
A 333 334 30.961 124
A 334 333 30.961 127
A 334 335 301.977 124
A 334 336 103.660 -1
A 335 334 301.977 127
A 335 337 610.232 -1
A 335 340 1164.825 124
A 336 334 103.660 -1
A 337 335 610.232 -1
A 338 311 1558.372 124
A 338 339 345.367 127
A 338 341 367.328 120
A 339 338 345.367 124
A 339 340 132.651 127
A 340 335 1164.825 127
A 340 339 132.651 124
A 341 314 208.860 120
A 341 338 367.328 127
A 341 342 183.186 -1
A 342 341 183.186 -1
A 343 344 178.570 124
A 343 349 1301.280 -1
A 344 343 178.570 -1
A 344 345 117.821 124
A 345 344 117.821 -1
A 345 346 77.994 124
A 346 345 77.994 -1
A 346 347 1108.101 124
A 347 331 1345.612 124
A 347 346 1108.101 -1
A 347 348 616.116 -1
A 348 347 616.116 -1
A 349 289 246.817 -1
A 349 311 916.197 -1
A 349 343 1301.280 124
A 350 289 667.647 -1
A 350 351 75.183 -1
A 350 352 134.426 -1
A 351 350 75.183 -1
A 352 350 134.426 -1
B 1 1
B 2 2
B 3 3
B 8 3
B 11 1
B 30 8
B 31 13
B 32 11
B 33 2
B 34 3
B 35 1
B 37 6
B 38 8
B 39 8
B 40 5
B 43 3
B 44 5
B 45 5
B 46 2
B 47 7
B 48 1
B 49 12
B 50 10
B 64 5
B 67 1
B 74 1
B 75 10
B 76 14
B 80 4
B 81 9
B 82 8
B 83 6
B 91 1
B 98 3
B 100 6
B 101 2
B 102 2
B 106 1
B 111 2
B 113 5
B 115 2
B 117 29
B 118 3
B 119 11
B 122 15
B 123 1
B 125 20
B 126 2
B 127 27
