179 524 84
N 0 -5.510225 -38.263788 -1
N 1 -5.516019 -38.268638 82,48,81
N 2 -5.518938 -38.270743 49,78,65,0
N 3 -5.517860 -38.273936 50,15
N 4 -5.517966 -38.273351 50,16
N 5 -5.518212 -38.272662 66,51,16
N 6 -5.518403 -38.272146 66,17,52
N 7 -5.518738 -38.271223 49,78,17,52
N 8 -5.516143 -38.270191 -1
N 9 -5.520344 -38.271819 49,19,79,18
N 10 -5.520923 -38.272044 20,79,18
N 11 -5.521657 -38.272298 21,20,73,79
N 12 -5.523250 -38.272868 -1
N 13 -5.520624 -38.275521 -1
N 14 -5.520750 -38.274958 22
N 15 -5.520842 -38.274566 24,23,22
N 16 -5.521328 -38.273131 21,20,26,25
N 17 -5.521828 -38.271845 53,27,73,79
N 18 -5.521652 -38.275107 22
N 19 -5.521683 -38.274712 24,22
N 20 -5.521696 -38.273877 24,26
N 21 -5.521696 -38.273245 21,26
N 22 -5.519831 -38.274367 80,1
N 23 -5.520168 -38.274427 80,23
N 24 -5.522151 -38.274748 -1
N 25 -5.520388 -38.273663 80,25,23
N 26 -5.520623 -38.272912 20,80,25,18
N 27 -5.520032 -38.272708 19,66,80,18
N 28 -5.519557 -38.272536 19,66,17
N 29 -5.517376 -38.271827 -1
N 30 -5.516455 -38.272050 -1
N 31 -5.519831 -38.273212 66,80,16
N 32 -5.520519 -38.271358 49,65,79
N 33 -5.517209 -38.273257 -1
N 34 -5.519609 -38.273606 50,80,16
N 35 -5.522795 -38.275353 -1
N 36 -5.516786 -38.269202 48,54,74
N 37 -5.516988 -38.268696 48,28,54,2
N 38 -5.517323 -38.267633 82,30,29
N 39 -5.517510 -38.267095 31,82,32,30
N 40 -5.517675 -38.266565 31,3,32
N 41 -5.517876 -38.269593 55,54,67
N 42 -5.518056 -38.269037 33,55,28,54
N 43 -5.518215 -38.268494 33,28,29,56
N 44 -5.518383 -38.267975 34,30,29,56
N 45 -5.518360 -38.270334 78,67,0
N 46 -5.518539 -38.267442 31,34,68,30
N 47 -5.518691 -38.266907 31,68
N 48 -5.519212 -38.270087 55,57,67
N 49 -5.519448 -38.269490 33,55,83,35
N 50 -5.519640 -38.268910 33,83,56
N 51 -5.519796 -38.268428 83,34,56
N 52 -5.519950 -38.267925 83,34,68
N 53 -5.521797 -38.270878 69,75,36
N 54 -5.521984 -38.271468 53,70,27,36
N 55 -5.522138 -38.270971 69,70,36
N 56 -5.522272 -38.268686 58,83,68
N 57 -5.522267 -38.271013 37,70
N 58 -5.522436 -38.272068 38,27,73
N 59 -5.522581 -38.271666 38,70,27
N 60 -5.523059 -38.271291 38,70
N 61 -5.523184 -38.272357 73
N 62 -5.524029 -38.269676 58,83
N 63 -5.524266 -38.269458 4,76
N 64 -5.524539 -38.268842 76
N 65 -5.516356 -38.263073 -1
N 66 -5.519041 -38.270521 57,67,65,0
N 67 -5.518110 -38.272079 51,52
N 68 -5.518636 -38.271181 78,52
N 69 -5.522972 -38.272753 73
N 70 -5.521101 -38.273773 24,26,25,23
N 71 -5.522989 -38.274056 -1
N 72 -5.519468 -38.274288 50,5,80,1
N 73 -5.519396 -38.274453 5,15,1
N 74 -5.519189 -38.274972 15
N 75 -5.519529 -38.275087 -1
N 76 -5.519886 -38.271642 49,19,17
N 77 -5.517933 -38.272559 51
N 78 -5.516643 -38.266812 77,82,32
N 79 -5.517016 -38.265688 3,71
N 80 -5.516056 -38.266129 77,60,59
N 81 -5.516016 -38.266621 77,82,61
N 82 -5.514622 -38.265785 82,62,72,39
N 83 -5.514252 -38.266547 6,81,7
N 84 -5.516700 -38.267439 -1
N 85 -5.521436 -38.271704 40,53,79
N 86 -5.521662 -38.271352 53,75,36
N 87 -5.521565 -38.271316 40,53,75
N 88 -5.521355 -38.271255 40,41,75
N 89 -5.521234 -38.271630 40,41,79
N 90 -5.520595 -38.271028 57,65,75
N 91 -5.520723 -38.270543 69,35,57,75
N 92 -5.516725 -38.270413 78
N 93 -5.516876 -38.270172 78,8
N 94 -5.516885 -38.269384 8,74
N 95 -5.517446 -38.269750 78,67,74
N 96 -5.517577 -38.269487 54,67,74
N 97 -5.516829 -38.266300 77,3,32,71
N 98 -5.517154 -38.268155 82,28,29,2
N 99 -5.518387 -38.272192 66,51,52
N 100 -5.522851 -38.270485 42,43
N 101 -5.515258 -38.266171 82,44,61
N 102 -5.517183 -38.273794 -1
N 103 -5.516545 -38.267097 -1
N 104 -5.522426 -38.268044 68,45
N 105 -5.516036 -38.266341 77,59,61
N 106 -5.515477 -38.266182 63,44,61
N 107 -5.515481 -38.265657 63,62,9
N 108 -5.515816 -38.266259 63,59,61
N 109 -5.515827 -38.265653 63,64,9,59
N 110 -5.515840 -38.264524 64,9
N 111 -5.516023 -38.265646 46,60,64,59
N 112 -5.516102 -38.264529 64,47
N 113 -5.520847 -38.270138 69,83,35
N 114 -5.515745 -38.268392 81
N 115 -5.514674 -38.267964 -1
N 116 -5.514739 -38.267170 6,81
N 117 -5.521061 -38.271567 41,65,79
N 118 -5.521187 -38.271200 41,65,75
N 119 -5.519929 -38.268539 -1
N 120 -5.519774 -38.268494 83,56
N 121 -5.516379 -38.266168 77,10,71
N 122 -5.516297 -38.265477 46,71,47
N 123 -5.516240 -38.263750 47
N 124 -5.519945 -38.273582 -1
N 125 -5.515915 -38.262947 -1
N 126 -5.519184 -38.280598 -1
N 127 -5.517240 -38.269613 78,8,74
N 128 -5.518079 -38.272068 51
N 129 -5.518693 -38.274131 50,5,15
N 130 -5.523072 -38.272310 38,73
N 131 -5.521709 -38.272317 21,73
N 132 -5.522393 -38.270753 43,37
N 133 -5.522340 -38.270691 69,83,43,37
N 134 -5.523114 -38.270268 83,42,11
N 135 -5.522812 -38.270432 83,42,43
N 136 -5.522190 -38.270988 69,37,70
N 137 -5.523653 -38.270004 83,11
N 138 -5.523146 -38.270317 42,11
N 139 -5.522295 -38.268591 58,68,45
N 140 -5.515096 -38.266025 82,62,44
N 141 -5.519286 -38.270111 55,35,57
N 142 -5.516165 -38.268449 82,48,2
N 143 -5.515479 -38.265864 63,62,44
N 144 -5.515741 -38.262953 -1
N 145 -5.516212 -38.263077 -1
N 146 -5.516345 -38.263097 -1
N 147 -5.516313 -38.263183 -1
N 148 -5.516115 -38.266132 77,60,10
N 149 -5.516310 -38.265839 60,10,71
N 150 -5.516300 -38.265589 46,60,71
N 151 -5.514692 -38.265566 62,39
N 152 -5.516032 -38.265399 46,64,47
N 153 -5.514380 -38.265673 72,39
N 154 -5.513727 -38.265898 12
N 155 -5.514070 -38.266077 12,72
N 156 -5.513972 -38.266202 12,72
N 157 -5.514522 -38.265472 39
N 158 -5.514212 -38.266594 6
N 159 -5.515864 -38.268544 81
N 160 -5.516141 -38.268859 81
N 161 -5.516434 -38.269131 81,13
N 162 -5.516582 -38.269190 13,74
N 163 -5.514275 -38.266514 82,72,81,7
N 164 -5.514123 -38.266376 72,7
N 165 -5.516502 -38.269112 48,81,13,74
N 166 -5.524897 -38.263287 -1
N 167 -5.525125 -38.265251 14,76
N 168 -5.524531 -38.263762 14
N 169 -5.525398 -38.263972 14,76
N 170 -5.524528 -38.268585 76,45
N 171 -5.524227 -38.269429 4,58,76,45
N 172 -5.525465 -38.263991 76
N 173 -5.524188 -38.269516 4,58
N 174 -5.511137 -38.267072 -1
N 175 -5.521029 -38.277281 -1
N 176 -5.522359 -38.276823 -1
N 177 -5.521102 -38.275395 -1
N 178 -5.521438 -38.275786 -1
A 0 154 462.315 -1
A 1 142 26.488 48
A 1 163 304.782 82
A 1 165 75.382 81
A 2 66 27.100 65
A 2 7 57.533 78
A 2 45 78.661 0
A 2 32 188.601 49
A 3 102 76.806 -1
A 3 129 95.109 15
A 3 74 221.999 -1
A 3 4 65.851 50
A 4 3 65.851 -1
A 4 34 184.815 50
A 4 33 84.866 -1
A 4 5 81.105 16
A 5 4 81.105 -1
A 5 31 190.102 16
A 5 77 32.949 51
A 5 99 55.528 66
A 6 28 135.430 66
A 6 7 108.764 17
A 6 99 5.389 52
A 7 2 57.533 49
A 7 6 108.764 52
A 7 76 135.822 17
A 7 68 12.202 78
A 8 92 69.338 -1
A 9 10 68.986 18
A 9 76 54.624 49
A 9 32 54.517 79
A 9 27 104.385 19
A 10 9 68.986 79
A 10 11 86.407 20
A 10 26 101.689 18
A 11 10 86.407 79
A 11 131 6.128 21
A 11 17 53.645 73
A 11 16 99.203 20
A 12 69 33.366 -1
A 13 14 63.903 -1
A 14 13 63.903 -1
A 14 15 44.535 22
A 14 18 101.687 -1
A 15 14 44.535 -1
A 15 19 94.970 22
A 15 23 76.463 23
A 15 70 92.328 24
A 16 11 99.203 21
A 16 70 75.448 25
A 16 26 82.037 20
A 16 21 42.863 26
A 17 11 53.645 79
A 17 85 46.259 53
A 17 58 71.966 73
A 17 54 45.165 27
A 18 14 101.687 22
A 18 35 129.959 -1
A 18 19 43.860 -1
A 18 178 78.978 -1
A 19 15 94.970 24
A 19 18 43.860 22
A 19 20 92.483 -1
A 19 24 52.199 -1
A 20 19 92.483 24
A 20 21 69.916 -1
A 20 70 67.186 26
A 20 71 145.126 -1
A 21 16 42.863 21
A 21 20 69.916 26
A 21 131 102.709 -1
A 22 23 38.102 -1
A 22 72 41.246 80
A 22 73 62.784 1
A 23 15 76.463 -1
A 23 22 38.102 80
A 23 25 88.005 23
A 24 19 52.199 -1
A 25 23 88.005 80
A 25 124 50.043 -1
A 25 70 80.156 23
A 25 26 87.072 25
A 26 10 101.689 20
A 26 16 82.037 25
A 26 25 87.072 80
A 26 27 69.512 18
A 27 9 104.385 18
A 27 26 69.512 80
A 27 28 56.092 19
A 27 31 60.472 66
A 28 6 135.430 17
A 28 27 56.092 66
A 28 76 105.460 19
A 29 128 82.656 -1
A 30 77 173.794 -1
A 31 5 190.102 66
A 31 27 60.472 80
A 31 34 54.260 16
A 32 2 188.601 65
A 32 9 54.517 49
A 32 117 64.514 79
A 33 4 84.866 -1
A 34 4 184.815 16
A 34 31 54.260 80
A 34 72 80.703 50
A 35 18 129.959 -1
A 36 96 93.542 74
A 36 37 60.384 54
A 36 165 33.199 48
A 37 36 60.384 48
A 37 42 124.596 54
A 37 98 62.610 28
A 37 142 95.517 2
A 38 44 123.772 29
A 38 84 72.544 -1
A 38 39 63.089 30
A 38 98 60.817 82
A 39 38 63.089 82
A 39 40 61.448 31
A 39 78 101.303 32
A 39 46 120.725 30
A 40 39 61.448 32
A 40 97 98.589 3
A 40 47 119.133 31
A 40 79 161.764 -1
A 41 96 35.208 54
A 41 48 158.255 67
A 41 42 64.778 55
A 42 37 124.596 28
A 42 41 64.778 54
A 42 49 162.733 55
A 42 43 62.650 33
A 43 42 62.650 28
A 43 50 165.083 33
A 43 98 123.770 29
A 43 44 60.411 56
A 44 38 123.772 30
A 44 43 60.411 29
A 44 51 164.945 56
A 44 46 61.443 34
A 45 2 78.661 78
A 45 66 78.531 0
A 45 95 120.448 67
A 46 39 120.725 31
A 46 44 61.443 30
A 46 47 61.595 68
A 46 52 165.729 34
A 47 40 119.133 -1
A 47 46 61.595 31
A 47 104 437.282 68
A 48 41 158.255 55
A 48 141 8.661 57
A 48 66 51.709 67
A 49 42 162.733 33
A 49 50 67.658 83
A 49 113 187.360 35
A 49 141 71.160 55
A 50 43 165.083 56
A 50 49 67.658 33
A 50 120 48.351 83
A 51 44 164.945 34
A 51 52 58.232 83
A 51 120 7.746 56
A 52 46 165.729 68
A 52 51 58.232 34
A 52 56 271.626 83
A 53 86 54.564 75
A 53 91 125.060 69
A 53 55 39.214 36
A 54 17 45.165 53
A 54 86 38.048 36
A 54 59 69.943 27
A 54 55 57.664 70
A 55 53 39.214 69
A 55 54 57.664 36
A 55 136 6.081 70
A 56 52 271.626 68
A 56 139 10.778 58
A 56 62 236.951 83
A 57 136 8.994 37
A 57 60 93.266 70
A 57 132 32.600 -1
A 58 17 71.966 27
A 58 59 47.328 38
A 58 130 75.639 73
A 59 54 69.943 70
A 59 58 47.328 27
A 59 60 90.075 38
A 60 57 93.266 -1
A 60 59 90.075 70
A 60 130 137.804 38
A 61 130 13.533 -1
A 61 69 49.750 73
A 62 56 236.951 58
A 62 173 25.029 -1
A 62 137 55.412 83
A 63 171 5.368 76
A 63 64 76.176 -1
A 63 173 10.717 4
A 64 63 76.176 76
A 64 172 546.760 -1
A 65 146 2.929 -1
A 66 2 27.100 0
A 66 45 78.531 67
A 66 48 51.709 57
A 66 90 181.708 65
A 67 128 3.641 -1
A 67 99 33.198 51
A 67 68 115.344 52
A 68 7 12.202 52
A 68 67 115.344 -1
A 68 92 228.797 78
A 69 12 33.366 -1
A 69 61 49.750 -1
A 69 131 148.488 73
A 70 15 92.328 23
A 70 16 75.448 26
A 70 20 67.186 24
A 70 25 80.156 25
A 71 20 145.126 -1
A 72 22 41.246 1
A 72 34 80.703 80
A 72 73 19.934 5
A 72 129 87.989 50
A 73 22 62.784 -1
A 73 72 19.934 1
A 73 74 61.879 15
A 73 129 87.532 5
A 74 3 221.999 15
A 74 73 61.879 -1
A 74 75 39.860 -1
A 74 126 626.218 -1
A 75 74 39.860 -1
A 76 7 135.822 49
A 76 9 54.624 19
A 76 28 105.460 17
A 77 5 32.949 -1
A 77 30 173.794 -1
A 77 128 56.688 51
A 78 39 101.303 82
A 78 97 60.340 32
A 78 103 33.367 -1
A 78 81 72.881 77
A 79 40 161.764 3
A 79 97 70.800 71
A 79 122 83.282 -1
A 80 105 23.558 59
A 80 148 6.534 77
A 80 111 53.590 60
A 81 78 72.881 82
A 81 105 31.104 77
A 81 101 100.360 61
A 82 163 89.517 72
A 82 151 25.430 62
A 82 153 29.614 39
A 82 140 59.258 82
A 83 163 4.393 81
A 83 116 87.753 6
A 83 158 6.873 -1
A 83 164 23.747 7
A 84 38 72.544 -1
A 85 17 46.259 79
A 85 87 45.286 53
A 85 89 24.021 40
A 86 53 54.564 36
A 86 54 38.048 53
A 86 87 11.530 75
A 87 85 45.286 40
A 87 86 11.530 53
A 87 88 24.234 75
A 88 87 24.234 40
A 88 118 19.644 75
A 88 89 43.610 41
A 89 85 24.021 79
A 89 88 43.610 40
A 89 117 20.425 41
A 90 66 181.708 57
A 90 118 68.514 65
A 90 91 55.639 75
A 91 53 125.060 75
A 91 90 55.639 57
A 91 141 166.831 35
A 91 113 46.881 69
A 92 8 69.338 -1
A 92 68 228.797 -1
A 92 93 31.484 78
A 93 92 31.484 -1
A 93 127 73.961 78
A 93 94 114.520 8
A 94 93 114.520 -1
A 94 162 39.992 74
A 94 127 46.929 8
A 95 45 120.448 78
A 95 96 32.580 67
A 95 127 27.421 74
A 96 36 93.542 54
A 96 41 35.208 67
A 96 95 32.580 74
A 97 40 98.589 32
A 97 78 60.340 77
A 97 79 70.800 3
A 97 121 52.127 71
A 98 37 62.610 2
A 98 38 60.817 29
A 98 43 123.770 28
A 98 142 125.669 82
A 99 5 55.528 51
A 99 6 5.389 66
A 99 67 33.198 52
A 100 135 7.329 42
A 100 138 37.780 -1
A 100 132 58.951 43
A 101 81 100.360 82
A 101 140 24.173 44
A 101 106 24.369 61
A 102 3 76.806 -1
A 103 78 33.367 -1
A 104 47 437.282 -1
A 104 170 249.782 45
A 104 139 62.292 68
A 105 80 23.558 77
A 105 81 31.104 61
A 105 108 26.116 59
A 106 101 24.369 44
A 106 108 38.677 61
A 106 143 35.175 63
A 107 143 22.867 62
A 107 109 38.443 63
A 107 110 156.529 9
A 107 151 88.771 -1
A 108 105 26.116 61
A 108 106 38.677 63
A 108 109 67.105 59
A 109 107 38.443 9
A 109 108 67.105 63
A 109 110 124.989 64
A 109 111 21.907 59
A 110 107 156.529 -1
A 110 109 124.989 9
A 110 112 29.104 64
A 111 80 53.590 59
A 111 109 21.907 64
A 111 152 27.400 46
A 111 150 31.456 60
A 112 110 29.104 -1
A 112 152 96.767 64
A 112 123 87.522 47
A 113 49 187.360 83
A 113 91 46.881 35
A 113 133 177.547 69
A 114 159 21.343 -1
A 114 115 129.410 -1
A 114 116 175.544 81
A 115 114 129.410 -1
A 116 83 87.753 81
A 116 114 175.544 -1
A 116 158 101.529 6
A 117 32 64.514 65
A 117 89 20.425 79
A 117 118 42.972 41
A 118 88 19.644 41
A 118 90 68.514 75
A 118 117 42.972 65
A 119 120 17.950 -1
A 120 50 48.351 56
A 120 51 7.746 83
A 120 119 17.950 -1
A 121 97 52.127 77
A 121 148 29.777 10
A 121 149 37.345 71
A 122 79 83.282 71
A 122 152 30.686 47
A 122 150 12.324 46
A 122 123 191.286 -1
A 123 112 87.522 -1
A 123 122 191.286 47
A 123 147 63.386 -1
A 124 25 50.043 -1
A 125 144 19.345 -1
A 125 145 38.318 -1
A 126 74 626.218 -1
A 127 93 73.961 8
A 127 94 46.929 74
A 127 95 27.421 78
A 128 29 82.656 -1
A 128 67 3.641 51
A 128 77 56.688 -1
A 129 3 95.109 50
A 129 72 87.989 5
A 129 73 87.532 15
A 130 58 75.639 38
A 130 60 137.804 -1
A 130 61 13.533 73
A 131 11 6.128 73
A 131 21 102.709 21
A 131 69 148.488 -1
A 132 57 32.600 37
A 132 133 9.041 43
A 132 100 58.951 -1
A 133 113 177.547 83
A 133 132 9.041 37
A 133 136 37.565 69
A 133 135 59.854 43
A 134 138 6.532 42
A 134 135 38.173 83
A 134 137 66.914 11
A 135 100 7.329 43
A 135 134 38.173 42
A 135 133 59.854 83
A 136 55 6.081 69
A 136 57 8.994 70
A 136 133 37.565 37
A 137 62 55.412 -1
A 137 134 66.914 83
A 137 138 66.309 11
A 138 100 37.780 42
A 138 134 6.532 11
A 138 137 66.309 -1
A 139 56 10.778 68
A 139 104 62.292 45
A 139 171 250.428 58
A 140 82 59.258 62
A 140 101 24.173 82
A 140 143 48.140 44
A 141 48 8.661 55
A 141 49 71.160 35
A 141 91 166.831 57
A 142 1 26.488 82
A 142 37 95.517 48
A 142 98 125.669 2
A 143 106 35.175 44
A 143 107 22.867 63
A 143 140 48.140 62
A 144 125 19.345 -1
A 145 125 38.318 -1
A 145 147 16.273 -1
A 146 65 2.929 -1
A 146 147 10.200 -1
A 147 123 63.386 -1
A 147 145 16.273 -1
A 147 146 10.200 -1
A 148 80 6.534 60
A 148 121 29.777 77
A 148 149 39.010 10
A 149 121 37.345 10
A 149 148 39.010 60
A 149 150 27.689 71
A 150 111 31.456 46
A 150 122 12.324 71
A 150 149 27.689 60
A 151 82 25.430 39
A 151 107 88.771 62
A 151 157 21.585 -1
A 152 111 27.400 64
A 152 112 96.767 47
A 152 122 30.686 46
A 153 82 29.614 72
A 153 157 27.345 39
A 153 155 56.421 -1
A 154 0 462.315 -1
A 154 156 43.269 -1
A 154 155 44.555 12
A 155 153 56.421 72
A 155 154 44.555 -1
A 155 156 17.634 12
A 156 154 43.269 12
A 156 155 17.634 72
A 156 164 25.533 -1
A 157 151 21.585 39
A 157 153 27.345 -1
A 158 83 6.873 6
A 158 116 101.529 -1
A 158 174 350.336 -1
A 159 114 21.343 81
A 159 160 46.583 -1
A 160 159 46.583 81
A 160 161 44.471 -1
A 161 160 44.471 81
A 161 165 7.884 13
A 161 162 17.738 -1
A 162 94 39.992 -1
A 162 161 17.738 13
A 162 165 12.366 74
A 163 1 304.782 81
A 163 82 89.517 82
A 163 83 4.393 7
A 163 164 22.802 72
A 164 156 25.533 72
A 164 163 22.802 7
A 164 83 23.747 -1
A 165 36 33.199 74
A 165 161 7.884 81
A 165 162 12.366 13
A 165 1 75.382 48
A 166 168 85.499 -1
A 167 168 213.942 14
A 167 170 374.958 -1
A 167 169 144.760 76
A 168 166 85.499 -1
A 168 167 213.942 -1
A 168 169 99.148 14
A 169 168 99.148 -1
A 169 172 7.756 76
A 169 167 144.760 14
A 170 104 249.782 -1
A 170 167 374.958 76
A 170 171 100.742 45
A 171 63 5.368 4
A 171 139 250.428 45
A 171 170 100.742 76
A 171 173 10.571 58
A 172 64 546.760 76
A 172 169 7.756 -1
A 173 62 25.029 58
A 173 171 10.571 4
A 173 63 10.717 -1
A 174 158 350.336 -1
A 175 178 174.873 -1
A 175 176 229.761 -1
A 176 175 229.761 -1
A 177 178 75.540 -1
A 178 18 78.978 -1
A 178 175 174.873 -1
A 178 177 75.540 -1
B 1 1
B 2 2
B 3 3
B 5 3
B 8 1
B 15 8
B 16 13
B 17 11
B 18 2
B 19 3
B 20 1
B 22 6
B 23 8
B 24 8
B 25 5
B 28 4
B 29 6
B 30 5
B 31 2
B 32 7
B 33 1
B 34 13
B 35 11
B 45 5
B 48 1
B 49 10
B 50 14
B 54 4
B 55 9
B 56 9
B 57 6
B 63 1
B 66 3
B 68 6
B 69 2
B 70 2
B 72 1
B 73 2
B 75 5
B 77 2
B 78 40
B 79 3
B 80 11
B 82 15
B 83 2
