253 710 102
N 0 -5.510225 -38.263788 -1
N 1 -5.516019 -38.268638 58,98,97
N 2 -5.518938 -38.270743 78,94,59,0
N 3 -5.531323 -38.272333 -1
N 4 -5.517860 -38.273936 21,60
N 5 -5.517966 -38.273351 60,22
N 6 -5.518212 -38.272662 61,79,22
N 7 -5.518403 -38.272146 62,23,79
N 8 -5.518738 -38.271223 62,94,59,23
N 9 -5.516143 -38.270191 -1
N 10 -5.520344 -38.271819 24,25,59,95
N 11 -5.520923 -38.272044 24,26,95
N 12 -5.521657 -38.272298 26,89,27,95
N 13 -5.523250 -38.272868 -1
N 14 -5.520624 -38.275521 -1
N 15 -5.520750 -38.274958 28,100
N 16 -5.520842 -38.274566 28,30,29,100
N 17 -5.521328 -38.273131 31,32,26,27
N 18 -5.521828 -38.271845 33,63,89,95
N 19 -5.521652 -38.275107 28,100
N 20 -5.521683 -38.274712 28,30
N 21 -5.521696 -38.273877 32,30
N 22 -5.521696 -38.273245 32,27
N 23 -5.519831 -38.274367 1,96,100
N 24 -5.520168 -38.274427 96,29,100
N 25 -5.522151 -38.274748 -1
N 26 -5.520388 -38.273663 31,96,29
N 27 -5.520623 -38.272912 31,24,26,96
N 28 -5.520032 -38.272708 24,96,25,79
N 29 -5.519557 -38.272536 25,23,79
N 30 -5.517376 -38.271827 -1
N 31 -5.516455 -38.272050 -1
N 32 -5.519831 -38.273212 96,79,22
N 33 -5.520519 -38.271358 78,59,95
N 34 -5.517209 -38.273257 -1
N 35 -5.519609 -38.273606 60,96,22
N 36 -5.522795 -38.275353 -1
N 37 -5.516786 -38.269202 58,64,90
N 38 -5.516988 -38.268696 58,34,64,2
N 39 -5.517323 -38.267633 35,98,36
N 40 -5.517510 -38.267095 38,37,98,36
N 41 -5.517675 -38.266565 38,3,37,101
N 42 -5.517876 -38.269593 64,80,65
N 43 -5.518056 -38.269037 34,64,65,39
N 44 -5.518215 -38.268494 34,66,35,39
N 45 -5.518383 -38.267975 40,66,35,36
N 46 -5.518360 -38.270334 80,94,0
N 47 -5.518539 -38.267442 40,37,81,36
N 48 -5.518691 -38.266907 37,81,101
N 49 -5.519212 -38.270087 80,67,65
N 50 -5.519448 -38.269490 41,65,39,99
N 51 -5.519640 -38.268910 66,39,99
N 52 -5.519796 -38.268428 40,66,99
N 53 -5.519950 -38.267925 40,81,99
N 54 -5.521797 -38.270878 82,91,42
N 55 -5.521984 -38.271468 33,63,83,42
N 56 -5.522138 -38.270971 82,83,42
N 57 -5.522272 -38.268686 68,81,99
N 58 -5.522267 -38.271013 83,43
N 59 -5.522436 -38.272068 33,44,89
N 60 -5.522581 -38.271666 33,83,44
N 61 -5.523059 -38.271291 83,44
N 62 -5.523184 -38.272357 89
N 63 -5.524029 -38.269676 68,99
N 64 -5.524266 -38.269458 4,92
N 65 -5.524539 -38.268842 92
N 66 -5.524632 -38.259688 69,84
N 67 -5.525702 -38.260358 5,45
N 68 -5.525736 -38.260853 45
N 69 -5.524452 -38.260844 69,46,101
N 70 -5.525063 -38.260861 69,46,70,47
N 71 -5.525083 -38.260302 69,84,47
N 72 -5.524467 -38.261168 46,6,101
N 73 -5.525057 -38.261194 46,6,70
N 74 -5.524386 -38.259567 69,101
N 75 -5.516356 -38.263073 85,7
N 76 -5.516294 -38.260963 85
N 77 -5.525808 -38.259169 84
N 78 -5.524745 -38.259065 84
N 79 -5.519041 -38.270521 78,80,67,0
N 80 -5.518110 -38.272079 62,61
N 81 -5.518636 -38.271181 62,94
N 82 -5.522972 -38.272753 89
N 83 -5.521101 -38.273773 31,32,30,29
N 84 -5.522989 -38.274056 -1
N 85 -5.519468 -38.274288 60,1,96,8
N 86 -5.519396 -38.274453 21,1,8,100
N 87 -5.519189 -38.274972 21,100
N 88 -5.519529 -38.275087 -1
N 89 -5.519886 -38.271642 25,59,23
N 90 -5.517933 -38.272559 61
N 91 -5.516643 -38.266812 38,93,98
N 92 -5.517016 -38.265688 3,86,101
N 93 -5.516056 -38.266129 93,71,72
N 94 -5.516016 -38.266621 93,98,73
N 95 -5.514622 -38.265785 48,87,98,74
N 96 -5.514252 -38.266547 10,9,97
N 97 -5.516700 -38.267439 -1
N 98 -5.521436 -38.271704 63,49,95
N 99 -5.521662 -38.271352 63,91,42
N 100 -5.521565 -38.271316 63,49,91
N 101 -5.521355 -38.271255 50,49,91
N 102 -5.521234 -38.271630 50,49,95
N 103 -5.520595 -38.271028 78,91,67
N 104 -5.520723 -38.270543 82,91,67,41
N 105 -5.516725 -38.270413 94
N 106 -5.516876 -38.270172 94,11
N 107 -5.516885 -38.269384 11,90
N 108 -5.517446 -38.269750 80,94,90
N 109 -5.517577 -38.269487 64,80,90
N 110 -5.521158 -38.285300 100
N 111 -5.521138 -38.283302 100
N 112 -5.522056 -38.283351 -1
N 113 -5.516829 -38.266300 38,3,93,86
N 114 -5.517154 -38.268155 34,35,98,2
N 115 -5.518387 -38.272192 62,61,79
N 116 -5.522851 -38.270485 51,52
N 117 -5.525335 -38.262231 6,70,101
N 118 -5.515258 -38.266171 53,98,73
N 119 -5.517183 -38.273794 -1
N 120 -5.516545 -38.267097 -1
N 121 -5.522426 -38.268044 54,81,101
N 122 -5.516036 -38.266341 93,71,73
N 123 -5.515477 -38.266182 53,73,75
N 124 -5.515481 -38.265657 12,74,75
N 125 -5.515816 -38.266259 71,73,75
N 126 -5.515827 -38.265653 12,76,71,75
N 127 -5.515840 -38.264524 12,76
N 128 -5.516023 -38.265646 55,76,71,72
N 129 -5.516102 -38.264529 76,56
N 130 -5.520847 -38.270138 82,41,99
N 131 -5.515745 -38.268392 97
N 132 -5.514674 -38.267964 -1
N 133 -5.514739 -38.267170 9,97
N 134 -5.513974 -38.260456 -1
N 135 -5.521061 -38.271567 50,78,95
N 136 -5.521187 -38.271200 50,78,91
N 137 -5.519929 -38.268539 -1
N 138 -5.519774 -38.268494 66,99
N 139 -5.516379 -38.266168 93,86,13
N 140 -5.516297 -38.265477 55,86,56,101
N 141 -5.516240 -38.263750 56,101
N 142 -5.519945 -38.273582 -1
N 143 -5.525874 -38.258775 -1
N 144 -5.525245 -38.257975 -1
N 145 -5.526012 -38.258283 -1
N 146 -5.525635 -38.258759 -1
N 147 -5.525631 -38.258017 -1
N 148 -5.524246 -38.256149 -1
N 149 -5.524627 -38.255199 -1
N 150 -5.523939 -38.254285 -1
N 151 -5.524472 -38.254255 -1
N 152 -5.525072 -38.254248 -1
N 153 -5.515501 -38.261607 -1
N 154 -5.515915 -38.262947 -1
N 155 -5.515834 -38.261524 -1
N 156 -5.519184 -38.280598 14,100
N 157 -5.517240 -38.269613 94,11,90
N 158 -5.518079 -38.272068 61
N 159 -5.518693 -38.274131 21,60,8
N 160 -5.523072 -38.272310 44,89
N 161 -5.521709 -38.272317 89,27
N 162 -5.522393 -38.270753 43,52
N 163 -5.522340 -38.270691 82,43,99,52
N 164 -5.523114 -38.270268 15,51,99
N 165 -5.522812 -38.270432 51,99,52
N 166 -5.522190 -38.270988 82,83,43
N 167 -5.523653 -38.270004 15,99
N 168 -5.523146 -38.270317 15,51
N 169 -5.522295 -38.268591 54,68,81
N 170 -5.515096 -38.266025 53,98,74
N 171 -5.519286 -38.270111 67,41,65
N 172 -5.516165 -38.268449 58,98,2
N 173 -5.515479 -38.265864 53,74,75
N 174 -5.515507 -38.262012 16
N 175 -5.515697 -38.262001 16
N 176 -5.515677 -38.261559 -1
N 177 -5.515741 -38.262953 16
N 178 -5.516212 -38.263077 85
N 179 -5.516119 -38.260915 85
N 180 -5.514323 -38.260344 -1
N 181 -5.517155 -38.261123 -1
N 182 -5.516345 -38.263097 85,7,101
N 183 -5.517500 -38.262622 7,101
N 184 -5.516313 -38.263183 85,101
N 185 -5.516115 -38.266132 93,72,13
N 186 -5.516310 -38.265839 72,86,13
N 187 -5.516300 -38.265589 55,72,86
N 188 -5.514692 -38.265566 48,74
N 189 -5.516032 -38.265399 55,76,56
N 190 -5.511556 -38.259772 -1
N 191 -5.514380 -38.265673 48,87
N 192 -5.513727 -38.265898 17
N 193 -5.514070 -38.266077 17,87
N 194 -5.513972 -38.266202 17,87
N 195 -5.514522 -38.265472 48
N 196 -5.514212 -38.266594 9
N 197 -5.515864 -38.268544 97
N 198 -5.516141 -38.268859 97
N 199 -5.516434 -38.269131 97,18
N 200 -5.516582 -38.269190 90,18
N 201 -5.514275 -38.266514 10,87,97,98
N 202 -5.514123 -38.266376 10,87
N 203 -5.516502 -38.269112 58,97,90,18
N 204 -5.524897 -38.263287 -1
N 205 -5.525125 -38.265251 92,19,101
N 206 -5.524531 -38.263762 19,101
N 207 -5.525666 -38.260852 45,70,47
N 208 -5.525740 -38.262287 70,101
N 209 -5.525398 -38.263972 92,19,101
N 210 -5.524528 -38.268585 92,54,101
N 211 -5.524227 -38.269429 4,92,54,68
N 212 -5.525638 -38.260355 5,45,84,47
N 213 -5.525465 -38.263991 92
N 214 -5.524188 -38.269516 4,68
N 215 -5.511137 -38.267072 -1
N 216 -5.525683 -38.260260 5,84
N 217 -5.525428 -38.257958 -1
N 218 -5.525468 -38.258754 -1
N 219 -5.521029 -38.277281 100
N 220 -5.518218 -38.282809 77,57
N 221 -5.518741 -38.283470 77,88
N 222 -5.519240 -38.286118 88
N 223 -5.519680 -38.285112 88,100
N 224 -5.532308 -38.274573 -1
N 225 -5.522359 -38.276823 -1
N 226 -5.521102 -38.275395 -1
N 227 -5.521438 -38.275786 100
N 228 -5.511680 -38.286082 -1
N 229 -5.512267 -38.286206 -1
N 230 -5.519106 -38.283561 20,88,100
N 231 -5.519032 -38.283524 77,20,88
N 232 -5.518606 -38.282363 14,57,100
N 233 -5.517768 -38.282195 14,57
N 234 -5.518520 -38.282440 77,57,100
N 235 -5.518611 -38.282914 77,20,100
N 236 -5.519411 -38.286063 88
N 237 -5.519283 -38.286488 -1
N 238 -5.512406 -38.279269 -1
N 239 -5.516107 -38.286775 -1
N 240 -5.514889 -38.286865 -1
N 241 -5.502218 -38.266416 -1
N 242 -5.504525 -38.270043 -1
N 243 -5.504610 -38.271636 -1
N 244 -5.504632 -38.271915 -1
N 245 -5.507195 -38.272124 -1
N 246 -5.504322 -38.272601 -1
N 247 -5.505710 -38.267022 -1
N 248 -5.507723 -38.286243 -1
N 249 -5.507280 -38.283207 -1
N 250 -5.506901 -38.282107 -1
N 251 -5.510590 -38.286356 -1
N 252 -5.511359 -38.287804 -1
A 0 192 462.315 -1
A 0 190 574.308 -1
A 1 172 26.488 58
A 1 201 304.782 98
A 1 203 75.382 97
A 2 79 27.100 78
A 2 8 57.533 94
A 2 46 78.661 0
A 2 33 188.601 59
A 3 62 932.161 -1
A 3 224 346.177 -1
A 4 119 76.806 -1
A 4 159 95.109 21
A 4 87 221.999 -1
A 4 5 65.851 60
A 5 4 65.851 -1
A 5 35 184.815 60
A 5 34 84.866 -1
A 5 6 81.105 22
A 6 5 81.105 -1
A 6 32 190.102 22
A 6 90 32.949 61
A 6 115 55.528 79
A 7 29 135.430 79
A 7 8 108.764 23
A 7 115 5.389 62
A 8 2 57.533 59
A 8 7 108.764 62
A 8 89 135.822 23
A 8 81 12.202 94
A 9 105 69.338 -1
A 10 11 68.986 24
A 10 89 54.624 59
A 10 33 54.517 95
A 10 28 104.385 25
A 11 10 68.986 95
A 11 12 86.407 26
A 11 27 101.689 24
A 12 11 86.407 95
A 12 161 6.128 27
A 12 18 53.645 89
A 12 17 99.203 26
A 13 82 33.366 -1
A 14 15 63.903 -1
A 15 14 63.903 -1
A 15 16 44.535 28
A 15 19 101.687 100
A 16 15 44.535 100
A 16 20 94.970 28
A 16 24 76.463 29
A 16 83 92.328 30
A 17 12 99.203 27
A 17 83 75.448 31
A 17 27 82.037 26
A 17 22 42.863 32
A 18 12 53.645 95
A 18 98 46.259 63
A 18 59 71.966 89
A 18 55 45.165 33
A 19 15 101.687 28
A 19 36 129.959 -1
A 19 20 43.860 -1
A 19 227 78.978 100
A 20 16 94.970 30
A 20 19 43.860 28
A 20 21 92.483 -1
A 20 25 52.199 -1
A 21 20 92.483 30
A 21 22 69.916 -1
A 21 83 67.186 32
A 21 84 145.126 -1
A 22 17 42.863 27
A 22 21 69.916 32
A 22 161 102.709 -1
A 23 24 38.102 100
A 23 85 41.246 96
A 23 86 62.784 1
A 24 16 76.463 100
A 24 23 38.102 96
A 24 26 88.005 29
A 25 20 52.199 -1
A 26 24 88.005 96
A 26 142 50.043 -1
A 26 83 80.156 29
A 26 27 87.072 31
A 27 11 101.689 26
A 27 17 82.037 31
A 27 26 87.072 96
A 27 28 69.512 24
A 28 10 104.385 24
A 28 27 69.512 96
A 28 29 56.092 25
A 28 32 60.472 79
A 29 7 135.430 23
A 29 28 56.092 79
A 29 89 105.460 25
A 30 158 82.656 -1
A 31 90 173.794 -1
A 32 6 190.102 79
A 32 28 60.472 96
A 32 35 54.260 22
A 33 2 188.601 78
A 33 10 54.517 59
A 33 135 64.514 95
A 34 5 84.866 -1
A 35 5 184.815 22
A 35 32 54.260 96
A 35 85 80.703 60
A 36 19 129.959 -1
A 37 109 93.542 90
A 37 38 60.384 64
A 37 203 33.199 58
A 38 37 60.384 58
A 38 43 124.596 64
A 38 114 62.610 34
A 38 172 95.517 2
A 39 45 123.772 35
A 39 97 72.544 -1
A 39 40 63.089 36
A 39 114 60.817 98
A 40 39 63.089 98
A 40 41 61.448 37
A 40 91 101.303 38
A 40 47 120.725 36
A 41 40 61.448 38
A 41 113 98.589 3
A 41 48 119.133 37
A 41 92 161.764 101
A 42 109 35.208 64
A 42 49 158.255 80
A 42 43 64.778 65
A 43 38 124.596 34
A 43 42 64.778 64
A 43 50 162.733 65
A 43 44 62.650 39
A 44 43 62.650 34
A 44 51 165.083 39
A 44 114 123.770 35
A 44 45 60.411 66
A 45 39 123.772 36
A 45 44 60.411 35
A 45 52 164.945 66
A 45 47 61.443 40
A 46 2 78.661 94
A 46 79 78.531 0
A 46 108 120.448 80
A 47 40 120.725 37
A 47 45 61.443 36
A 47 48 61.595 81
A 47 53 165.729 40
A 48 41 119.133 101
A 48 47 61.595 37
A 48 121 437.282 81
A 49 42 158.255 65
A 49 171 8.661 67
A 49 79 51.709 80
A 50 43 162.733 39
A 50 51 67.658 99
A 50 130 187.360 41
A 50 171 71.160 65
A 51 44 165.083 66
A 51 50 67.658 39
A 51 138 48.351 99
A 52 45 164.945 40
A 52 53 58.232 99
A 52 138 7.746 66
A 53 47 165.729 81
A 53 52 58.232 40
A 53 57 271.626 99
A 54 99 54.564 91
A 54 104 125.060 82
A 54 56 39.214 42
A 55 18 45.165 63
A 55 99 38.048 42
A 55 60 69.943 33
A 55 56 57.664 83
A 56 54 39.214 82
A 56 55 57.664 42
A 56 166 6.081 83
A 57 53 271.626 81
A 57 169 10.778 68
A 57 63 236.951 99
A 58 166 8.994 43
A 58 61 93.266 83
A 58 162 32.600 -1
A 59 18 71.966 33
A 59 60 47.328 44
A 59 160 75.639 89
A 60 55 69.943 83
A 60 59 47.328 33
A 60 61 90.075 44
A 61 58 93.266 -1
A 61 60 90.075 83
A 61 160 137.804 44
A 62 3 932.161 -1
A 62 160 13.533 -1
A 62 82 49.750 89
A 63 57 236.951 68
A 63 214 25.029 -1
A 63 167 55.412 99
A 64 211 5.368 92
A 64 65 76.176 -1
A 64 214 10.717 4
A 65 64 76.176 92
A 65 213 546.760 -1
A 66 74 30.472 -1
A 66 78 70.130 84
A 66 71 88.730 69
A 67 212 7.091 5
A 67 216 11.033 -1
A 67 68 54.971 45
A 68 207 7.762 45
A 68 67 54.971 -1
A 68 213 351.520 -1
A 69 72 35.897 101
A 69 70 67.975 46
A 69 74 141.551 69
A 70 69 67.975 69
A 70 207 67.057 70
A 70 71 61.863 47
A 70 73 36.884 46
A 71 66 88.730 84
A 71 70 61.863 69
A 71 212 62.070 47
A 72 69 35.897 46
A 72 73 65.710 6
A 72 117 208.827 101
A 73 70 36.884 70
A 73 72 65.710 46
A 73 117 124.390 6
A 74 66 30.472 69
A 74 69 141.551 101
A 74 183 860.770 -1
A 75 182 2.929 85
A 75 76 233.591 -1
A 75 183 141.048 7
A 76 75 233.591 85
A 76 179 20.169 -1
A 76 181 98.076 -1
A 77 143 44.148 -1
A 77 78 118.744 -1
A 77 216 121.600 84
A 78 66 70.130 -1
A 78 77 118.744 84
A 78 148 363.735 -1
A 79 2 27.100 0
A 79 46 78.531 80
A 79 49 51.709 67
A 79 103 181.708 78
A 80 158 3.641 -1
A 80 115 33.198 61
A 80 81 115.344 62
A 81 8 12.202 62
A 81 80 115.344 -1
A 81 105 228.797 94
A 82 13 33.366 -1
A 82 62 49.750 -1
A 82 161 148.488 89
A 83 16 92.328 29
A 83 17 75.448 32
A 83 21 67.186 30
A 83 26 80.156 31
A 84 21 145.126 -1
A 85 23 41.246 1
A 85 35 80.703 96
A 85 86 19.934 8
A 85 159 87.989 60
A 86 23 62.784 100
A 86 85 19.934 1
A 86 87 61.879 21
A 86 159 87.532 8
A 87 4 221.999 21
A 87 86 61.879 100
A 87 88 39.860 -1
A 87 156 626.218 -1
A 88 87 39.860 -1
A 89 8 135.822 59
A 89 10 54.624 25
A 89 29 105.460 23
A 90 6 32.949 -1
A 90 31 173.794 -1
A 90 158 56.688 61
A 91 40 101.303 98
A 91 113 60.340 38
A 91 120 33.367 -1
A 91 94 72.881 93
A 92 41 161.764 3
A 92 113 70.800 86
A 92 140 83.282 101
A 93 122 23.558 71
A 93 185 6.534 93
A 93 128 53.590 72
A 94 91 72.881 98
A 94 122 31.104 93
A 94 118 100.360 73
A 95 201 89.517 87
A 95 188 25.430 74
A 95 191 29.614 48
A 95 170 59.258 98
A 96 201 4.393 97
A 96 133 87.753 9
A 96 196 6.873 -1
A 96 202 23.747 10
A 97 39 72.544 -1
A 98 18 46.259 95
A 98 100 45.286 63
A 98 102 24.021 49
A 99 54 54.564 42
A 99 55 38.048 63
A 99 100 11.530 91
A 100 98 45.286 49
A 100 99 11.530 63
A 100 101 24.234 91
A 101 100 24.234 49
A 101 136 19.644 91
A 101 102 43.610 50
A 102 98 24.021 95
A 102 101 43.610 49
A 102 135 20.425 50
A 103 79 181.708 67
A 103 136 68.514 78
A 103 104 55.639 91
A 104 54 125.060 91
A 104 103 55.639 67
A 104 171 166.831 41
A 104 130 46.881 82
A 105 9 69.338 -1
A 105 81 228.797 -1
A 105 106 31.484 94
A 106 105 31.484 -1
A 106 157 73.961 94
A 106 107 114.520 11
A 107 106 114.520 -1
A 107 200 39.992 90
A 107 157 46.929 11
A 108 46 120.448 94
A 108 109 32.580 80
A 108 157 27.421 90
A 109 37 93.542 64
A 109 42 35.208 80
A 109 108 32.580 90
A 110 111 221.196 -1
A 110 223 165.887 100
A 111 110 221.196 100
A 111 112 102.261 -1
A 111 219 666.769 -1
A 112 111 102.261 -1
A 113 41 98.589 38
A 113 91 60.340 93
A 113 92 70.800 3
A 113 139 52.127 86
A 114 38 62.610 2
A 114 39 60.817 35
A 114 44 123.770 34
A 114 172 125.669 98
A 115 6 55.528 61
A 115 7 5.389 79
A 115 80 33.198 62
A 116 165 7.329 51
A 116 168 37.780 -1
A 116 162 58.951 52
A 117 72 208.827 6
A 117 73 124.390 70
A 117 208 45.469 101
A 118 94 100.360 98
A 118 170 24.173 53
A 118 123 24.369 73
A 119 4 76.806 -1
A 120 91 33.367 -1
A 121 48 437.282 101
A 121 210 249.782 54
A 121 169 62.292 81
A 122 93 23.558 93
A 122 94 31.104 73
A 122 125 26.116 71
A 123 118 24.369 53
A 123 125 38.677 73
A 123 173 35.175 75
A 124 173 22.867 74
A 124 126 38.443 75
A 124 127 156.529 12
A 124 188 88.771 -1
A 125 122 26.116 73
A 125 123 38.677 75
A 125 126 67.105 71
A 126 124 38.443 12
A 126 125 67.105 75
A 126 127 124.989 76
A 126 128 21.907 71
A 127 124 156.529 -1
A 127 126 124.989 12
A 127 129 29.104 76
A 128 93 53.590 71
A 128 126 21.907 76
A 128 189 27.400 55
A 128 187 31.456 72
A 129 127 29.104 -1
A 129 189 96.767 76
A 129 141 87.522 56
A 130 50 187.360 99
A 130 104 46.881 41
A 130 163 177.547 82
A 131 197 21.343 -1
A 131 132 129.410 -1
A 131 133 175.544 97
A 132 131 129.410 -1
A 133 96 87.753 97
A 133 131 175.544 -1
A 133 196 101.529 9
A 134 195 568.975 -1
A 135 33 64.514 78
A 135 102 20.425 95
A 135 136 42.972 50
A 136 101 19.644 50
A 136 103 68.514 91
A 136 135 42.972 78
A 137 138 17.950 -1
A 138 51 48.351 66
A 138 52 7.746 99
A 138 137 17.950 -1
A 139 113 52.127 93
A 139 185 29.777 13
A 139 186 37.345 86
A 140 92 83.282 86
A 140 189 30.686 56
A 140 187 12.324 55
A 140 141 191.286 101
A 141 129 87.522 -1
A 141 140 191.286 56
A 141 184 63.386 101
A 142 26 50.043 -1
A 143 77 44.148 -1
A 143 146 26.635 -1
A 143 145 65.088 -1
A 144 218 103.433 -1
A 145 143 65.088 -1
A 146 143 26.635 -1
A 146 218 18.589 -1
A 146 147 82.169 -1
A 147 146 82.169 -1
A 148 78 363.735 -1
A 148 149 114.521 -1
A 149 148 114.521 -1
A 149 152 122.839 -1
A 150 151 59.457 -1
A 151 150 59.457 -1
A 151 152 66.655 -1
A 152 149 122.839 -1
A 152 151 66.655 -1
A 153 174 44.853 -1
A 154 177 19.345 -1
A 154 155 157.800 -1
A 154 178 38.318 -1
A 155 154 157.800 -1
A 156 87 626.218 100
A 156 233 249.643 -1
A 156 232 227.831 14
A 157 106 73.961 11
A 157 107 46.929 90
A 157 108 27.421 94
A 158 30 82.656 -1
A 158 80 3.641 61
A 158 90 56.688 -1
A 159 4 95.109 60
A 159 85 87.989 8
A 159 86 87.532 21
A 160 59 75.639 44
A 160 61 137.804 -1
A 160 62 13.533 89
A 161 12 6.128 89
A 161 22 102.709 27
A 161 82 148.488 -1
A 162 58 32.600 43
A 162 163 9.041 52
A 162 116 58.951 -1
A 163 130 177.547 99
A 163 162 9.041 43
A 163 166 37.565 82
A 163 165 59.854 52
A 164 168 6.532 51
A 164 165 38.173 99
A 164 167 66.914 15
A 165 116 7.329 52
A 165 164 38.173 51
A 165 163 59.854 99
A 166 56 6.081 82
A 166 58 8.994 83
A 166 163 37.565 43
A 167 63 55.412 -1
A 167 164 66.914 99
A 167 168 66.309 15
A 168 116 37.780 51
A 168 164 6.532 15
A 168 167 66.309 -1
A 169 57 10.778 81
A 169 121 62.292 54
A 169 211 250.428 68
A 170 95 59.258 74
A 170 118 24.173 98
A 170 173 48.140 53
A 171 49 8.661 65
A 171 50 71.160 41
A 171 104 166.831 67
A 172 1 26.488 98
A 172 38 95.517 58
A 172 114 125.669 2
A 173 123 35.175 53
A 173 124 22.867 75
A 173 170 48.140 74
A 174 153 44.853 -1
A 174 175 21.172 16
A 174 177 124.488 -1
A 175 174 21.172 -1
A 175 176 49.051 -1
A 175 177 105.393 16
A 176 175 49.051 -1
A 177 154 19.345 -1
A 177 174 124.488 16
A 177 175 105.393 -1
A 178 154 38.318 -1
A 178 184 16.273 -1
A 178 179 254.260 85
A 179 76 20.169 85
A 179 178 254.260 -1
A 179 180 210.295 -1
A 180 179 210.295 -1
A 181 76 98.076 -1
A 182 75 2.929 7
A 182 184 10.200 85
A 182 183 140.168 101
A 183 74 860.770 101
A 183 75 141.048 -1
A 183 182 140.168 7
A 184 141 63.386 -1
A 184 178 16.273 85
A 184 182 10.200 101
A 185 93 6.534 72
A 185 139 29.777 93
A 185 186 39.010 13
A 186 139 37.345 13
A 186 185 39.010 72
A 186 187 27.689 86
A 187 128 31.456 55
A 187 140 12.324 86
A 187 186 27.689 72
A 188 95 25.430 48
A 188 124 88.771 74
A 188 195 21.585 -1
A 189 128 27.400 76
A 189 129 96.767 56
A 189 140 30.686 55
A 190 0 574.308 -1
A 191 95 29.614 87
A 191 195 27.345 48
A 191 193 56.421 -1
A 192 0 462.315 -1
A 192 194 43.269 -1
A 192 193 44.555 17
A 193 191 56.421 87
A 193 192 44.555 -1
A 193 194 17.634 17
A 194 192 43.269 17
A 194 193 17.634 87
A 194 202 25.533 -1
A 195 134 568.975 -1
A 195 188 21.585 48
A 195 191 27.345 -1
A 196 96 6.873 9
A 196 133 101.529 -1
A 196 215 350.336 -1
A 197 131 21.343 97
A 197 198 46.583 -1
A 198 197 46.583 97
A 198 199 44.471 -1
A 199 198 44.471 97
A 199 203 7.884 18
A 199 200 17.738 -1
A 200 107 39.992 -1
A 200 199 17.738 18
A 200 203 12.366 90
A 201 1 304.782 97
A 201 95 89.517 98
A 201 96 4.393 10
A 201 202 22.802 87
A 202 194 25.533 87
A 202 201 22.802 10
A 202 96 23.747 -1
A 203 37 33.199 90
A 203 199 7.884 97
A 203 200 12.366 18
A 203 1 75.382 58
A 204 206 85.499 -1
A 205 206 213.942 19
A 205 210 374.958 101
A 205 209 144.760 92
A 206 204 85.499 -1
A 206 205 213.942 101
A 206 209 99.148 19
A 207 68 7.762 -1
A 207 70 67.057 47
A 207 208 159.269 70
A 207 212 55.172 45
A 208 117 45.469 70
A 208 207 159.269 -1
A 208 209 190.362 101
A 209 206 99.148 101
A 209 208 190.362 -1
A 209 213 7.756 92
A 209 205 144.760 19
A 210 121 249.782 101
A 210 205 374.958 92
A 210 211 100.742 54
A 211 64 5.368 4
A 211 169 250.428 54
A 211 210 100.742 92
A 211 214 10.571 68
A 212 67 7.091 45
A 212 71 62.070 84
A 212 207 55.172 47
A 212 216 11.624 5
A 213 65 546.760 92
A 213 209 7.756 -1
A 213 68 351.520 -1
A 214 63 25.029 68
A 214 211 10.571 4
A 214 64 10.717 -1
A 215 196 350.336 -1
A 216 67 11.033 5
A 216 77 121.600 -1
A 216 212 11.624 84
A 217 218 88.266 -1
A 218 144 103.433 -1
A 218 146 18.589 -1
A 218 217 88.266 -1
A 219 111 666.769 100
A 219 227 174.873 -1
A 219 225 229.761 -1
A 220 233 85.918 57
A 220 221 95.955 -1
A 220 234 53.280 77
A 221 220 95.955 77
A 221 231 32.942 88
A 221 222 311.510 -1
A 222 221 311.510 88
A 222 236 20.754 -1
A 222 239 363.013 -1
A 223 110 165.887 -1
A 223 236 113.922 88
A 223 230 210.349 100
A 224 3 346.177 -1
A 225 219 229.761 -1
A 226 227 75.540 -1
A 227 19 78.978 -1
A 227 219 174.873 100
A 227 226 75.540 -1
A 228 229 66.879 -1
A 229 228 66.879 -1
A 229 239 431.848 -1
A 229 251 208.860 -1
A 230 223 210.349 88
A 230 231 9.196 20
A 230 235 94.081 100
A 231 221 32.942 77
A 231 230 9.196 88
A 231 235 86.420 20
A 232 156 227.831 100
A 232 234 12.936 57
A 232 233 98.853 14
A 233 156 249.643 14
A 233 220 85.918 -1
A 233 232 98.853 57
A 234 220 53.280 57
A 234 232 12.936 100
A 234 235 53.460 77
A 235 230 94.081 20
A 235 231 86.420 77
A 235 234 53.460 100
A 236 222 20.754 88
A 236 223 113.922 -1
A 236 237 50.549 -1
A 237 236 50.549 -1
A 238 239 1081.682 -1
A 239 222 363.013 -1
A 239 229 431.848 -1
A 239 238 1081.682 -1
A 239 240 146.967 -1
A 240 239 146.967 -1
A 241 242 506.847 -1
A 242 241 506.847 -1
A 242 243 181.757 -1
A 243 242 181.757 -1
A 243 244 30.961 -1
A 244 243 30.961 -1
A 244 245 301.977 -1
A 244 246 103.660 -1
A 245 244 301.977 -1
A 245 247 610.232 -1
A 245 250 1164.825 -1
A 246 244 103.660 -1
A 247 245 610.232 -1
A 248 249 345.367 -1
A 248 251 367.328 -1
A 249 248 345.367 -1
A 249 250 132.651 -1
A 250 245 1164.825 -1
A 250 249 132.651 -1
A 251 229 208.860 -1
A 251 248 367.328 -1
A 251 252 183.186 -1
A 252 251 183.186 -1
B 1 1
B 2 2
B 3 3
B 8 3
B 11 1
B 21 8
B 22 13
B 23 11
B 24 2
B 25 3
B 26 1
B 28 6
B 29 7
B 30 8
B 31 5
B 34 3
B 35 5
B 36 5
B 37 2
B 38 7
B 39 1
B 40 11
B 41 10
B 54 3
B 58 1
B 59 9
B 60 14
B 64 4
B 65 7
B 66 8
B 67 6
B 75 1
B 79 3
B 81 6
B 82 2
B 83 2
B 87 1
B 89 2
B 91 5
B 93 2
B 94 23
B 95 3
B 96 11
B 98 14
B 99 1
B 100 20
B 101 2
