400 1260 231
N 0 -5.144272 -38.099080 229,138,13
N 1 -5.142187 -38.098251 214,227,139
N 2 -5.142327 -38.097877 214,140,139
N 3 -5.139320 -38.096341 230,14,228
N 4 -5.138345 -38.095495 199,141,142,221
N 5 -5.137705 -38.095142 142,221
N 6 -5.151269 -38.102402 15,200,17,16
N 7 -5.143691 -38.091257 21,19,20,18
N 8 -5.142945 -38.095467 143,22,201
N 9 -5.144197 -38.098369 229,202,144
N 10 -5.142887 -38.098109 202,214,140
N 11 -5.144171 -38.090298 20,18
N 12 -5.142939 -38.096359 23,145,143,22
N 13 -5.142729 -38.093155 24,25,146,147
N 14 -5.141838 -38.094991 26,148,27,149
N 15 -5.140560 -38.097569 230,28,150,227
N 16 -5.140409 -38.097930 230,227
N 17 -5.144115 -38.096422 151,29,145,0
N 18 -5.144128 -38.097316 202,144,29,145
N 19 -5.140782 -38.097091 28,228,150,152
N 20 -5.142916 -38.097284 202,23,145,140
N 21 -5.141385 -38.095908 26,228,27,152
N 22 -5.142292 -38.094044 31,30,146,147
N 23 -5.143226 -38.092189 21,19,24,25
N 24 -5.142790 -38.095431 148,27,22,201
N 25 -5.144572 -38.091665 21,33,32,18
N 26 -5.142351 -38.096339 23,27,152,22
N 27 -5.141754 -38.097577 150,140,139,152
N 28 -5.141555 -38.097995 150,227,139
N 29 -5.145049 -38.090711 34,32,18
N 30 -5.143215 -38.094521 153,1,35,147
N 31 -5.143652 -38.093624 153,24,36,147
N 32 -5.151766 -38.101372 200,37,203,16
N 33 -5.149959 -38.100532 38,222,154,2
N 34 -5.153711 -38.102265 40,39
N 35 -5.152886 -38.101892 40,203,16,39
N 36 -5.148104 -38.099639 222,204,155,156
N 37 -5.146007 -38.098611 229,41,157
N 38 -5.153158 -38.103333 40,215
N 39 -5.154483 -38.101659 -1
N 40 -5.154347 -38.103936 215
N 41 -5.152338 -38.102938 40,215,17,16
N 42 -5.154488 -38.093902 -1
N 43 -5.152143 -38.098222 42,216,205
N 44 -5.152252 -38.098281 42,206,216
N 45 -5.152768 -38.096933 43,205
N 46 -5.152899 -38.096995 43,206
N 47 -5.150961 -38.092109 223,44,158
N 48 -5.150073 -38.093855 160,45,159
N 49 -5.151407 -38.092335 223,158,161
N 50 -5.150969 -38.093190 162,158,161
N 51 -5.150843 -38.093128 162,158,159
N 52 -5.150366 -38.094025 162,163,159
N 53 -5.150316 -38.093997 160,163,159
N 54 -5.149789 -38.094894 160,164,163
N 55 -5.136937 -38.096160 221
N 56 -5.137307 -38.097477 46
N 57 -5.137757 -38.096576 165,221
N 58 -5.137477 -38.095034 221
N 59 -5.154494 -38.096029 -1
N 60 -5.152194 -38.100569 167,166,203,224
N 61 -5.147333 -38.098256 48,49,41,47
N 62 -5.146331 -38.097831 50,229,41,47
N 63 -5.154096 -38.101476 39
N 64 -5.143426 -38.098338 202,214,51
N 65 -5.148512 -38.098806 168,155,156,52
N 66 -5.153281 -38.101090 166,203,39
N 67 -5.150475 -38.099753 38,53,224,217
N 68 -5.146119 -38.097747 50,229,144
N 69 -5.147497 -38.098330 168,48,49,156
N 70 -5.150377 -38.099710 38,54,53,154
N 71 -5.141119 -38.103927 -1
N 72 -5.142108 -38.102430 207,208
N 73 -5.139893 -38.104128 -1
N 74 -5.141741 -38.102940 207
N 75 -5.136717 -38.093021 218
N 76 -5.136641 -38.094648 -1
N 77 -5.151312 -38.095754 169,170,171,172
N 78 -5.152709 -38.093005 55,57,225,56
N 79 -5.150913 -38.096510 58,169,59,172
N 80 -5.149445 -38.099272 54,154,155,52
N 81 -5.152256 -38.093909 55,60,61,56
N 82 -5.149994 -38.098239 54,62,173,52
N 83 -5.149033 -38.100082 222,154,155
N 84 -5.150437 -38.097409 58,62,173,59
N 85 -5.153286 -38.091904 63,64,57,225
N 86 -5.151784 -38.094831 60,170,171,61
N 87 -5.153596 -38.091299 63,64,65
N 88 -5.149990 -38.096076 58,66,169,164
N 89 -5.151410 -38.093430 55,60,162,161
N 90 -5.150431 -38.095262 169,171,164,163
N 91 -5.151880 -38.092584 55,57,67,161
N 92 -5.152760 -38.090882 64,65
N 93 -5.149504 -38.096964 58,174,66,173
N 94 -5.149041 -38.097802 168,174,173,52
N 95 -5.152478 -38.091436 64,57,67
N 96 -5.150921 -38.094351 60,162,171,163
N 97 -5.149570 -38.093580 69,175,68,70
N 98 -5.149110 -38.094520 175,68,71,72
N 99 -5.148681 -38.095423 71,72,73,74
N 100 -5.146911 -38.099080 48,41,75,157
N 101 -5.145992 -38.100951 76,226
N 102 -5.150021 -38.092671 69,77,78,70
N 103 -5.150884 -38.091282 3,223,219
N 104 -5.148225 -38.096364 209,73,74,79
N 105 -5.147833 -38.097173 80,209,210,79
N 106 -5.147507 -38.097867 49,80,210,47
N 107 -5.146247 -38.100413 76,176,81,226
N 108 -5.146456 -38.100032 176,81,75,157
N 109 -5.150424 -38.091835 77,3,78,219
N 110 -5.150151 -38.092743 78,44,45,70
N 111 -5.146452 -38.100497 76,176,177
N 112 -5.147982 -38.097261 168,174,80,79
N 113 -5.149708 -38.093654 68,160,45,70
N 114 -5.146633 -38.100111 176,204,75
N 115 -5.148822 -38.095492 66,72,164,74
N 116 -5.148382 -38.096442 174,66,74,79
N 117 -5.146192 -38.101038 76,177
N 118 -5.147095 -38.099166 48,204,75,156
N 119 -5.149247 -38.094592 68,160,72,164
N 120 -5.150556 -38.091897 3,78,223,44
N 121 -5.148837 -38.091973 82,83,85,84
N 122 -5.145338 -38.100013 81,86,226
N 123 -5.147477 -38.094857 87,178,180,179
N 124 -5.149188 -38.091209 83,219,84,88
N 125 -5.148390 -38.092936 82,85,89,90
N 126 -5.145815 -38.098922 4,229,157
N 127 -5.146740 -38.096435 91,5,209,181
N 128 -5.147934 -38.093895 178,89,90,180
N 129 -5.147039 -38.095793 209,179,181
N 130 -5.146311 -38.097369 50,92,144,210
N 131 -5.147139 -38.095568 87,179,181
N 132 -5.146541 -38.097438 50,210,47
N 133 -5.150905 -38.098668 54,53,62,93
N 134 -5.153133 -38.094366 94,61,56,95
N 135 -5.152637 -38.095289 94,170,96,61
N 136 -5.151320 -38.097838 93,62,59,97
N 137 -5.151784 -38.096954 98,59,97,172
N 138 -5.154193 -38.092365 6,225,99
N 139 -5.153608 -38.093453 100,225,56,95
N 140 -5.152150 -38.096222 170,172,102,101
N 141 -5.151434 -38.097893 93,97,205,216
N 142 -5.152258 -38.096280 102,101
N 143 -5.152734 -38.095335 94,96
N 144 -5.153212 -38.094402 94,95
N 145 -5.150998 -38.098712 93,53,216,217
N 146 -5.154074 -38.092777 182,99
N 147 -5.153688 -38.093491 100,95
N 148 -5.149544 -38.101560 15,200,222,183
N 149 -5.150043 -38.100573 38,200,224,2
N 150 -5.145538 -38.097347 92,144,29
N 151 -5.141914 -38.097244 23,140,152
N 152 -5.143776 -38.099172 211,138,184
N 153 -5.144110 -38.098374 229,202,51
N 154 -5.143876 -38.098916 212,229,211,138
N 155 -5.144451 -38.099584 103,13,226
N 156 -5.145181 -38.099949 103,86,226
N 157 -5.147019 -38.100296 176,204,177
N 158 -5.143183 -38.098864 211,227,184
N 159 -5.145535 -38.099606 4,81,86,157
N 160 -5.152724 -38.099502 104,216,185,105
N 161 -5.153139 -38.098692 104,206,216
N 162 -5.138910 -38.095965 199,228,106,141
N 163 -5.150659 -38.103642 186,109,107,108
N 164 -5.154046 -38.096891 -1
N 165 -5.150953 -38.103049 15,109,17,108
N 166 -5.144135 -38.096318 151,143,0,110
N 167 -5.145565 -38.096466 92,91,151,29
N 168 -5.145569 -38.096378 151,91,187,181
N 169 -5.151840 -38.099079 216,185,217
N 170 -5.153834 -38.100009 104,105
N 171 -5.144505 -38.095394 187,7,110,111
N 172 -5.145625 -38.095482 187,87,220,181
N 173 -5.144488 -38.096328 151,187,110
N 174 -5.144202 -38.095415 201,143,110,111
N 175 -5.144513 -38.095179 220,7,111
N 176 -5.145113 -38.095433 187,220,7
N 177 -5.144340 -38.095090 153,220,111,201
N 178 -5.138570 -38.094511 112,113,189,188
N 179 -5.139464 -38.094967 113,228,188,114
N 180 -5.149479 -38.092350 69,77,83,85
N 181 -5.150561 -38.092966 44,45,158,159
N 182 -5.147543 -38.091261 82,116,84,115
N 183 -5.143148 -38.089777 20
N 184 -5.146313 -38.091005 34,32,116,115
N 185 -5.140931 -38.089881 117
N 186 -5.142699 -38.090750 19,20,118
N 187 -5.141885 -38.090337 117,118
N 188 -5.139432 -38.090321 120,119
N 189 -5.141417 -38.091299 122,121,117,118
N 190 -5.140920 -38.092239 122,121,190,213
N 191 -5.139966 -38.091757 122,123,190,119
N 192 -5.142283 -38.091713 19,121,25,118
N 193 -5.141837 -38.092719 121,25,146,213
N 194 -5.140462 -38.090841 122,119,117
N 195 -5.146584 -38.093325 89,180,191
N 196 -5.145346 -38.093014 33,192,36,191
N 197 -5.145869 -38.091948 33,32,116,191
N 198 -5.147134 -38.092231 82,116,89,191
N 199 -5.151358 -38.090734 223,219
N 200 -5.149681 -38.090115 219,88
N 201 -5.145520 -38.089739 34
N 202 -5.148354 -38.089626 88
N 203 -5.146711 -38.090144 34,115
N 204 -5.144885 -38.093954 153,192,220,36
N 205 -5.147911 -38.090555 84,88,115
N 206 -5.149031 -38.093269 69,175,85,90
N 207 -5.149874 -38.091548 77,83,219
N 208 -5.151529 -38.092394 223,67,161
N 209 -5.146144 -38.094248 192,87,180,220
N 210 -5.140520 -38.095471 26,228,114
N 211 -5.141404 -38.093609 125,146,213,124
N 212 -5.140946 -38.094533 26,193,114,149
N 213 -5.144134 -38.099384 138,13,226
N 214 -5.139427 -38.097076 -1
N 215 -5.142955 -38.099329 227,184
N 216 -5.139575 -38.097552 -1
N 217 -5.147174 -38.101450 183,177
N 218 -5.143828 -38.099853 226,184
N 219 -5.139724 -38.097611 230,8
N 220 -5.140179 -38.097790 230,8
N 221 -5.149191 -38.102265 15,109,183,126
N 222 -5.152027 -38.103519 215,17,108
N 223 -5.154213 -38.099214 104
N 224 -5.153609 -38.097768 206
N 225 -5.153314 -38.092443 -1
N 226 -5.153807 -38.093053 225,182,100
N 227 -5.153901 -38.093108 182,100
N 228 -5.153479 -38.090015 65
N 229 -5.153995 -38.091500 63
N 230 -5.154053 -38.090450 65
N 231 -5.147895 -38.102383 -1
N 232 -5.148923 -38.102799 109,107,126
N 233 -5.147770 -38.102836 -1
N 234 -5.148662 -38.103296 107
N 235 -5.151932 -38.101075 37,203,224
N 236 -5.150580 -38.100825 200,37,224
N 237 -5.151277 -38.100141 167,9,217
N 238 -5.153818 -38.097367 206
N 239 -5.152074 -38.096615 98,205,101
N 240 -5.152591 -38.095895 -1
N 241 -5.152471 -38.095830 96,102
N 242 -5.153151 -38.096167 -1
N 243 -5.151959 -38.100460 167,9,224
N 244 -5.151096 -38.100060 9,224,217
N 245 -5.147639 -38.100607 222,204,183,177
N 246 -5.144626 -38.099230 229,103,13
N 247 -5.143991 -38.098663 212,229,51
N 248 -5.143274 -38.098668 212,214,211,227
N 249 -5.139295 -38.095285 228,188,141
N 250 -5.138822 -38.096124 199,230,194,106
N 251 -5.138191 -38.095778 199,194,221
N 252 -5.138420 -38.094823 189,188,142
N 253 -5.137899 -38.094555 189,142
N 254 -5.139767 -38.095547 -1
N 255 -5.139840 -38.097251 230,28
N 256 -5.140099 -38.096742 230,28,228
N 257 -5.139988 -38.094052 113,193,114,127
N 258 -5.140470 -38.093136 190,128,213,129
N 259 -5.148522 -38.094217 175,178,90
N 260 -5.148603 -38.094259 175,178,71
N 261 -5.148152 -38.095183 178,71,179,73
N 262 -5.138656 -38.094956 188,141,142
N 263 -5.139053 -38.093596 112,113,130,127
N 264 -5.139515 -38.092644 123,190,128,131
N 265 -5.137381 -38.091644 132,195
N 266 -5.137805 -38.090680 132,134,133
N 267 -5.137699 -38.094100 112,189,218
N 268 -5.138127 -38.093153 112,196,218,130
N 269 -5.138566 -38.092196 10,123,197,131
N 270 -5.138980 -38.091273 123,120,197,119
N 271 -5.153869 -38.104878 215,198
N 272 -5.152821 -38.104282 215,198,186
N 273 -5.152027 -38.103705 186,215,108
N 274 -5.151587 -38.106763 -1
N 275 -5.151798 -38.106337 198,186
N 276 -5.138204 -38.097344 46,230
N 277 -5.139582 -38.097971 230,8
N 278 -5.138290 -38.097159 46,230,165
N 279 -5.137621 -38.096852 46,165
N 280 -5.153046 -38.106562 198
N 281 -5.147669 -38.097943 168,49,80
N 282 -5.149278 -38.097371 174,173
N 283 -5.148578 -38.097016 -1
N 284 -5.151156 -38.090941 223,219
N 285 -5.151113 -38.091865 -1
N 286 -5.151484 -38.099748 167,185,217
N 287 -5.151971 -38.096564 98,172,101
N 288 -5.151868 -38.096992 98,97,205
N 289 -5.153986 -38.092727 225,182,99
N 290 -5.153959 -38.092777 225,182
N 291 -5.153588 -38.092090 63,225
N 292 -5.150902 -38.095511 169,171
N 293 -5.151041 -38.095272 -1
N 294 -5.152910 -38.106803 198
N 295 -5.144094 -38.099365 138,226,184
N 296 -5.138532 -38.096697 230,194,165
N 297 -5.137870 -38.096378 194,165,221
N 298 -5.136690 -38.096634 -1
N 299 -5.137199 -38.095643 221
N 300 -5.136693 -38.095403 -1
N 301 -5.136633 -38.093280 -1
N 302 -5.147698 -38.096109 209,179,73
N 303 -5.145671 -38.094138 192,220
N 304 -5.145920 -38.093611 -1
N 305 -5.144109 -38.092627 21,33,24,36
N 306 -5.143180 -38.094598 1,35,148,201
N 307 -5.144047 -38.094952 153,1,201
N 308 -5.142253 -38.094124 31,30,148,149
N 309 -5.141361 -38.093698 125,193,124,149
N 310 -5.140428 -38.093231 128,193,129,127
N 311 -5.140752 -38.092584 190,213
N 312 -5.141366 -38.092907 -1
N 313 -5.139467 -38.092737 128,130,131,127
N 314 -5.138417 -38.092167 196,10,197
N 315 -5.138521 -38.092281 196,10,130,131
N 316 -5.137837 -38.091857 196,132,197,195
N 317 -5.138265 -38.090907 132,120,197,133
N 318 -5.138681 -38.089929 120,133
N 319 -5.136961 -38.092518 195
N 320 -5.137105 -38.092636 218,195
N 321 -5.137958 -38.089562 134
N 322 -5.137541 -38.090546 134
N 323 -5.138262 -38.089718 134,133
N 324 -5.137087 -38.091226 -1
N 325 -5.137431 -38.090487 -1
N 326 -5.150459 -38.104111 107,186
N 327 -5.150924 -38.100107 -1
N 328 -5.150970 -38.099996 224,217
N 329 -5.151846 -38.101239 37,203
N 330 -5.151757 -38.101208 -1
N 331 -5.145351 -38.099518 4,229,103,86
N 332 -5.141428 -38.104695 -1
N 333 -5.143148 -38.104261 -1
N 334 -5.142722 -38.103815 135
N 335 -5.142892 -38.102533 135,136
N 336 -5.142769 -38.102092 207,137,136
N 337 -5.143028 -38.102299 137,136
N 338 -5.142669 -38.102950 207,135,136
N 339 -5.142412 -38.103677 207,135
N 340 -5.141863 -38.105079 -1
N 341 -5.142645 -38.101529 208,137
N 342 -5.142525 -38.101856 207,208,137
N 343 -5.142260 -38.101396 208,11
N 344 -5.141837 -38.102297 12,208
N 345 -5.141968 -38.101987 12,208,11
N 346 -5.141749 -38.101888 12,11
N 347 -5.152382 -38.100172 167,166,185
N 348 -5.136756 -38.093071 218
N 349 -5.137565 -38.094041 189,218
N 350 -5.137349 -38.092775 196,218,195
N 351 -5.140888 -38.093465 193,129,124
N 352 -5.154275 -38.092289 6
N 353 -5.154277 -38.092402 6,99
N 354 -5.146803 -38.096502 5,209,210
N 355 -5.146708 -38.096509 92,91,5,210
N 356 -5.144004 -38.096374 145,143,0
N 357 -5.143393 -38.098404 212,214,51
N 358 -5.142918 -38.099387 227
N 359 -5.149962 -38.100631 200,222,2
N 360 -5.146572 -38.093347 192,180,191
N 361 -5.142729 -38.094268 31,35,147
N 362 -5.141799 -38.093801 125,30,146
N 363 -5.140930 -38.093380 213,129,124
N 364 -5.141755 -38.093886 125,30,149
N 365 -5.142690 -38.094354 31,35,148
N 366 -5.152465 -38.097558 42,43,205
N 367 -5.152576 -38.097613 42,43,206
N 368 -5.152378 -38.095785 170,96,102
N 369 -5.148773 -38.102090 183,126
N 370 -5.148551 -38.102648 126
N 371 -5.152146 -38.091227 223,67
N 372 -5.149130 -38.100128 222,154
N 373 -5.149169 -38.100054 -1
N 374 -5.148559 -38.099755 -1
N 375 -5.148518 -38.099836 222,155
N 376 -5.147298 -38.099258 204,156
N 377 -5.147335 -38.099185 -1
N 378 -5.143385 -38.098507 -1
N 379 -5.143343 -38.098487 -1
N 380 -5.143353 -38.098492 212,214
N 381 -5.143369 -38.098750 -1
N 382 -5.143423 -38.098612 -1
N 383 -5.143384 -38.098713 212,211
N 384 -5.143239 -38.098743 211,227
N 385 -5.143275 -38.098757 -1
N 386 -5.141785 -38.097667 -1
N 387 -5.141709 -38.097630 -1
N 388 -5.141725 -38.097638 150,139
N 389 -5.139345 -38.096253 -1
N 390 -5.139306 -38.096329 14,228
N 391 -5.138705 -38.096061 199,194
N 392 -5.138745 -38.095989 -1
N 393 -5.138803 -38.095876 199,141
N 394 -5.138861 -38.095815 -1
N 395 -5.138898 -38.096158 230,14,106
N 396 -5.139002 -38.095980 -1
N 397 -5.138976 -38.096025 14,228,106
N 398 -5.153499 -38.100658 166,105
N 399 -5.152397 -38.100141 166,185,105
A 0 246 42.723 13
A 0 213 37.021 138
A 0 154 47.553 229
A 1 28 75.766 139
A 1 248 129.438 227
A 1 2 44.277 214
A 2 27 71.868 140
A 2 1 44.277 139
A 2 10 67.395 214
A 3 390 2.058 228
A 3 256 97.319 230
A 3 395 51.170 14
A 4 251 35.693 221
A 4 393 66.101 199
A 4 262 68.983 141
A 4 5 81.181 142
A 5 4 81.181 221
A 5 58 28.101 -1
A 5 253 69.397 142
A 6 165 79.903 15
A 6 32 126.741 16
A 6 41 132.835 17
A 6 148 213.356 200
A 7 11 118.899 18
A 7 23 115.443 19
A 7 186 123.680 20
A 7 25 107.929 21
A 8 12 98.778 22
A 8 24 17.685 201
A 8 174 139.882 143
A 9 153 9.722 202
A 9 18 116.908 144
A 9 68 242.949 229
A 10 20 91.434 202
A 10 2 67.395 140
A 10 64 65.110 214
A 11 7 118.899 20
A 11 183 127.606 -1
A 11 29 107.788 18
A 12 8 98.778 143
A 12 20 102.506 23
A 12 26 65.388 22
A 12 356 118.512 145
A 13 23 120.368 24
A 13 22 109.793 146
A 13 193 110.330 25
A 13 31 115.080 147
A 14 308 106.491 148
A 14 21 113.381 26
A 14 212 111.393 149
A 14 24 116.642 27
A 15 19 58.351 150
A 15 16 43.460 230
A 15 255 87.449 28
A 15 28 120.307 227
A 16 15 43.460 227
A 16 358 323.492 -1
A 16 220 29.954 230
A 17 167 161.251 29
A 17 18 99.007 145
A 17 166 11.813 151
A 17 356 13.432 0
A 18 9 116.908 202
A 18 17 99.007 29
A 18 20 134.793 145
A 18 150 156.854 144
A 19 15 58.351 28
A 19 21 147.191 152
A 19 27 120.757 150
A 19 256 85.161 228
A 20 10 91.434 140
A 20 12 102.506 145
A 20 18 134.793 202
A 20 151 111.484 23
A 21 14 113.381 27
A 21 19 147.191 228
A 21 210 107.733 26
A 21 26 117.485 152
A 22 13 109.793 147
A 22 308 9.899 30
A 22 362 61.034 146
A 22 361 54.539 31
A 23 7 115.443 21
A 23 13 120.368 25
A 23 192 117.368 19
A 23 305 109.479 24
A 24 8 17.685 22
A 24 14 116.642 148
A 24 26 111.795 27
A 24 306 101.917 201
A 25 7 107.929 18
A 25 305 118.310 21
A 25 29 118.160 32
A 25 197 147.592 33
A 26 12 65.388 23
A 26 21 117.485 27
A 26 24 111.795 22
A 26 151 111.405 152
A 27 2 71.868 139
A 27 19 120.757 152
A 27 388 7.511 150
A 27 151 40.916 140
A 28 1 75.766 227
A 28 15 120.307 150
A 28 388 43.843 139
A 29 11 107.788 -1
A 29 25 118.160 18
A 29 201 119.765 34
A 29 184 144.245 32
A 30 306 9.299 35
A 30 31 110.598 153
A 30 361 60.918 147
A 30 307 104.438 1
A 31 13 115.080 24
A 31 30 110.598 147
A 31 305 121.619 36
A 31 204 141.873 153
A 32 6 126.741 200
A 32 236 145.140 37
A 32 329 17.190 203
A 32 35 137.157 16
A 33 372 102.505 154
A 33 359 10.992 222
A 33 70 102.222 38
A 33 149 10.391 2
A 34 35 100.649 39
A 34 63 97.247 -1
A 34 38 133.257 40
A 35 34 100.649 40
A 35 32 137.157 203
A 35 41 130.868 16
A 35 66 99.104 39
A 36 245 119.041 204
A 36 65 102.818 155
A 36 376 99.022 156
A 36 375 51.007 222
A 37 62 93.611 41
A 37 100 113.163 157
A 37 126 40.820 229
A 38 34 133.257 -1
A 38 40 148.124 215
A 38 41 101.107 40
A 39 63 47.568 -1
A 40 38 148.124 -1
A 40 271 117.043 215
A 41 6 132.835 16
A 41 35 130.868 40
A 41 222 73.029 17
A 41 38 101.107 215
A 42 147 99.904 -1
A 43 44 13.818 216
A 43 141 86.851 205
A 43 366 81.714 42
A 44 43 13.818 42
A 44 367 82.240 206
A 44 161 108.649 216
A 45 366 77.040 205
A 45 239 84.871 -1
A 45 46 16.080 43
A 46 45 16.080 -1
A 46 238 110.223 206
A 46 367 77.322 43
A 47 181 104.786 44
A 47 49 55.596 158
A 47 120 50.752 223
A 48 181 112.470 159
A 48 53 31.284 160
A 48 113 46.266 45
A 49 47 55.596 223
A 49 50 106.405 158
A 49 208 15.017 161
A 50 49 106.405 161
A 50 51 15.533 158
A 50 89 55.763 162
A 51 50 15.533 162
A 51 52 112.627 159
A 51 181 36.134 158
A 52 51 112.627 162
A 52 96 71.420 163
A 52 53 6.445 159
A 53 48 31.284 159
A 53 52 6.445 163
A 53 54 115.315 160
A 54 53 115.315 163
A 54 90 82.097 164
A 54 119 68.944 160
A 55 57 102.153 -1
A 55 298 59.192 -1
A 55 299 64.302 221
A 56 279 77.520 46
A 56 276 290.666 -1
A 57 55 102.153 221
A 57 297 25.267 165
A 57 279 34.142 -1
A 58 5 28.101 221
A 58 299 74.163 -1
A 58 76 102.352 -1
A 59 164 107.677 -1
A 60 235 63.236 224
A 60 347 48.697 166
A 60 243 28.776 167
A 60 66 133.988 203
A 61 62 120.935 47
A 61 69 20.014 48
A 61 100 102.569 41
A 61 106 47.197 49
A 62 37 93.611 229
A 62 61 120.935 41
A 62 68 25.404 50
A 62 132 49.366 47
A 63 34 97.247 39
A 63 39 47.568 -1
A 63 66 100.190 -1
A 64 357 8.169 214
A 64 10 65.110 202
A 64 153 76.366 51
A 65 36 102.818 156
A 65 69 124.582 168
A 65 80 115.773 155
A 65 94 125.834 52
A 66 35 99.104 203
A 66 60 133.988 166
A 66 63 100.190 39
A 66 398 53.642 -1
A 67 70 11.837 53
A 67 328 61.318 224
A 67 145 129.129 217
A 67 149 102.713 38
A 68 62 25.404 229
A 68 9 242.949 144
A 68 130 47.032 50
A 69 61 20.014 49
A 69 65 124.582 156
A 69 281 46.935 168
A 69 118 102.765 48
A 70 67 11.837 38
A 70 80 114.478 54
A 70 33 102.222 154
A 70 133 129.464 53
A 71 73 142.719 -1
A 71 74 130.519 -1
A 71 332 98.059 -1
A 72 74 69.778 -1
A 72 342 78.682 207
A 72 344 33.586 208
A 73 71 142.719 -1
A 74 71 130.519 -1
A 74 72 69.778 207
A 74 339 110.854 -1
A 75 348 7.044 -1
A 75 320 60.698 218
A 76 58 102.352 -1
A 77 79 94.813 169
A 77 86 114.840 170
A 77 292 52.923 171
A 77 140 106.657 172
A 78 81 112.052 55
A 78 85 137.796 225
A 78 139 111.585 56
A 78 91 103.346 57
A 79 77 94.813 172
A 79 84 112.690 58
A 79 88 113.343 169
A 79 137 108.603 59
A 80 65 115.773 52
A 80 70 114.478 154
A 80 83 100.695 155
A 80 82 129.640 54
A 81 78 112.052 56
A 81 86 114.916 60
A 81 89 108.065 55
A 81 134 109.808 61
A 82 80 129.640 52
A 82 84 104.317 62
A 82 133 111.881 54
A 82 94 116.446 173
A 83 80 100.695 154
A 83 375 63.392 155
A 83 372 11.886 222
A 84 79 112.690 59
A 84 82 104.317 173
A 84 136 109.071 62
A 84 93 114.930 58
A 85 78 137.796 57
A 85 87 75.318 63
A 85 291 39.421 225
A 85 95 103.733 64
A 86 77 114.840 171
A 86 81 114.916 61
A 86 135 107.603 170
A 86 96 109.711 60
A 87 85 75.318 64
A 87 229 49.688 63
A 87 230 106.856 -1
A 87 92 103.813 65
A 88 79 113.343 58
A 88 93 112.204 66
A 88 90 102.611 169
A 88 115 145.014 164
A 89 50 55.763 161
A 89 81 108.065 60
A 89 96 115.609 162
A 89 91 107.312 55
A 90 54 82.097 163
A 90 88 102.611 164
A 90 96 114.638 171
A 90 292 59.259 169
A 91 78 103.346 55
A 91 89 107.312 161
A 91 95 143.496 57
A 91 208 44.322 67
A 92 87 103.813 64
A 92 95 68.882 -1
A 92 228 125.053 65
A 93 84 114.930 173
A 93 88 112.204 58
A 93 282 51.657 174
A 93 116 137.490 66
A 94 65 125.834 168
A 94 82 116.446 52
A 94 282 54.448 173
A 94 112 132.118 174
A 95 85 103.733 57
A 95 91 143.496 67
A 95 92 68.882 64
A 95 371 43.563 -1
A 96 52 71.420 162
A 96 86 109.711 171
A 96 89 115.609 60
A 96 90 114.638 163
A 97 98 116.038 175
A 97 113 17.337 68
A 97 206 69.212 69
A 97 102 112.453 70
A 98 97 116.038 68
A 98 99 110.749 71
A 98 119 17.264 72
A 98 260 63.310 175
A 99 98 110.749 72
A 99 104 115.909 73
A 99 261 64.543 71
A 99 115 17.536 74
A 100 61 102.569 48
A 100 108 116.986 157
A 100 37 113.163 41
A 100 118 22.590 75
A 101 117 24.286 -1
A 101 218 270.223 226
A 101 107 65.974 76
A 102 97 112.453 69
A 102 110 16.623 70
A 102 180 69.849 77
A 102 109 102.828 78
A 103 109 80.950 219
A 103 284 48.444 223
A 103 120 77.291 3
A 104 99 115.909 74
A 104 105 99.639 209
A 104 302 65.100 73
A 104 116 19.399 79
A 105 104 99.639 79
A 105 106 85.043 210
A 105 112 19.307 80
A 105 354 136.522 209
A 106 105 85.043 80
A 106 61 47.197 47
A 106 281 19.890 49
A 106 132 117.432 210
A 107 122 110.411 81
A 107 111 24.569 76
A 107 101 65.974 226
A 107 108 48.114 176
A 108 100 116.986 75
A 108 114 21.614 176
A 108 107 48.114 81
A 108 159 112.698 157
A 109 103 80.950 3
A 109 102 102.828 77
A 109 120 16.210 78
A 109 207 68.953 219
A 110 102 16.623 78
A 110 120 103.968 44
A 110 181 51.837 45
A 110 113 112.258 70
A 111 107 24.569 176
A 111 117 66.431 76
A 111 157 89.399 177
A 112 94 132.118 168
A 112 105 19.307 79
A 112 116 101.030 174
A 112 281 83.141 80
A 113 48 46.266 160
A 113 97 17.337 70
A 113 110 112.258 45
A 113 119 115.899 68
A 114 108 21.614 75
A 114 118 116.639 204
A 114 157 47.565 176
A 115 88 145.014 66
A 115 99 17.536 72
A 115 119 110.283 164
A 115 116 116.069 74
A 116 93 137.490 174
A 116 104 19.399 74
A 116 112 101.030 79
A 116 115 116.069 66
A 117 101 24.286 76
A 117 111 66.431 177
A 117 217 118.300 -1
A 118 114 116.639 75
A 118 69 102.765 156
A 118 100 22.590 48
A 118 376 24.773 204
A 119 54 68.944 164
A 119 98 17.264 68
A 119 115 110.283 72
A 119 113 115.899 160
A 120 47 50.752 44
A 120 109 16.210 3
A 120 110 103.968 78
A 120 103 77.291 223
A 121 125 117.676 82
A 121 124 93.243 83
A 121 182 164.138 84
A 121 180 82.774 85
A 122 107 110.411 226
A 122 159 50.199 81
A 122 156 18.776 86
A 123 131 87.226 87
A 123 128 117.977 178
A 123 261 83.244 179
A 123 209 162.844 180
A 124 121 93.243 84
A 124 200 133.007 219
A 124 207 84.953 83
A 124 205 159.422 88
A 125 121 117.676 85
A 125 128 117.655 89
A 125 206 80.244 90
A 125 198 159.995 82
A 126 37 40.820 157
A 126 331 96.693 229
A 126 159 82.098 4
A 127 355 8.914 91
A 127 129 78.538 209
A 127 168 130.430 181
A 127 354 10.195 5
A 128 123 117.977 180
A 128 125 117.655 90
A 128 259 74.435 178
A 128 195 162.880 89
A 129 127 78.538 181
A 129 131 27.326 179
A 129 302 81.179 209
A 130 355 104.921 210
A 130 68 47.032 144
A 130 132 26.688 50
A 130 150 86.048 92
A 131 123 87.226 179
A 131 129 27.326 181
A 131 172 168.700 87
A 132 62 49.366 50
A 132 106 117.432 47
A 132 130 26.688 210
A 133 82 111.881 62
A 133 70 129.464 54
A 133 145 11.506 53
A 133 136 102.882 93
A 134 81 109.808 56
A 134 135 116.151 61
A 134 144 9.646 94
A 134 139 114.130 95
A 135 86 107.603 61
A 135 134 116.151 94
A 135 368 61.983 170
A 135 143 11.923 96
A 136 84 109.071 59
A 136 133 102.882 62
A 136 141 14.024 93
A 136 137 110.617 97
A 137 79 108.603 172
A 137 136 110.617 59
A 137 288 10.247 97
A 137 287 47.956 98
A 138 353 10.232 99
A 138 289 46.242 225
A 138 291 73.858 -1
A 138 352 12.423 6
A 139 78 111.585 225
A 139 134 114.130 56
A 139 147 9.904 95
A 139 226 49.483 100
A 140 77 106.657 170
A 140 287 42.787 172
A 140 142 13.623 101
A 140 368 54.680 102
A 141 43 86.851 216
A 141 136 14.024 97
A 141 288 110.864 205
A 141 145 102.853 93
A 142 140 13.623 102
A 142 241 55.141 -1
A 142 239 42.403 101
A 143 135 11.923 94
A 143 144 116.214 -1
A 143 241 62.091 96
A 144 134 9.646 95
A 144 143 116.214 94
A 144 147 113.932 -1
A 145 67 129.129 53
A 145 133 11.506 93
A 145 141 102.853 216
A 145 169 102.033 217
A 146 289 11.241 99
A 146 353 47.196 -1
A 146 227 41.448 182
A 147 42 99.904 -1
A 147 139 9.904 100
A 147 144 113.932 95
A 147 227 48.606 -1
A 148 221 87.412 183
A 148 6 213.356 15
A 148 359 112.836 200
A 148 245 236.594 222
A 149 67 102.713 224
A 149 33 10.391 38
A 149 236 65.878 200
A 149 359 11.064 2
A 150 18 156.854 29
A 150 130 86.048 144
A 150 167 97.624 92
A 151 20 111.484 140
A 151 26 111.405 23
A 151 27 40.916 152
A 152 154 30.472 138
A 152 158 74.296 211
A 152 295 41.279 184
A 153 9 9.722 229
A 153 247 34.575 51
A 153 64 76.366 202
A 154 152 30.472 211
A 154 247 30.866 229
A 154 0 47.553 138
A 154 383 59.215 212
A 155 246 43.768 103
A 155 213 41.572 13
A 155 156 91.302 226
A 156 122 18.776 226
A 156 155 91.302 103
A 156 331 51.271 86
A 157 111 89.399 176
A 157 114 47.565 204
A 157 245 77.051 177
A 158 152 74.296 184
A 158 384 14.831 211
A 158 215 57.451 227
A 159 122 50.199 86
A 159 108 112.698 81
A 159 126 82.098 157
A 159 331 22.670 4
A 160 399 79.536 185
A 160 161 100.898 104
A 160 170 135.598 105
A 160 169 108.878 216
A 161 44 108.649 206
A 161 160 100.898 216
A 161 224 114.912 -1
A 161 223 132.655 104
A 162 397 9.874 106
A 162 393 15.443 141
A 162 249 86.600 228
A 162 250 20.209 199
A 163 326 56.488 107
A 163 165 73.330 108
A 163 273 166.325 186
A 163 232 214.553 109
A 164 59 107.677 -1
A 164 238 58.524 -1
A 165 6 79.903 17
A 165 163 73.330 109
A 165 221 214.304 15
A 165 222 130.237 108
A 166 17 11.813 0
A 166 356 15.810 143
A 166 174 100.303 110
A 166 173 39.290 151
A 167 17 161.251 151
A 167 150 97.624 29
A 167 168 9.822 91
A 167 355 127.230 92
A 168 127 130.430 91
A 168 167 9.822 151
A 168 173 120.261 187
A 168 172 99.455 181
A 169 145 102.033 216
A 169 160 108.878 185
A 169 286 83.976 217
A 170 160 135.598 104
A 170 223 97.653 -1
A 170 398 80.935 105
A 171 174 33.788 111
A 171 175 23.927 7
A 171 176 67.711 187
A 171 173 103.389 110
A 172 131 168.700 181
A 172 168 99.455 187
A 172 176 57.138 220
A 172 209 148.436 87
A 173 168 120.261 151
A 173 171 103.389 187
A 173 166 39.290 110
A 174 8 139.882 201
A 174 166 100.303 143
A 174 171 33.788 110
A 174 177 39.085 111
A 175 171 23.927 111
A 175 177 21.649 220
A 175 176 72.408 7
A 176 171 67.711 7
A 176 172 57.138 187
A 176 175 72.408 220
A 177 174 39.085 201
A 177 175 21.649 111
A 177 307 35.941 153
A 177 204 139.632 220
A 178 267 106.971 112
A 178 179 111.590 188
A 178 252 38.365 189
A 178 263 114.674 113
A 179 178 111.590 113
A 179 210 129.957 228
A 179 249 39.940 188
A 179 257 116.847 114
A 180 102 69.849 69
A 180 121 82.774 83
A 180 206 113.323 85
A 180 207 99.042 77
A 181 47 104.786 158
A 181 48 112.470 45
A 181 51 36.134 159
A 181 110 51.837 44
A 182 121 164.138 82
A 182 205 88.347 84
A 182 184 139.817 115
A 182 198 116.621 116
A 183 11 127.606 20
A 183 186 118.822 -1
A 184 29 144.245 34
A 184 182 139.817 116
A 184 197 115.475 32
A 184 203 105.158 115
A 185 187 117.457 117
A 185 194 118.370 -1
A 186 7 123.680 19
A 186 183 118.822 20
A 186 187 101.487 -1
A 186 192 116.270 118
A 187 185 117.457 -1
A 187 186 101.487 118
A 187 189 118.505 117
A 188 318 94.162 -1
A 188 194 128.170 119
A 188 270 116.857 120
A 189 187 118.505 118
A 189 192 106.622 121
A 189 190 117.867 122
A 189 194 117.684 117
A 190 189 117.867 121
A 190 193 114.927 213
A 190 311 42.515 190
A 190 191 118.808 122
A 191 190 118.808 190
A 191 264 110.239 123
A 191 194 115.539 122
A 191 270 122.045 119
A 192 23 117.368 25
A 192 186 116.270 19
A 192 189 106.622 118
A 192 193 121.936 121
A 193 13 110.330 146
A 193 190 114.927 121
A 193 192 121.936 25
A 193 211 109.736 213
A 194 185 118.370 117
A 194 188 128.170 -1
A 194 189 117.684 122
A 194 191 115.539 119
A 195 128 162.880 180
A 195 360 2.756 191
A 195 198 135.810 89
A 196 204 116.044 36
A 196 197 131.652 191
A 196 360 141.336 192
A 196 305 144.158 33
A 197 25 147.592 32
A 197 184 115.475 116
A 197 196 131.652 33
A 197 198 144.124 191
A 198 125 159.995 89
A 198 182 116.621 82
A 198 195 135.810 191
A 198 197 144.124 116
A 199 371 103.214 223
A 199 200 198.690 -1
A 199 284 32.060 219
A 200 124 133.007 88
A 200 199 198.690 219
A 200 202 157.222 -1
A 201 29 119.765 -1
A 201 203 139.730 34
A 202 200 157.222 88
A 202 205 113.941 -1
A 203 184 105.158 34
A 203 201 139.730 -1
A 203 205 141.047 115
A 204 31 141.873 36
A 204 177 139.632 153
A 204 196 116.044 192
A 204 303 89.823 220
A 205 124 159.422 84
A 205 182 88.347 115
A 205 202 113.941 88
A 205 203 141.047 -1
A 206 97 69.212 175
A 206 125 80.244 85
A 206 180 113.323 69
A 206 259 119.276 90
A 207 109 68.953 77
A 207 124 84.953 219
A 207 180 99.042 83
A 208 49 15.017 223
A 208 91 44.322 161
A 208 371 146.395 67
A 209 123 162.844 87
A 209 172 148.436 220
A 209 360 110.516 180
A 209 303 53.978 192
A 210 21 107.733 228
A 210 179 129.957 114
A 210 212 114.126 26
A 211 193 109.736 146
A 211 309 10.891 124
A 211 363 58.525 213
A 211 362 48.829 125
A 212 14 111.393 26
A 212 210 114.126 114
A 212 309 103.418 149
A 212 257 119.102 193
A 213 0 37.021 13
A 213 155 41.572 226
A 213 295 4.955 138
A 214 255 49.795 -1
A 215 158 57.451 184
A 215 358 7.643 227
A 215 218 113.099 -1
A 216 219 17.817 -1
A 217 117 118.300 177
A 217 245 106.650 183
A 217 369 191.450 -1
A 218 101 270.223 -1
A 218 215 113.099 184
A 218 295 61.620 226
A 219 216 17.817 -1
A 219 277 42.829 230
A 219 220 54.807 8
A 220 16 29.954 -1
A 220 219 54.807 230
A 220 277 91.698 8
A 221 148 87.412 15
A 221 165 214.304 109
A 221 232 66.223 126
A 221 369 50.334 183
A 222 41 73.029 215
A 222 165 130.237 17
A 222 273 22.046 108
A 223 161 132.655 -1
A 223 170 97.653 104
A 224 161 114.912 206
A 224 238 50.091 -1
A 225 290 80.766 -1
A 226 139 49.483 225
A 226 227 12.044 100
A 226 290 34.967 182
A 227 147 48.606 100
A 227 226 12.044 182
A 227 146 41.448 -1
A 228 92 125.053 -1
A 228 230 79.964 65
A 229 87 49.688 -1
A 229 291 79.508 63
A 230 87 106.856 65
A 230 228 79.964 -1
A 231 370 78.552 -1
A 232 163 214.553 107
A 232 221 66.223 109
A 232 370 44.600 126
A 232 234 62.247 -1
A 233 234 111.524 -1
A 234 232 62.247 107
A 234 233 111.524 -1
A 234 326 224.228 -1
A 235 60 63.236 203
A 235 329 20.471 37
A 235 236 187.255 224
A 236 32 145.140 200
A 236 235 187.255 37
A 236 149 65.878 224
A 237 244 22.084 217
A 237 243 83.589 9
A 237 286 49.181 167
A 238 46 110.223 -1
A 238 164 58.524 -1
A 238 224 50.091 206
A 239 45 84.871 205
A 239 142 42.403 -1
A 239 287 12.755 101
A 239 288 47.596 98
A 240 242 69.247 -1
A 240 241 15.046 -1
A 241 142 55.141 102
A 241 240 15.046 -1
A 241 143 62.091 -1
A 241 368 11.548 96
A 242 240 69.247 -1
A 243 60 28.776 224
A 243 237 83.589 167
A 243 244 114.319 9
A 244 237 22.084 9
A 244 243 114.319 224
A 244 328 15.667 217
A 245 36 119.041 222
A 245 157 77.051 204
A 245 217 106.650 177
A 245 148 236.594 183
A 246 0 42.723 229
A 246 155 43.768 13
A 246 331 86.755 103
A 247 153 34.575 229
A 247 154 30.866 212
A 247 357 72.354 51
A 248 1 129.438 214
A 248 383 13.185 211
A 248 380 21.387 212
A 248 384 9.089 227
A 249 162 86.600 141
A 249 179 39.940 228
A 249 254 60.008 -1
A 249 262 79.781 188
A 250 162 20.209 106
A 250 391 14.754 199
A 250 395 9.235 230
A 250 296 71.102 194
A 251 4 35.693 199
A 251 297 75.427 221
A 251 391 65.143 194
A 252 178 38.365 188
A 252 262 30.079 142
A 252 253 65.138 189
A 253 5 69.397 -1
A 253 252 65.138 142
A 253 349 68.161 189
A 254 249 60.008 -1
A 255 15 87.449 230
A 255 214 49.795 -1
A 255 256 63.237 28
A 256 3 97.319 228
A 256 19 85.161 28
A 256 255 63.237 230
A 257 179 116.847 113
A 257 212 119.102 114
A 257 263 115.584 127
A 257 310 103.206 193
A 258 311 68.750 213
A 258 310 11.563 128
A 258 264 119.368 190
A 258 363 57.805 129
A 259 128 74.435 90
A 259 206 119.276 175
A 259 260 10.166 178
A 260 98 63.310 71
A 260 259 10.166 175
A 260 261 113.977 178
A 261 99 64.543 73
A 261 123 83.244 178
A 261 260 113.977 71
A 261 302 114.383 179
A 262 4 68.983 142
A 262 249 79.781 141
A 262 252 30.079 188
A 263 178 114.674 112
A 263 257 115.584 113
A 263 268 113.998 130
A 263 313 105.750 127
A 264 191 110.239 190
A 264 258 119.368 128
A 264 269 116.672 123
A 264 313 11.566 131
A 265 319 107.483 -1
A 265 266 116.643 132
A 265 316 55.983 195
A 266 265 116.643 -1
A 266 323 118.119 133
A 266 322 32.948 134
A 266 317 56.929 132
A 267 178 106.971 189
A 267 268 115.198 112
A 267 349 16.276 218
A 268 263 113.998 112
A 268 267 115.198 218
A 268 315 106.146 130
A 268 350 96.190 196
A 269 264 116.672 131
A 269 270 112.082 123
A 269 315 10.565 10
A 269 314 16.809 197
A 270 188 116.857 119
A 270 191 122.045 123
A 270 269 112.082 197
A 270 317 89.206 120
A 271 40 117.043 -1
A 271 280 207.795 198
A 271 272 133.822 215
A 272 271 133.822 198
A 272 273 109.085 215
A 272 275 254.406 186
A 273 163 166.325 108
A 273 222 22.046 215
A 273 272 109.085 186
A 274 275 52.739 -1
A 275 272 254.406 198
A 275 274 52.739 -1
A 275 294 134.350 -1
A 275 326 301.197 186
A 276 56 290.666 46
A 276 278 22.650 230
A 276 277 168.268 -1
A 277 219 42.829 8
A 277 220 91.698 -1
A 277 276 168.268 230
A 278 276 22.650 46
A 278 296 57.915 230
A 278 279 81.736 165
A 279 56 77.520 -1
A 279 57 34.142 165
A 279 278 81.736 46
A 280 271 207.795 -1
A 280 294 30.726 198
A 281 69 46.935 49
A 281 106 19.890 80
A 281 112 83.141 168
A 282 93 51.657 173
A 282 94 54.448 174
A 282 283 87.187 -1
A 283 282 87.187 -1
A 284 103 48.444 219
A 284 199 32.060 223
A 284 285 130.338 -1
A 285 284 130.338 -1
A 286 169 83.976 185
A 286 237 49.181 217
A 286 347 110.282 167
A 287 140 42.787 101
A 287 239 12.755 98
A 287 137 47.956 172
A 288 137 10.247 98
A 288 141 110.864 97
A 288 239 47.596 205
A 289 138 46.242 99
A 289 146 11.241 182
A 289 290 6.244 225
A 290 225 80.766 -1
A 290 289 6.244 182
A 290 226 34.967 225
A 291 85 39.421 63
A 291 138 73.858 225
A 291 229 79.508 -1
A 292 77 52.923 169
A 292 90 59.259 171
A 292 293 30.691 -1
A 293 292 30.691 -1
A 294 275 134.350 198
A 294 280 30.726 -1
A 295 213 4.955 226
A 295 218 61.620 184
A 295 152 41.279 138
A 296 250 71.102 230
A 296 278 57.915 165
A 296 297 81.725 194
A 297 57 25.267 221
A 297 251 75.427 194
A 297 296 81.725 165
A 298 55 59.192 -1
A 299 55 64.302 -1
A 299 58 74.163 221
A 299 300 62.217 -1
A 300 299 62.217 -1
A 301 348 26.853 -1
A 302 104 65.100 209
A 302 129 81.179 179
A 302 261 114.383 73
A 303 204 89.823 192
A 303 209 53.978 220
A 303 304 64.549 -1
A 304 303 64.549 -1
A 305 23 109.479 21
A 305 25 118.310 33
A 305 31 121.619 24
A 305 196 144.158 36
A 306 24 101.917 148
A 306 30 9.299 1
A 306 307 104.242 201
A 306 365 60.843 35
A 307 177 35.941 201
A 307 306 104.242 1
A 307 30 104.438 153
A 308 14 106.491 149
A 308 22 9.899 31
A 308 365 54.808 148
A 308 364 61.382 30
A 309 211 10.891 125
A 309 212 103.418 193
A 309 364 48.497 149
A 309 351 58.589 124
A 310 257 103.206 127
A 310 258 11.563 129
A 310 351 57.389 193
A 310 313 120.036 128
A 311 190 42.515 213
A 311 258 68.750 190
A 311 312 77.073 -1
A 312 311 77.073 -1
A 313 263 105.750 130
A 313 264 11.566 128
A 313 310 120.036 127
A 313 315 116.656 131
A 314 269 16.809 10
A 314 316 73.057 197
A 314 315 17.128 196
A 315 268 106.146 196
A 315 269 10.565 131
A 315 314 17.128 10
A 315 313 116.656 130
A 316 265 55.983 132
A 316 314 73.057 196
A 316 317 115.415 197
A 316 350 115.961 195
A 317 266 56.929 133
A 317 270 89.206 197
A 317 316 115.415 132
A 317 318 117.772 120
A 318 188 94.162 120
A 318 317 117.772 133
A 318 323 52.113 -1
A 319 265 107.483 195
A 319 320 20.685 -1
A 320 75 60.698 -1
A 320 319 20.685 195
A 320 350 31.139 218
A 321 323 37.987 134
A 321 322 118.453 -1
A 322 266 32.948 -1
A 322 321 118.453 134
A 322 325 13.818 -1
A 323 266 118.119 134
A 323 318 52.113 133
A 323 321 37.987 -1
A 324 325 90.323 -1
A 325 322 13.818 -1
A 325 324 90.323 -1
A 326 163 56.488 186
A 326 234 224.228 107
A 326 275 301.197 -1
A 327 328 13.288 -1
A 328 67 61.318 217
A 328 244 15.667 224
A 328 327 13.288 -1
A 329 32 17.190 37
A 329 235 20.471 203
A 329 330 10.591 -1
A 330 329 10.591 -1
A 331 126 96.693 4
A 331 246 86.755 229
A 331 156 51.271 103
A 331 159 22.670 86
A 332 71 98.059 -1
A 333 334 68.667 -1
A 334 333 68.667 -1
A 334 339 38.557 135
A 334 335 174.164 -1
A 335 334 174.164 135
A 335 337 30.083 -1
A 335 338 52.441 136
A 336 337 36.785 136
A 336 342 37.727 137
A 336 338 116.711 207
A 337 335 30.083 136
A 337 336 36.785 137
A 337 341 115.550 -1
A 338 335 52.441 135
A 338 336 116.711 136
A 338 339 85.465 207
A 339 74 110.854 207
A 339 334 38.557 -1
A 339 338 85.465 135
A 339 340 166.810 -1
A 340 339 166.810 -1
A 341 337 115.550 137
A 341 342 38.921 208
A 341 358 242.508 -1
A 341 343 45.237 -1
A 342 72 78.682 208
A 342 336 37.727 207
A 342 341 38.921 137
A 343 341 45.237 208
A 343 346 96.610 -1
A 343 345 73.149 11
A 344 72 33.586 -1
A 344 345 37.269 208
A 344 346 64.699 12
A 345 343 73.149 208
A 345 344 37.269 12
A 345 346 26.725 11
A 346 343 96.610 11
A 346 344 64.699 -1
A 346 345 26.725 12
A 347 60 48.697 167
A 347 286 110.282 185
A 347 399 3.757 166
A 348 75 7.044 218
A 348 301 26.853 -1
A 348 349 140.142 -1
A 349 253 68.161 -1
A 349 267 16.276 189
A 349 348 140.142 218
A 350 268 96.190 218
A 350 316 115.961 196
A 350 320 31.139 195
A 351 310 57.389 129
A 351 309 58.589 193
A 351 363 10.429 124
A 352 138 12.423 -1
A 352 353 12.616 6
A 353 138 10.232 6
A 353 146 47.196 99
A 353 352 12.616 -1
A 354 105 136.522 210
A 354 127 10.195 209
A 354 355 10.651 5
A 355 127 8.914 5
A 355 130 104.921 92
A 355 167 127.230 91
A 355 354 10.651 210
A 356 12 118.512 143
A 356 166 15.810 0
A 356 17 13.432 145
A 357 64 8.169 51
A 357 247 72.354 212
A 357 380 10.728 214
A 358 16 323.492 227
A 358 215 7.643 -1
A 358 341 242.508 -1
A 359 33 10.992 2
A 359 148 112.836 222
A 359 149 11.064 200
A 360 195 2.756 180
A 360 196 141.336 191
A 360 209 110.516 192
A 361 30 60.918 35
A 361 22 54.539 147
A 361 365 10.431 31
A 362 22 61.034 30
A 362 211 48.829 146
A 362 364 10.565 125
A 363 211 58.525 124
A 363 351 10.429 129
A 363 258 57.805 213
A 364 309 48.497 125
A 364 362 10.565 30
A 364 308 61.382 149
A 365 308 54.808 31
A 365 361 10.431 35
A 365 306 60.843 148
A 366 45 77.040 43
A 366 43 81.714 205
A 366 367 13.749 42
A 367 44 82.240 42
A 367 366 13.749 43
A 367 46 77.322 206
A 368 135 61.983 96
A 368 241 11.548 102
A 368 140 54.680 170
A 369 217 191.450 183
A 369 221 50.334 126
A 369 370 66.639 -1
A 370 231 78.552 -1
A 370 232 44.600 -1
A 370 369 66.639 126
A 371 95 43.563 67
A 371 199 103.214 -1
A 371 208 146.395 223
A 372 33 102.505 222
A 372 83 11.886 154
A 372 373 9.367 -1
A 373 372 9.367 -1
A 374 375 10.102 -1
A 375 83 63.392 222
A 375 374 10.102 -1
A 375 36 51.007 155
A 376 36 99.022 204
A 376 118 24.773 156
A 376 377 9.126 -1
A 377 376 9.126 -1
A 378 380 3.922 -1
A 379 380 1.333 -1
A 380 248 21.387 214
A 380 357 10.728 212
A 380 378 3.922 -1
A 380 379 1.333 -1
A 381 383 4.371 -1
A 382 383 12.036 -1
A 383 248 13.185 212
A 383 381 4.371 -1
A 383 382 12.036 -1
A 383 154 59.215 211
A 384 158 14.831 227
A 384 248 9.089 211
A 384 385 4.212 -1
A 385 384 4.212 -1
A 386 388 7.434 -1
A 387 388 1.903 -1
A 388 27 7.511 139
A 388 28 43.843 150
A 388 386 7.434 -1
A 388 387 1.903 -1
A 389 390 9.429 -1
A 390 3 2.058 14
A 390 389 9.429 -1
A 390 397 49.888 228
A 391 250 14.754 194
A 391 251 65.143 199
A 391 392 9.110 -1
A 392 391 9.110 -1
A 393 4 66.101 141
A 393 162 15.443 199
A 393 394 9.371 -1
A 394 393 9.371 -1
A 395 250 9.235 106
A 395 397 17.155 14
A 395 3 51.170 230
A 396 397 5.718 -1
A 397 162 9.874 228
A 397 390 49.888 14
A 397 395 17.155 106
A 397 396 5.718 -1
A 398 66 53.642 166
A 398 170 80.935 -1
A 398 399 135.144 105
A 399 160 79.536 105
A 399 347 3.757 185
A 399 398 135.144 166
B 4 2
B 5 20
B 7 1
B 13 1
B 15 1
B 16 4
B 20 1
B 28 1
B 33 2
B 39 1
B 40 3
B 42 1
B 54 3
B 56 1
B 58 1
B 59 1
B 65 1
B 66 2
B 71 1
B 73 1
B 77 1
B 81 1
B 83 1
B 87 2
B 89 1
B 92 3
B 94 1
B 107 1
B 109 1
B 112 1
B 118 1
B 119 1
B 121 7
B 122 1
B 127 1
B 137 4
B 141 1
B 142 3
B 146 1
B 147 1
B 151 1
B 154 2
B 156 1
B 162 1
B 164 1
B 165 3
B 166 1
B 167 3
B 168 2
B 169 1
B 172 1
B 174 4
B 175 1
B 179 1
B 180 7
B 181 3
B 188 4
B 189 1
B 190 1
B 191 1
B 193 2
B 194 3
B 201 1
B 202 1
B 209 4
B 213 1
B 215 1
B 218 3
B 219 1
B 225 1
B 226 1
B 227 2
B 228 1
