372 1063 152
N 0 -5.1442717 -38.0990799 -1
N 1 -5.1421866 -38.0982511 5,148
N 2 -5.1423268 -38.0978769 5,91
N 3 -5.1393202 -38.0963414 149
N 4 -5.1383451 -38.0954951 6,7,92,147
N 5 -5.1377053 -38.0951424 92,147
N 6 -5.1512694 -38.1024018 8,27
N 7 -5.1436906 -38.0912572 9,10,11,12
N 8 -5.1429453 -38.0954669 13,93,140
N 9 -5.1441969 -38.0983691 -1
N 10 -5.142887 -38.0981092 91
N 11 -5.1441715 -38.0902983 9,11
N 12 -5.1429386 -38.0963588 13,14,93,94
N 13 -5.1427289 -38.0931549 15,16,96,125
N 14 -5.141838 -38.0949909 17,18,132,133
N 15 -5.1405597 -38.0975685 19,20,148
N 16 -5.1403701 -38.0979721 148
N 17 -5.1441151 -38.0964221 61,94
N 18 -5.1441277 -38.097316 61,94
N 19 -5.1407815 -38.097091 19,20,95,149
N 20 -5.1429159 -38.0972841 14,91,94
N 21 -5.1413852 -38.0959082 17,18,95,149
N 22 -5.1422921 -38.094044 96,125
N 23 -5.1432258 -38.0921893 10,12,15,16
N 24 -5.1427904 -38.0954307 13,18,132,140
N 25 -5.1445722 -38.0916649 9,12,21,22
N 26 -5.1423509 -38.0963386 13,14,18,95
N 27 -5.1417539 -38.0975765 5,19,91,95
N 28 -5.1415548 -38.0979949 5,19,148
N 29 -5.145049 -38.0907114 9,21,23
N 30 -5.1432151 -38.0945215 96,97
N 31 -5.1436519 -38.0936243 15,24,96,97
N 32 -5.1517662 -38.1013718 136,141
N 33 -5.1499591 -38.1005323 39
N 34 -5.153711 -38.102265 25
N 35 -5.1528855 -38.1018922 25,136
N 36 -5.1481038 -38.0996391 26,31
N 37 -5.1460067 -38.0986112 -1
N 38 -5.153158 -38.1033325 142
N 39 -5.154483 -38.1016588 -1
N 40 -5.1543468 -38.103936 142
N 41 -5.1523379 -38.1029382 27,142
N 42 -5.1544884 -38.0939019 -1
N 43 -5.1521429 -38.0982216 -1
N 44 -5.1522524 -38.0982806 137
N 45 -5.152768 -38.0969328 -1
N 46 -5.1528989 -38.0969945 137
N 47 -5.1509608 -38.0921088 28,98,150
N 48 -5.1500726 -38.0938549 51,99,100
N 49 -5.1514069 -38.0923355 98,101,150
N 50 -5.1509688 -38.0931897 98,101,102
N 51 -5.1508433 -38.0931281 98,99,102
N 52 -5.1503664 -38.0940253 99,102,103
N 53 -5.1503157 -38.0939971 99,100,103
N 54 -5.1497894 -38.0948943 100,103,104
N 55 -5.1369373 -38.0961603 147
N 56 -5.1373073 -38.0974773 29
N 57 -5.1377574 -38.096576 105,147
N 58 -5.1374769 -38.0950338 147
N 59 -5.1544937 -38.0960289 -1
N 60 -5.1521937 -38.1005685 106,107,136,151
N 61 -5.1473331 -38.0982564 -1
N 62 -5.1463313 -38.0978313 -1
N 63 -5.1540957 -38.1014764 25
N 64 -5.1434262 -38.0983382 -1
N 65 -5.1485125 -38.0988063 26,30,31,111
N 66 -5.1532809 -38.1010902 25,106,136
N 67 -5.1504746 -38.0997531 145,151
N 68 -5.1461189 -38.0977468 -1
N 69 -5.1474974 -38.0983302 31,111
N 70 -5.1503771 -38.0997102 32,39
N 71 -5.1411194 -38.1039266 -1
N 72 -5.1421078 -38.10243 138,139
N 73 -5.1398925 -38.1041278 -1
N 74 -5.1416897 -38.1029691 138
N 75 -5.1367169 -38.0930208 143
N 76 -5.1366407 -38.0946475 -1
N 77 -5.1513121 -38.0957539 108,115,116,130
N 78 -5.1527092 -38.0930047 33,34,37
N 79 -5.1509127 -38.0965103 35,40,108,115
N 80 -5.1494448 -38.0992717 26,30,32,39
N 81 -5.1522564 -38.0939086 33,36,37,43
N 82 -5.1499938 -38.098239 30,32,38,109
N 83 -5.1490334 -38.1000817 26,39
N 84 -5.1504372 -38.0974089 35,38,40,109
N 85 -5.1532863 -38.0919036 34,41,42
N 86 -5.1517836 -38.0948313 36,43,116,130
N 87 -5.1535961 -38.0912988 41,42,44
N 88 -5.1499898 -38.0960758 35,45,104,108
N 89 -5.1514096 -38.0934298 33,36,101,102
N 90 -5.1504306 -38.0952618 103,104,108,130
N 91 -5.1518798 -38.0925836 33,34,46,101
N 92 -5.15276 -38.0908817 42,44
N 93 -5.1495036 -38.0969636 35,45,109
N 94 -5.1490414 -38.0978018 30,109,111
N 95 -5.1524782 -38.0914356 34,42,46
N 96 -5.1509207 -38.0943511 36,102,103,130
N 97 -5.1495704 -38.09358 47,110
N 98 -5.1491096 -38.0945201 48,110
N 99 -5.1486808 -38.0954227 48,50
N 100 -5.146911 -38.0990799 -1
N 101 -5.145992 -38.1009507 -1
N 102 -5.1500205 -38.0926707 47,49
N 103 -5.150884 -38.091282 144,150
N 104 -5.1482253 -38.0963641 50
N 105 -5.1478326 -38.0971728 -1
N 106 -5.1475067 -38.0978675 -1
N 107 -5.1462472 -38.1004129 -1
N 108 -5.1464555 -38.1000321 -1
N 109 -5.1504239 -38.0918352 49,144
N 110 -5.1501514 -38.0927432 28,51
N 111 -5.1464515 -38.1004974 126
N 112 -5.1479822 -38.0972613 111
N 113 -5.1497079 -38.0936538 51,100
N 114 -5.1466332 -38.1001112 -1
N 115 -5.1488224 -38.0954924 45,104
N 116 -5.1483816 -38.0964419 45
N 117 -5.1461924 -38.1010379 126
N 118 -5.1470953 -38.0991657 31
N 119 -5.1492471 -38.0945925 100,104
N 120 -5.1505561 -38.0918969 28,150
N 121 -5.1488371 -38.0919734 52,53,54,55
N 122 -5.1453375 -38.1000133 -1
N 123 -5.1474773 -38.0948567 56,112,113,114
N 124 -5.1491884 -38.0912089 53,54,57,144
N 125 -5.1483896 -38.0929363 52,55,58,59
N 126 -5.1458154 -38.0989223 -1
N 127 -5.14674 -38.0964352 119
N 128 -5.1479341 -38.0938952 58,59,112,114
N 129 -5.1470392 -38.0957928 113,119
N 130 -5.1463113 -38.0973686 60
N 131 -5.1471394 -38.0955675 56,113,119
N 132 -5.146541 -38.0974384 -1
N 133 -5.1509047 -38.0986681 32,38
N 134 -5.1531326 -38.0943659 37,43
N 135 -5.1526371 -38.0952892 43,116
N 136 -5.1513201 -38.097838 38,40
N 137 -5.1517836 -38.0969542 40,115
N 138 -5.1541932 -38.092365 -1
N 139 -5.1536081 -38.0934526 37
N 140 -5.1521496 -38.096222 115,116
N 141 -5.1514337 -38.097893 -1
N 142 -5.1522578 -38.0962797 -1
N 143 -5.1527339 -38.0953355 -1
N 144 -5.1532115 -38.0944021 -1
N 145 -5.1509983 -38.0987124 145
N 146 -5.1540743 -38.0927767 -1
N 147 -5.1536883 -38.0934915 -1
N 148 -5.1495437 -38.1015596 8,117
N 149 -5.1500432 -38.1005732 151
N 150 -5.1455379 -38.0973472 60,61
N 151 -5.1419141 -38.0972439 14,91,95
N 152 -5.1437761 -38.0991724 -1
N 153 -5.1441096 -38.0983739 -1
N 154 -5.1438763 -38.0989163 -1
N 155 -5.1444506 -38.0995841 -1
N 156 -5.1451813 -38.0999489 -1
N 157 -5.1470192 -38.1002963 126
N 158 -5.1431831 -38.098864 148
N 159 -5.1455352 -38.0996058 -1
N 160 -5.1527239 -38.0995023 62,63,106
N 161 -5.1531393 -38.0986923 63,137
N 162 -5.1389101 -38.0959645 6,7,149
N 163 -5.150659 -38.1036423 64,65,66,118
N 164 -5.1540463 -38.0968912 -1
N 165 -5.1509528 -38.1030495 8,27,65,66
N 166 -5.144135 -38.0963176 67,93
N 167 -5.1455646 -38.0964661 60,61
N 168 -5.1455686 -38.0963775 119,120
N 169 -5.15184 -38.0990793 62,145
N 170 -5.1538339 -38.1000093 63,106
N 171 -5.1445054 -38.0953945 0,67,68,120
N 172 -5.1456247 -38.0954817 56,119,120,146
N 173 -5.1444882 -38.0963279 67,120
N 174 -5.1442022 -38.0954146 67,68,93,140
N 175 -5.1445134 -38.0951786 0,68,146
N 176 -5.1451131 -38.0954334 0,120,146
N 177 -5.1443398 -38.0950901 68,97,140,146
N 178 -5.1385695 -38.0945107 69,70,121,122
N 179 -5.1394644 -38.0949667 70,71,121,149
N 180 -5.1494795 -38.0923502 47,49,53,55
N 181 -5.1505614 -38.0929658 28,51,98,99
N 182 -5.1475428 -38.0912612 52,54,72,73
N 183 -5.1431483 -38.0897766 11
N 184 -5.1463126 -38.0910051 21,23,72,73
N 185 -5.1409311 -38.0898812 74
N 186 -5.1426995 -38.0907503 10,11,75
N 187 -5.1418848 -38.0903372 74,75
N 188 -5.1394324 -38.0903211 76,77
N 189 -5.1414173 -38.0912988 74,75,78,79
N 190 -5.1409204 -38.0922389 78,79,123
N 191 -5.1399657 -38.0917572 76,79,87,123
N 192 -5.1422828 -38.0917132 10,16,75,78
N 193 -5.1418367 -38.092719 16,78,125
N 194 -5.1404623 -38.0908408 74,76,79
N 195 -5.1465838 -38.0933252 58,114,124
N 196 -5.1453456 -38.0930141 22,24,124,131
N 197 -5.1458692 -38.0919479 21,22,73,124
N 198 -5.1471341 -38.0922309 52,58,73,124
N 199 -5.1513582 -38.0907342 144,150
N 200 -5.1496813 -38.0901146 57,144
N 201 -5.1455205 -38.0897391 23
N 202 -5.1483536 -38.0896264 57
N 203 -5.1467106 -38.0901441 23,72
N 204 -5.1448847 -38.0939542 24,97,131,146
N 205 -5.1479114 -38.0905545 54,57,72
N 206 -5.1490307 -38.0932689 47,55,59,110
N 207 -5.1498736 -38.0915482 49,53,144
N 208 -5.1515285 -38.0923945 46,101,150
N 209 -5.1461443 -38.0942479 56,114,131,146
N 210 -5.1405197 -38.095471 17,71,149
N 211 -5.1414039 -38.0936095 125
N 212 -5.1409458 -38.0945335 17,71,133,134
N 213 -5.1441341 -38.0993843 -1
N 214 -5.139427 -38.0970763 -1
N 215 -5.1429547 -38.0993293 148
N 216 -5.1395552 -38.0975899 -1
N 217 -5.1471741 -38.1014496 117,126
N 218 -5.1438276 -38.0998532 -1
N 219 -5.1396935 -38.0976409 1
N 220 -5.1400922 -38.0978179 1
N 221 -5.149191 -38.102265 8,66,80,117
N 222 -5.1520267 -38.1035189 27,65,142
N 223 -5.1542132 -38.099214 63
N 224 -5.1536095 -38.0977683 137
N 225 -5.1533135 -38.0924431 -1
N 226 -5.1538072 -38.093053 -1
N 227 -5.1539007 -38.0931079 -1
N 228 -5.1534786 -38.0900154 44
N 229 -5.1539955 -38.0915 41
N 230 -5.1540529 -38.0904499 44
N 231 -5.1478954 -38.102383 -1
N 232 -5.1489226 -38.1027988 64,66,80
N 233 -5.1477699 -38.1028363 -1
N 234 -5.1486621 -38.1032963 64
N 235 -5.1519319 -38.1010754 136,141,151
N 236 -5.1505801 -38.1008247 141,151
N 237 -5.1512774 -38.1001407 2,107,145
N 238 -5.1538179 -38.0973673 137
N 239 -5.1520735 -38.0966149 -1
N 240 -5.1525907 -38.0958947 -1
N 241 -5.1524715 -38.0958304 -1
N 242 -5.1531512 -38.0961672 -1
N 243 -5.1519586 -38.1004599 2,107,151
N 244 -5.1510957 -38.1000602 2,145,151
N 245 -5.147639 -38.1006074 117,126
N 246 -5.1446256 -38.0992301 -1
N 247 -5.143991 -38.0986625 -1
N 248 -5.1432739 -38.0986682 148
N 249 -5.1392948 -38.0952846 7,121,149
N 250 -5.138822 -38.0961241 6,81
N 251 -5.1381915 -38.0957781 6,81,147
N 252 -5.1384204 -38.0948231 92,121,122
N 253 -5.137899 -38.094555 92,122
N 254 -5.1397668 -38.0955473 -1
N 255 -5.1398398 -38.0972506 20
N 256 -5.1400989 -38.0967423 20,149
N 257 -5.139988 -38.0940521 70,71,82,134
N 258 -5.1404702 -38.0931361 123
N 259 -5.1485218 -38.094217 59,110,112
N 260 -5.1486033 -38.0942586 48,110,112
N 261 -5.1481519 -38.0951826 48,50,112,113
N 262 -5.1386562 -38.0949562 7,92,121
N 263 -5.139053 -38.0935961 69,70,82,83
N 264 -5.1395152 -38.0926439 87,123
N 265 -5.1373807 -38.0916435 84,127
N 266 -5.1378055 -38.0906805 84,85,86
N 267 -5.1376986 -38.0941004 69,122,143
N 268 -5.1381274 -38.0931535 69,83,128,143
N 269 -5.1385655 -38.092196 87,135
N 270 -5.1389796 -38.0912733 76,77,87,135
N 271 -5.1538686 -38.1048775 129,142
N 272 -5.1528214 -38.104282 118,129,142
N 273 -5.1520267 -38.1037053 65,118,142
N 274 -5.1515873 -38.1067631 -1
N 275 -5.1517983 -38.1063366 118,129
N 276 -5.1382035 -38.0973445 29
N 277 -5.139582 -38.0979708 1
N 278 -5.1382897 -38.0971592 29,105
N 279 -5.1376212 -38.0968523 29,105
N 280 -5.1530458 -38.1065619 129
N 281 -5.147669 -38.097943 111
N 282 -5.1492779 -38.0973713 109
N 283 -5.1485781 -38.0970162 -1
N 284 -5.1511565 -38.0909407 144,150
N 285 -5.1511128 -38.0918653 -1
N 286 -5.1514843 -38.0997482 62,107,145
N 287 -5.1519706 -38.096564 115
N 288 -5.1518678 -38.0969918 -1
N 289 -5.1539861 -38.0927271 -1
N 290 -5.1539594 -38.0927767 -1
N 291 -5.1535881 -38.09209 41
N 292 -5.1509021 -38.0955112 108,130
N 293 -5.1510413 -38.0952719 -1
N 294 -5.1529096 -38.1068033 129
N 295 -5.1440938 -38.0993652 -1
N 296 -5.1385324 -38.0966965 81,105
N 297 -5.1378696 -38.0963776 81,105,147
N 298 -5.1366902 -38.0966337 -1
N 299 -5.1371991 -38.0956426 147
N 300 -5.1366932 -38.0954026 -1
N 301 -5.1366327 -38.0932796 -1
N 302 -5.1476977 -38.0961093 50,113
N 303 -5.1456715 -38.0941379 131,146
N 304 -5.1459201 -38.0936112 -1
N 305 -5.1441087 -38.0926265 12,15,22,24
N 306 -5.1431804 -38.0945979 132,140
N 307 -5.1440473 -38.094952 97,140
N 308 -5.1422534 -38.0941245 132,133
N 309 -5.1413612 -38.093698 133,134
N 310 -5.1404275 -38.0932313 82,134
N 311 -5.1407521 -38.0925836 123
N 312 -5.1413659 -38.0929069 -1
N 313 -5.1394671 -38.0927365 82,83
N 314 -5.1384172 -38.0921666 128,135
N 315 -5.1385214 -38.0922805 83,128
N 316 -5.1378372 -38.0918567 84,127,128,135
N 317 -5.138265 -38.0909072 77,84,85,135
N 318 -5.1386809 -38.0899292 77,85
N 319 -5.1369613 -38.0925179 127
N 320 -5.1371055 -38.0926359 127,143
N 321 -5.1379578 -38.0895621 86
N 322 -5.137541 -38.0905464 86
N 323 -5.1382623 -38.0897176 85,86
N 324 -5.1370866 -38.0912258 -1
N 325 -5.1374315 -38.0904874 -1
N 326 -5.1504586 -38.104111 64,118
N 327 -5.1509241 -38.1001066 -1
N 328 -5.1509702 -38.0999959 145,151
N 329 -5.1518464 -38.1012391 136,141
N 330 -5.1517565 -38.1012075 -1
N 331 -5.1453509 -38.0995184 -1
N 332 -5.1414279 -38.1046951 -1
N 333 -5.1431483 -38.1042606 -1
N 334 -5.1426848 -38.1038475 88
N 335 -5.1428919 -38.1025332 88,89
N 336 -5.142769 -38.102092 89,90,138
N 337 -5.1430281 -38.1022985 89,90
N 338 -5.1426688 -38.1029503 88,89,138
N 339 -5.1423589 -38.1036718 88,138
N 340 -5.1419382 -38.1047246 -1
N 341 -5.1426448 -38.1015287 90,139
N 342 -5.1425246 -38.101856 90,138,139
N 343 -5.1422601 -38.101396 3,139
N 344 -5.1418367 -38.1022972 4,139
N 345 -5.1419676 -38.1019874 3,4,139
N 346 -5.1417485 -38.1018882 3,4
N 347 -5.152382 -38.1001715 62,106,107
N 348 -5.1367558 -38.093071 143
N 349 -5.1375648 -38.0940408 122,143
N 350 -5.1373487 -38.0927753 127,128,143
N 351 -5.1408883 -38.0934647 134
N 352 -5.154275 -38.0922886 -1
N 353 -5.1542773 -38.0924025 -1
N 354 -5.1468035 -38.0965016 -1
N 355 -5.146708 -38.096509 60
N 356 -5.1440043 -38.0963738 93,94
N 357 -5.1433934 -38.0984042 -1
N 358 -5.1429176 -38.0993874 148
N 359 -5.1499624 -38.1006315 -1
N 360 -5.1465724 -38.0933473 114,124,131
N 361 -5.1427289 -38.094268 96
N 362 -5.1417993 -38.0938013 125
N 363 -5.1409297 -38.0933802 -1
N 364 -5.1417552 -38.0938858 133
N 365 -5.1426902 -38.0943538 132
N 366 -5.1524646 -38.0975582 -1
N 367 -5.1525757 -38.0976127 137
N 368 -5.1523781 -38.0957848 116
N 369 -5.1487734 -38.1020896 80,117
N 370 -5.1485506 -38.1026482 80
N 371 -5.1521458 -38.0912274 46,150
A 0 246 42.72 -1 0 200295082
A 0 213 37.02 -1 0 200305573
A 1 28 75.77 5 1 200305572
A 1 248 129.44 148 4 200295082
A 2 27 71.87 91 0 239094080
A 2 1 44.28 5 1 264915407
A 3 162 61.82 149 0 239094080
A 3 256 97.32 -1 0 239094080
A 4 251 35.69 147 0 200449847
A 4 162 81.54 6 0 239094080
A 4 262 68.98 7 2 409633710
A 4 5 81.18 92 0 851302740
A 5 58 28.10 -1 0 200229859
A 5 253 69.40 92 0 200295084
A 5 4 81.18 147 0 851302740
A 6 165 79.90 8 0 199639033
A 6 32 126.74 -1 0 199639033
A 6 41 132.84 27 0 675735883
A 7 11 118.90 9 0 199425780
A 7 23 115.44 10 0 199425780
A 7 186 123.68 11 0 200301497
A 7 25 107.93 12 0 200303281
A 8 12 98.78 13 0 199425781
A 8 24 17.68 140 0 409633709
A 8 174 139.88 93 0 200296477
A 9 153 9.72 -1 0 239134693
A 9 18 116.91 -1 0 199425779
A 10 20 91.43 -1 0 199425781
A 10 2 67.39 91 0 239134693
A 11 7 118.90 11 0 199425780
A 11 183 127.61 -1 0 200301404
A 11 29 107.79 9 0 200301404
A 12 8 98.78 93 0 199425781
A 12 20 102.51 14 0 199425781
A 12 26 65.39 13 0 200296695
A 12 356 118.51 94 0 200296695
A 13 23 120.37 15 0 199425780
A 13 22 109.79 125 0 199425780
A 13 193 110.33 16 2 200301939
A 13 31 115.08 96 0 675736611
A 14 308 106.49 132 0 199425780
A 14 21 113.38 17 0 199425780
A 14 212 111.39 133 0 409633709
A 14 24 116.64 18 0 409633709
A 15 19 58.35 19 0 199425780
A 15 16 49.42 -1 0 199425780
A 15 255 87.45 20 0 200305572
A 15 28 120.31 148 4 200305572
A 16 15 49.42 148 4 199425780
A 16 358 325.06 -1 0 200305695
A 16 220 35.31 -1 0 200305695
A 17 167 161.25 61 1 200295445
A 17 18 99.01 94 0 262304220
A 17 166 11.81 -1 0 200295457
A 18 17 99.01 61 1 262304220
A 18 20 134.79 94 0 262304221
A 18 150 156.85 -1 0 239134683
A 19 21 147.19 95 0 199425780
A 19 15 58.35 20 0 199425780
A 19 27 120.76 19 0 239094080
A 19 256 85.16 149 0 239094080
A 20 12 102.51 94 0 199425781
A 20 10 91.43 91 0 199425781
A 20 151 111.48 14 0 262304221
A 20 18 134.79 -1 0 262304221
A 21 14 113.38 18 0 199425780
A 21 19 147.19 149 0 199425780
A 21 210 107.73 17 0 554667050
A 21 26 117.48 95 0 554667050
A 22 13 109.79 96 0 199425780
A 22 308 9.90 -1 0 199425780
A 22 362 61.03 125 0 482904369
A 23 7 115.44 12 0 199425780
A 23 13 120.37 16 2 199425780
A 23 192 117.37 10 0 200301940
A 23 305 109.48 15 0 755773419
A 24 26 111.80 18 0 199425923
A 24 306 101.92 140 0 199425923
A 24 8 17.68 13 0 409633709
A 24 14 116.64 132 0 409633709
A 25 305 118.31 12 0 199425923
A 25 29 118.16 21 0 199425923
A 25 197 147.59 22 0 200303281
A 25 7 107.93 9 0 200303281
A 26 24 111.80 13 0 199425923
A 26 12 65.39 14 0 200296695
A 26 151 111.41 95 0 554667049
A 26 21 117.48 18 0 554667050
A 27 2 71.87 5 1 239094080
A 27 19 120.76 95 0 239094080
A 27 28 51.35 19 0 554667049
A 27 151 40.92 91 0 554667049
A 28 1 75.77 148 4 200305572
A 28 27 51.35 5 1 554667049
A 28 15 120.31 19 0 200305572
A 29 25 118.16 9 0 199425923
A 29 201 119.77 23 0 200303432
A 29 11 107.79 -1 0 200301404
A 29 184 144.25 21 0 200301404
A 30 306 9.30 -1 0 199425923
A 30 31 110.60 97 0 199425923
A 30 361 60.92 96 0 482904369
A 31 30 110.60 96 0 199425923
A 31 305 121.62 24 0 199425923
A 31 13 115.08 15 0 675736611
A 31 204 141.87 97 0 675736611
A 32 236 145.14 141 0 199425953
A 32 6 126.74 -1 0 199639033
A 32 329 17.19 136 0 199639033
A 33 83 114.39 39 2 199425953
A 33 359 10.99 -1 0 200289916
A 34 35 100.65 25 0 199425953
A 34 63 97.25 -1 0 200304186
A 34 38 133.26 -1 0 200304186
A 35 32 137.16 136 0 199425953
A 35 41 130.87 -1 0 199637911
A 35 66 99.10 25 0 199637911
A 36 245 119.04 -1 0 200288140
A 36 65 102.82 26 0 200288140
A 36 118 123.79 31 0 199425953
A 37 62 93.61 -1 0 851302739
A 38 34 133.26 -1 0 200304186
A 38 40 148.12 142 0 675735883
A 39 63 47.57 -1 0 200161893
A 40 271 117.04 142 0 200305164
A 41 35 130.87 -1 0 199637911
A 41 222 73.03 27 0 200305724
A 41 38 101.11 142 0 675735883
A 42 147 99.90 -1 0 200303876
A 43 44 13.82 -1 0 200360076
A 43 141 86.85 -1 0 200360076
A 44 367 82.24 137 0 199643274
A 44 161 108.65 -1 0 200360076
A 44 43 13.82 -1 0 200360076
A 45 366 77.04 -1 0 199643275
A 45 239 84.87 -1 0 239073008
A 45 46 16.08 -1 0 239073008
A 46 45 16.08 -1 0 239073008
A 46 238 110.22 137 0 239073008
A 47 181 104.79 28 0 199646945
A 47 49 55.60 98 0 200303876
A 47 120 50.75 150 0 200303876
A 48 181 112.47 99 0 199646945
A 48 53 31.28 100 2 200303281
A 48 113 46.27 51 0 200303281
A 49 50 106.41 98 0 199646947
A 49 208 15.02 101 0 200303876
A 49 47 55.60 150 0 200303876
A 50 49 106.41 101 0 199646947
A 50 51 15.53 98 0 200301404
A 50 89 55.76 102 0 200301404
A 51 52 112.63 99 0 199646956
A 51 181 36.13 98 0 200301404
A 51 50 15.53 102 0 200301404
A 52 51 112.63 102 0 199646956
A 52 96 71.42 103 0 200303281
A 52 53 6.45 99 0 200303281
A 53 54 115.31 100 2 199647074
A 53 52 6.45 103 0 200303281
A 53 48 31.28 99 0 200303281
A 54 53 115.31 103 0 199647074
A 54 90 82.10 104 0 200302179
A 54 119 68.94 100 2 200302179
A 55 57 102.15 -1 0 199742663
A 55 298 59.19 -1 0 199755054
A 55 299 64.30 147 0 199755054
A 56 279 77.52 29 0 200449847
A 56 276 290.67 -1 0 [264933382, 200449847]
A 57 55 102.15 147 0 199742663
A 57 297 25.27 105 1 200449847
A 57 279 34.14 -1 0 200449847
A 58 299 74.16 -1 0 199755054
A 58 76 102.35 -1 0 200229859
A 58 5 28.10 147 0 200229859
A 59 164 107.68 -1 0 199639033
A 60 235 63.24 151 0 199639033
A 60 347 48.70 106 0 199639033
A 60 243 28.78 107 0 200161893
A 60 66 133.99 136 0 200161893
A 61 62 120.94 -1 0 200161893
A 61 69 20.01 -1 0 200161893
A 61 100 102.57 -1 0 200288388
A 62 61 120.94 -1 0 200161893
A 62 68 25.40 -1 0 239134687
A 62 132 49.37 -1 0 239134689
A 63 66 100.19 -1 0 200161893
A 63 39 47.57 -1 0 200161893
A 63 34 97.25 25 0 200304186
A 64 357 8.17 -1 0 540251112
A 64 10 65.11 -1 0 239134693
A 65 69 124.58 111 0 200161893
A 65 80 115.77 26 0 200161893
A 65 36 102.82 31 0 200288140
A 65 94 125.83 30 0 200288140
A 66 35 99.10 136 0 199637911
A 66 60 133.99 106 0 200161893
A 66 63 100.19 25 0 200161893
A 66 170 134.58 -1 0 199637911
A 67 70 11.84 -1 0 200161893
A 67 328 61.32 151 0 200161893
A 67 145 129.13 145 0 200289917
A 68 9 242.95 -1 0 [239134691, 200161894]
A 69 61 20.01 -1 0 200161893
A 69 65 124.58 31 0 200161893
A 69 281 46.94 111 0 200288727
A 70 80 114.48 32 0 200161893
A 70 67 11.84 -1 0 200161893
A 70 33 102.22 39 2 200289607
A 71 73 142.72 -1 0 31514410
A 71 74 124.18 -1 0 31514410
A 71 332 98.06 -1 0 554667040
A 72 74 75.68 -1 0 31514410
A 72 342 78.68 138 0 31514410
A 72 344 33.59 139 0 554667045
A 73 71 142.72 -1 0 31514410
A 74 71 124.18 -1 0 31514410
A 74 72 75.68 138 0 31514410
A 74 339 107.85 -1 0 554667041
A 75 348 7.04 -1 0 444917544
A 75 320 60.70 143 0 753804012
A 76 58 102.35 -1 0 200229859
A 77 79 94.81 108 0 200287945
A 77 86 114.84 116 0 200287945
A 77 292 52.92 130 0 200302179
A 77 140 106.66 115 0 200302179
A 78 81 112.05 33 0 200287945
A 78 85 137.80 -1 0 200287945
A 78 139 111.58 37 0 200303876
A 78 91 103.35 34 1 200303876
A 79 84 112.69 35 0 200287945
A 79 77 94.81 115 0 200287945
A 79 88 113.34 108 0 200304222
A 79 137 108.60 40 0 200304222
A 80 65 115.77 30 0 200161893
A 80 70 114.48 39 2 200161893
A 80 83 100.69 26 0 200287945
A 80 82 129.64 32 0 200287945
A 81 86 114.92 36 0 200287945
A 81 78 112.05 37 0 200287945
A 81 89 108.06 33 0 200301404
A 81 134 109.81 43 0 200301404
A 82 80 129.64 30 0 200287945
A 82 84 104.32 38 0 200287945
A 82 133 111.88 32 0 675735887
A 82 94 116.45 109 0 675735887
A 83 36 114.40 26 0 199425953
A 83 80 100.69 39 2 200287945
A 84 82 104.32 109 0 200287945
A 84 79 112.69 40 0 200287945
A 84 136 109.07 38 0 200360076
A 84 93 114.93 35 0 200360076
A 85 78 137.80 34 1 200287945
A 85 87 75.32 41 0 200287945
A 85 291 39.42 -1 0 200304083
A 85 95 103.73 42 0 200304083
A 86 77 114.84 130 0 200287945
A 86 81 114.92 43 0 200287945
A 86 135 107.60 116 0 200303281
A 86 96 109.71 36 0 200303281
A 87 85 75.32 42 0 200287945
A 87 229 49.69 41 0 200373357
A 87 230 106.86 -1 0 755803363
A 87 92 103.81 44 0 755803365
A 88 93 112.20 45 0 200288140
A 88 90 102.61 108 0 200288140
A 88 79 113.34 35 0 200304222
A 88 115 145.01 104 0 200304222
A 89 96 115.61 102 0 200288140
A 89 91 107.31 33 0 200288140
A 89 50 55.76 101 0 200301404
A 89 81 108.06 36 0 200301404
A 90 88 102.61 104 0 200288140
A 90 96 114.64 130 0 200288140
A 90 292 59.26 108 0 200302179
A 90 54 82.10 103 0 200302179
A 91 89 107.31 101 0 200288140
A 91 95 143.50 34 1 200288140
A 91 78 103.35 33 0 200303876
A 91 208 44.32 46 0 200303876
A 92 95 68.88 -1 0 200288140
A 92 228 125.05 44 0 200373866
A 92 87 103.81 42 0 755803365
A 93 282 51.66 -1 0 200288140
A 93 88 112.20 35 0 200288140
A 93 84 114.93 109 0 200360076
A 93 116 137.49 45 0 200360076
A 94 65 125.83 111 0 200288140
A 94 282 54.45 109 0 200288140
A 94 82 116.45 30 0 675735887
A 94 112 132.12 -1 0 675735887
A 95 91 143.50 46 0 200288140
A 95 92 68.88 42 0 200288140
A 95 371 43.56 -1 0 200303494
A 95 85 103.73 34 1 200304083
A 96 90 114.64 103 0 200288140
A 96 89 115.61 36 0 200288140
A 96 52 71.42 102 0 200303281
A 96 86 109.71 130 0 200303281
A 97 98 116.04 110 0 200288388
A 97 113 17.34 -1 0 200303281
A 97 206 69.21 47 0 200303281
A 98 99 110.75 48 0 200288388
A 98 119 17.26 -1 0 200302179
A 98 260 63.31 110 0 200302179
A 99 104 115.91 50 0 200288388
A 99 261 64.54 48 0 675736611
A 99 115 17.54 -1 0 675736611
A 100 108 116.99 -1 0 200288388
A 100 37 113.16 -1 0 199425953
A 101 117 24.29 -1 0 755079377
A 101 218 270.22 -1 0 755079377
A 102 97 112.45 47 0 200288388
A 102 110 16.62 -1 0 200301404
A 102 180 69.85 49 1 200301404
A 103 109 80.95 144 0 200288388
A 103 284 48.44 150 0 200374149
A 104 105 99.64 -1 0 200288388
A 104 302 65.10 50 0 200360076
A 104 116 19.40 -1 0 200360076
A 105 106 85.04 -1 0 200288388
A 105 112 19.31 -1 0 200295646
A 105 354 136.52 -1 0 200295646
A 106 61 47.20 -1 0 200288388
A 106 281 19.89 -1 0 200290320
A 106 132 117.43 -1 0 200290320
A 107 122 110.41 -1 0 200290514
A 107 111 24.57 -1 0 239094074
A 107 101 65.97 -1 0 239094075
A 108 114 21.61 -1 0 675735868
A 108 107 48.11 -1 0 675735869
A 109 102 102.83 49 1 200288388
A 109 120 16.21 -1 0 200303876
A 109 207 68.95 144 0 675800515
A 110 102 16.62 -1 0 200301404
A 110 120 103.97 28 0 675736612
A 110 181 51.84 51 0 200301404
A 111 117 66.43 -1 0 200288728
A 111 107 24.57 -1 0 239094074
A 111 157 89.40 126 0 239094074
A 112 105 19.31 -1 0 200295646
A 112 116 101.03 -1 0 675735888
A 112 94 132.12 111 0 675735887
A 113 48 46.27 100 2 200303281
A 113 97 17.34 -1 0 200303281
A 113 110 112.26 51 0 675736612
A 114 118 116.64 -1 0 200288729
A 114 157 47.56 -1 0 675735868
A 115 99 17.54 -1 0 675736611
A 115 119 110.28 104 0 675736612
A 115 88 145.01 45 0 200304222
A 116 93 137.49 -1 0 200360076
A 116 104 19.40 -1 0 200360076
A 116 115 116.07 45 0 675735888
A 117 111 66.43 126 0 200288728
A 117 101 24.29 -1 0 755079377
A 117 217 118.30 -1 0 755079377
A 118 69 102.77 31 0 200288727
A 118 100 22.59 -1 0 199425953
A 119 54 68.94 104 0 200302179
A 119 98 17.26 -1 0 200302179
A 119 113 115.90 100 2 675736612
A 120 47 50.75 28 0 200303876
A 120 109 16.21 -1 0 200303876
A 120 103 77.29 150 0 675736612
A 121 125 117.68 52 0 200289261
A 121 124 93.24 53 0 200289261
A 121 182 164.14 54 0 200301404
A 121 180 82.77 55 0 200301404
A 122 159 50.20 -1 0 200289260
A 122 156 18.78 -1 0 200290514
A 123 131 87.23 56 1 200289261
A 123 128 117.98 112 0 200289261
A 123 261 83.24 113 0 675736611
A 123 209 162.84 114 0 675736611
A 124 121 93.24 54 0 200289261
A 124 200 133.01 144 0 200304794
A 124 207 84.95 53 0 675800515
A 124 205 159.42 57 0 675800515
A 125 128 117.66 58 0 200289261
A 125 121 117.68 55 0 200289261
A 125 206 80.24 59 0 200303281
A 125 198 160.00 52 0 200303281
A 126 37 40.82 -1 0 200289310
A 126 331 96.69 -1 0 [675735886, 200290895]
A 127 355 8.91 -1 0 200289261
A 127 129 78.54 -1 0 200289261
A 127 168 130.43 119 1 200295444
A 128 123 117.98 114 0 200289261
A 128 125 117.66 59 0 200289261
A 128 259 74.44 112 0 200302179
A 128 195 162.88 58 0 200302179
A 129 127 78.54 119 1 200289261
A 129 131 27.33 113 0 200289261
A 129 302 81.18 -1 0 200360076
A 130 355 104.92 -1 0 200289261
A 130 68 47.03 -1 0 239134685
A 130 132 26.69 -1 0 200290320
A 130 150 86.05 60 0 239134683
A 131 129 27.33 119 1 200289261
A 131 123 87.23 113 0 200289261
A 131 172 168.70 56 1 200296477
A 132 130 26.69 -1 0 200290320
A 132 106 117.43 -1 0 200290320
A 133 70 129.46 32 0 200289607
A 133 145 11.51 -1 0 675735887
A 133 82 111.88 38 0 675735887
A 134 135 116.15 43 0 200289607
A 134 144 9.65 -1 0 200301404
A 134 81 109.81 37 0 200301404
A 135 368 61.98 116 0 200289607
A 135 143 11.92 -1 0 200303281
A 135 86 107.60 43 0 200303281
A 136 133 102.88 38 0 200289607
A 136 141 14.02 -1 0 200360076
A 136 84 109.07 40 0 200360076
A 137 136 110.62 40 0 200289607
A 137 79 108.60 115 0 200304222
A 137 288 10.25 -1 0 200304222
A 138 353 10.23 -1 0 200304083
A 138 289 46.24 -1 0 200289607
A 138 291 73.86 -1 0 200304083
A 139 134 114.13 37 0 200289607
A 139 147 9.90 -1 0 200303876
A 139 78 111.58 -1 0 200303876
A 140 287 42.79 115 0 200289607
A 140 142 13.62 -1 0 200302179
A 140 77 106.66 116 0 200302179
A 141 288 110.86 -1 0 200289917
A 141 43 86.85 -1 0 200360076
A 141 136 14.02 -1 0 200360076
A 142 241 55.14 -1 0 200289917
A 142 140 13.62 -1 0 200302179
A 143 144 116.21 -1 0 200289917
A 143 135 11.92 -1 0 200303281
A 144 147 113.93 -1 0 200289917
A 144 134 9.65 -1 0 200301404
A 145 141 102.85 -1 0 200289917
A 145 169 102.03 145 0 675735887
A 145 133 11.51 -1 0 675735887
A 146 289 11.24 -1 0 200373325
A 146 353 47.20 -1 0 200289917
A 147 227 48.61 -1 0 200289917
A 147 42 99.90 -1 0 200303876
A 147 139 9.90 -1 0 200303876
A 148 221 87.41 117 0 675735882
A 148 6 213.36 8 0 675735883
A 148 359 112.84 -1 0 755092489
A 149 67 102.71 151 0 200289917
A 149 33 10.39 -1 0 199425953
A 150 167 97.62 60 0 200304750
A 150 18 156.85 61 1 239134683
A 150 130 86.05 -1 0 239134683
A 151 20 111.48 91 0 262304221
A 151 27 40.92 95 0 554667049
A 151 26 111.41 14 0 554667049
A 152 154 30.47 -1 0 200290447
A 152 158 74.30 -1 0 200290514
A 153 247 34.58 -1 0 200290447
A 153 64 76.37 -1 0 239134693
A 154 152 30.47 -1 0 200290447
A 154 247 30.87 -1 0 200290447
A 154 0 47.55 -1 0 200295082
A 155 246 43.77 -1 0 239090375
A 155 213 41.57 -1 0 200290514
A 156 155 91.30 -1 0 200290514
A 157 245 77.05 126 0 675735868
A 157 111 89.40 -1 0 239094074
A 158 248 23.92 -1 0 540251112
A 158 215 57.45 148 4 540251112
A 159 108 112.70 -1 0 422032837
A 159 126 82.10 -1 0 675735886
A 160 347 83.29 62 0 199639033
A 160 161 100.90 63 0 199639033
A 160 170 135.60 106 0 675735887
A 160 169 108.88 -1 0 675735887
A 161 160 100.90 -1 0 199639033
A 161 224 114.91 -1 0 199639033
A 161 223 132.66 63 0 200360076
A 161 44 108.65 137 0 200360076
A 162 3 61.82 -1 0 239094080
A 162 4 81.54 7 2 239094080
A 162 249 86.60 149 0 675735870
A 162 250 20.21 6 0 675735870
A 163 326 56.49 64 0 199639033
A 163 165 73.33 65 0 199639033
A 163 273 166.32 118 0 [200448834, 498347277]
A 163 232 214.55 66 0 200448834
A 164 238 58.52 -1 0 199639033
A 164 59 107.68 -1 0 199639033
A 165 163 73.33 66 0 199639033
A 165 6 79.90 27 0 199639033
A 165 221 214.30 8 0 755079377
A 165 222 130.24 65 0 755079377
A 166 356 15.81 93 0 754194587
A 166 17 11.81 -1 0 200295457
A 166 174 100.30 67 0 200296475
A 167 150 97.62 61 1 200304750
A 167 168 9.82 -1 0 200304750
A 167 355 127.23 60 0 200295445
A 168 173 120.26 120 0 200295444
A 168 167 9.82 -1 0 200304750
A 168 172 99.45 119 1 200304750
A 169 286 83.98 145 0 200524959
A 169 160 108.88 62 0 675735887
A 169 145 102.03 -1 0 675735887
A 170 223 97.65 -1 0 199637911
A 170 160 135.60 63 0 675735887
A 170 66 134.58 106 0 199637911
A 171 174 33.79 68 0 200296477
A 171 175 23.93 0 0 200296515
A 171 176 67.71 120 0 200296477
A 171 173 103.39 67 0 200296515
A 172 176 57.14 146 0 200296477
A 172 131 168.70 119 1 200296477
A 172 168 99.45 120 0 200304750
A 172 209 148.44 56 1 200304750
A 173 166 39.29 67 0 200295444
A 173 171 103.39 120 0 200296515
A 174 171 33.79 67 0 200296477
A 174 166 100.30 93 0 200296475
A 174 8 139.88 140 0 200296477
A 174 177 39.09 68 0 200296516
A 175 177 21.65 146 0 200296514
A 175 171 23.93 68 0 200296515
A 175 176 72.41 0 0 200296517
A 176 172 57.14 120 0 200296477
A 176 175 72.41 146 0 200296517
A 176 171 67.71 0 0 200296477
A 177 175 21.65 68 0 200296514
A 177 307 35.94 97 0 409633708
A 177 174 39.09 140 0 200296516
A 177 204 139.63 146 0 200303495
A 178 267 106.97 69 3 554667050
A 178 179 111.59 121 1 554667050
A 178 252 38.37 122 0 675735874
A 178 263 114.67 70 1 675735874
A 179 178 111.59 70 1 554667050
A 179 210 129.96 149 0 554667050
A 179 249 39.94 121 1 675735870
A 179 257 116.85 71 0 675735870
A 180 121 82.77 53 0 200301404
A 180 102 69.85 47 0 200301404
A 180 206 113.32 55 0 200303966
A 180 207 99.04 49 1 200303966
A 181 48 112.47 51 0 199646945
A 181 47 104.79 98 0 199646945
A 181 51 36.13 99 0 200301404
A 181 110 51.84 28 0 200301404
A 182 205 88.35 54 0 200304750
A 182 184 139.82 72 0 200301404
A 182 121 164.14 52 0 200301404
A 182 198 116.62 73 0 200304750
A 183 186 118.82 -1 0 200304352
A 183 11 127.61 11 0 200301404
A 184 29 144.25 23 0 200301404
A 184 182 139.82 73 0 200301404
A 184 197 115.47 21 0 200303495
A 184 203 105.16 72 0 200303495
A 185 187 117.46 74 0 200301497
A 185 194 118.37 -1 0 675735874
A 186 187 101.49 -1 0 200301497
A 186 7 123.68 10 0 200301497
A 186 183 118.82 11 0 200304352
A 186 192 116.27 75 0 200304352
A 187 185 117.46 -1 0 200301497
A 187 186 101.49 75 0 200301497
A 187 189 118.50 74 0 675736614
A 188 318 94.16 -1 0 200301940
A 188 194 128.17 76 0 200301940
A 188 270 116.86 77 0 409633711
A 189 192 106.62 78 0 200301940
A 189 187 118.50 75 0 675736614
A 189 190 117.87 79 0 675736614
A 189 194 117.68 74 0 200301940
A 190 193 114.93 -1 0 200301939
A 190 311 42.52 123 0 675735870
A 190 191 118.81 79 0 675736613
A 190 189 117.87 78 0 675736614
A 191 264 110.24 87 0 675735874
A 191 194 115.54 79 0 675735874
A 191 270 122.05 76 0 675736613
A 191 190 118.81 123 0 675736613
A 192 189 106.62 75 0 200301940
A 192 186 116.27 10 0 200304352
A 192 193 121.94 78 0 200304352
A 192 23 117.37 16 2 200301940
A 193 190 114.93 78 0 200301939
A 193 13 110.33 125 0 200301939
A 193 192 121.94 16 2 200304352
A 193 211 109.74 -1 0 200304352
A 194 188 128.17 -1 0 200301940
A 194 191 115.54 76 0 675735874
A 194 185 118.37 74 0 675735874
A 194 189 117.68 79 0 200301940
A 195 360 2.76 124 0 200304750
A 195 128 162.88 114 0 200302179
A 195 198 135.81 58 0 200304750
A 196 204 116.04 24 0 200303495
A 196 197 131.65 124 0 200303495
A 196 360 141.34 131 2 755773419
A 196 305 144.16 22 0 755773419
A 197 196 131.65 22 0 200303495
A 197 198 144.12 124 0 200303281
A 197 25 147.59 21 0 200303281
A 197 184 115.47 73 0 200303495
A 198 125 160.00 58 0 200303281
A 198 197 144.12 73 0 200303281
A 198 195 135.81 124 0 200304750
A 198 182 116.62 52 0 200304750
A 199 371 103.21 150 0 200303494
A 199 200 198.69 -1 0 200303494
A 199 284 32.06 144 0 200374149
A 200 202 157.22 -1 0 200303494
A 200 124 133.01 57 0 200304794
A 200 199 198.69 144 0 200303494
A 201 29 119.77 -1 0 200303432
A 201 203 139.73 23 0 675800515
A 202 200 157.22 57 0 200303494
A 202 205 113.94 -1 0 200304750
A 203 205 141.05 72 0 675800515
A 203 184 105.16 23 0 200303495
A 203 201 139.73 -1 0 675800515
A 204 196 116.04 131 2 200303495
A 204 303 89.82 146 0 675736611
A 204 177 139.63 97 0 200303495
A 204 31 141.87 24 0 675736611
A 205 182 88.35 72 0 200304750
A 205 203 141.05 -1 0 675800515
A 205 202 113.94 57 0 200304750
A 205 124 159.42 54 0 675800515
A 206 259 119.28 59 0 409633704
A 206 97 69.21 110 0 200303281
A 206 125 80.24 55 0 200303281
A 206 180 113.32 47 0 200303966
A 207 109 68.95 49 1 675800515
A 207 124 84.95 144 0 675800515
A 207 180 99.04 53 0 200303966
A 208 91 44.32 101 0 200303876
A 208 49 15.02 150 0 200303876
A 208 371 146.39 46 0 200304041
A 209 360 110.52 114 0 200304750
A 209 172 148.44 146 0 200304750
A 209 303 53.98 131 2 675736611
A 209 123 162.84 56 1 675736611
A 210 179 129.96 71 0 554667050
A 210 21 107.73 149 0 554667050
A 210 212 114.13 17 0 755782249
A 211 193 109.74 125 0 200304352
A 211 309 10.89 -1 0 200304352
A 211 363 58.52 -1 0 482904369
A 212 309 103.42 133 0 200304352
A 212 257 119.10 134 0 409633709
A 212 14 111.39 17 0 409633709
A 212 210 114.13 71 0 755782249
A 213 295 4.96 -1 0 200290514
A 213 0 37.02 -1 0 200305573
A 214 255 49.80 -1 0 200305572
A 215 358 7.64 148 4 540251112
A 215 158 57.45 -1 0 540251112
A 215 218 113.10 -1 0 755079377
A 216 219 16.38 -1 0 200305695
A 217 245 106.65 117 0 200288140
A 217 369 191.45 -1 0 755079377
A 217 117 118.30 126 0 755079377
A 218 295 61.62 -1 0 482894030
A 218 101 270.22 -1 0 755079377
A 218 215 113.10 -1 0 755079377
A 219 277 38.58 -1 0 409637372
A 219 220 49.08 1 0 200305695
A 219 216 16.38 -1 0 200305695
A 220 16 35.31 -1 0 200305695
A 220 219 49.08 -1 0 200305695
A 220 277 85.14 1 0 [482894033, 409637370]
A 221 232 66.22 80 0 675735882
A 221 148 87.41 8 0 675735882
A 221 165 214.30 66 0 755079377
A 221 369 50.33 117 0 755079377
A 222 41 73.03 142 0 200305724
A 222 273 22.05 65 0 409637364
A 222 165 130.24 27 0 755079377
A 223 170 97.65 63 0 199637911
A 223 161 132.66 -1 0 200360076
A 224 161 114.91 137 0 199639033
A 224 238 50.09 -1 0 199639033
A 225 290 80.77 -1 0 482889405
A 226 139 49.48 -1 0 200289607
A 226 227 12.04 -1 0 200373326
A 227 146 41.45 -1 0 200289917
A 227 226 12.04 -1 0 200373326
A 228 92 125.05 -1 0 200373866
A 228 230 79.96 44 0 755803364
A 229 87 49.69 -1 0 200373357
A 229 291 79.51 41 0 482889407
A 230 87 106.86 44 0 755803363
A 230 228 79.96 -1 0 755803364
A 231 370 78.55 -1 0 200448834
A 232 370 44.60 80 0 200448834
A 232 234 62.25 -1 0 675735882
A 232 221 66.22 66 0 675735882
A 232 163 214.55 64 0 200448834
A 233 234 111.52 -1 0 200449846
A 234 233 111.52 -1 0 200449846
A 234 232 62.25 64 0 675735882
A 234 326 224.23 -1 0 200449846
A 235 329 20.47 141 0 199639033
A 235 60 63.24 136 0 199639033
A 235 236 187.25 151 0 200524920
A 236 149 65.88 151 0 199425953
A 236 235 187.25 141 0 200524920
A 237 244 22.08 145 0 200161893
A 237 243 83.59 2 0 200161893
A 237 286 49.18 107 0 200524959
A 238 224 50.09 137 0 199639033
A 238 164 58.52 -1 0 199639033
A 238 46 110.22 -1 0 239073008
A 239 142 42.40 -1 0 200289917
A 239 287 12.76 -1 0 239073008
A 239 45 84.87 -1 0 239073008
A 240 242 69.25 -1 0 239073881
A 240 241 15.05 -1 0 239073881
A 241 143 62.09 -1 0 200289917
A 241 240 15.05 -1 0 239073881
A 241 368 11.55 -1 0 239073881
A 242 240 69.25 -1 0 239073881
A 243 237 83.59 107 0 200161893
A 243 60 28.78 151 0 200161893
A 243 244 114.32 2 0 239075248
A 244 328 15.67 145 0 200161893
A 244 237 22.08 2 0 200161893
A 244 243 114.32 151 0 239075248
A 245 36 119.04 -1 0 200288140
A 245 148 236.59 117 0 675735868
A 245 217 106.65 126 0 200288140
A 246 155 43.77 -1 0 239090375
A 246 331 86.76 -1 0 [200294472, 200295082]
A 247 154 30.87 -1 0 200290447
A 247 153 34.58 -1 0 200290447
A 247 357 72.35 -1 0 239090376
A 248 154 72.40 -1 0 200295082
A 248 357 32.12 -1 0 540251112
A 248 158 23.92 148 4 540251112
A 249 254 60.01 -1 0 239094082
A 249 262 79.78 121 1 239094082
A 249 179 39.94 149 0 675735870
A 249 162 86.60 7 2 675735870
A 250 296 71.10 81 0 264933382
A 250 162 20.21 -1 0 675735870
A 250 251 79.90 6 0 239094077
A 250 3 60.41 -1 0 239094079
A 251 4 35.69 6 0 200449847
A 251 297 75.43 147 0 200449847
A 251 250 79.90 81 0 239094077
A 252 262 30.08 92 0 239094082
A 252 253 65.14 122 0 554667051
A 252 178 38.37 121 1 675735874
A 253 252 65.14 92 0 554667051
A 253 5 69.40 -1 0 200295084
A 253 349 68.16 122 0 200295084
A 254 249 60.01 -1 0 239094082
A 255 15 87.45 -1 0 200305572
A 255 214 49.80 -1 0 200305572
A 255 256 63.24 20 0 241818485
A 256 19 85.16 20 0 239094080
A 256 255 63.24 -1 0 241818485
A 256 3 97.32 149 0 239094080
A 257 263 115.58 82 0 409633709
A 257 212 119.10 71 0 409633709
A 257 310 103.21 134 0 675735870
A 257 179 116.85 70 1 675735870
A 258 311 68.75 -1 0 675735870
A 258 310 11.56 -1 0 675735870
A 258 264 119.37 123 0 482904369
A 259 260 10.17 112 0 200302179
A 259 128 74.44 59 0 200302179
A 259 206 119.28 110 0 409633704
A 260 98 63.31 48 0 200302179
A 260 259 10.17 110 0 200302179
A 260 261 113.98 112 0 409633705
A 261 302 114.38 113 0 409633705
A 261 260 113.98 48 0 409633705
A 261 123 83.24 112 0 675736611
A 261 99 64.54 50 0 675736611
A 262 249 79.78 7 2 239094082
A 262 252 30.08 121 1 239094082
A 262 4 68.98 92 0 409633710
A 263 268 114.00 83 0 409633709
A 263 257 115.58 70 1 409633709
A 263 178 114.67 69 3 675735874
A 263 313 105.75 82 0 675735874
A 264 269 116.67 87 0 482904369
A 264 313 11.57 -1 0 675735874
A 264 191 110.24 123 0 675735874
A 265 319 107.48 -1 0 200229855
A 265 266 116.64 84 0 200229855
A 265 316 55.98 127 0 482904376
A 266 265 116.64 -1 0 200229855
A 266 323 118.12 85 0 482904390
A 266 322 32.95 86 0 675736613
A 266 317 56.93 84 0 675736613
A 267 268 115.20 69 3 409633711
A 267 349 16.28 143 0 554667050
A 267 178 106.97 122 0 554667050
A 268 263 114.00 69 3 409633709
A 268 315 106.15 83 0 409633711
A 268 267 115.20 143 0 409633711
A 268 350 96.19 128 0 409633709
A 269 270 112.08 87 0 409633711
A 269 315 10.56 -1 0 409633711
A 269 314 16.81 135 0 753824175
A 270 188 116.86 76 0 409633711
A 270 269 112.08 135 0 409633711
A 270 317 89.21 77 0 675736613
A 270 191 122.05 87 0 675736613
A 271 40 117.04 -1 0 200305164
A 271 280 207.79 129 0 200305164
A 271 272 133.82 142 0 409637364
A 272 273 109.08 142 0 409637364
A 272 271 133.82 129 0 409637364
A 272 275 254.41 118 0 409637366
A 273 222 22.05 142 0 409637364
A 273 272 109.09 118 0 409637364
A 273 163 166.32 65 0 [200448834, 498347277]
A 274 275 52.74 -1 0 409637366
A 275 274 52.74 -1 0 409637366
A 275 272 254.41 129 0 409637366
A 275 294 134.35 -1 0 498347276
A 275 326 301.20 118 0 [498347276, 498347278]
A 276 278 22.65 -1 0 264933382
A 276 56 290.67 29 0 [264933382, 200449847]
A 276 277 168.27 -1 0 409637370
A 277 219 38.58 1 0 409637372
A 277 220 85.14 -1 0 [482894033, 409637370]
A 277 276 168.27 -1 0 409637370
A 278 296 57.91 -1 0 264933382
A 278 276 22.65 29 0 264933382
A 278 279 81.74 105 1 409637374
A 279 57 34.14 105 1 200449847
A 279 56 77.52 -1 0 200449847
A 279 278 81.74 29 0 409637374
A 280 294 30.73 129 0 200305164
A 280 271 207.79 -1 0 200305164
A 281 112 83.14 111 0 200288727
A 281 106 19.89 -1 0 200290320
A 282 94 54.45 -1 0 200288140
A 282 93 51.66 109 0 200288140
A 282 283 87.19 -1 0 482889378
A 283 282 87.19 -1 0 482889378
A 284 199 32.06 150 0 200374149
A 284 103 48.44 144 0 200374149
A 284 285 130.34 -1 0 482889379
A 285 284 130.34 -1 0 482889379
A 286 169 83.98 62 0 200524959
A 286 237 49.18 145 0 200524959
A 286 347 110.28 107 0 482889404
A 287 137 47.96 115 0 200289607
A 287 239 12.76 -1 0 239073008
A 288 137 10.25 -1 0 200304222
A 288 239 47.60 -1 0 200289917
A 289 290 6.24 -1 0 200289607
A 289 146 11.24 -1 0 200373325
A 290 226 34.97 -1 0 200289607
A 290 225 80.77 -1 0 482889405
A 291 229 79.51 -1 0 482889407
A 291 138 73.86 -1 0 200304083
A 291 85 39.42 41 0 200304083
A 292 77 52.92 108 0 200302179
A 292 90 59.26 130 0 200302179
A 292 293 30.69 -1 0 482889408
A 293 292 30.69 -1 0 482889408
A 294 280 30.73 -1 0 200305164
A 294 275 134.35 129 0 498347276
A 295 218 61.62 -1 0 482894030
A 295 152 41.28 -1 0 200290514
A 296 250 71.10 -1 0 264933382
A 296 278 57.91 105 1 264933382
A 296 297 81.72 81 0 482894036
A 297 251 75.43 81 0 200449847
A 297 57 25.27 147 0 200449847
A 297 296 81.72 105 1 482894036
A 298 55 59.19 -1 0 199755054
A 299 55 64.30 -1 0 199755054
A 299 58 74.16 147 0 199755054
A 299 300 62.22 -1 0 482894038
A 300 299 62.22 -1 0 482894038
A 301 348 26.85 -1 0 482904383
A 302 104 65.10 -1 0 200360076
A 302 129 81.18 113 0 200360076
A 302 261 114.38 50 0 409633705
A 303 304 64.55 -1 0 482904365
A 303 204 89.82 131 2 675736611
A 303 209 53.98 146 0 675736611
A 304 303 64.55 -1 0 482904365
A 305 31 121.62 15 0 199425923
A 305 25 118.31 22 0 199425923
A 305 196 144.16 24 0 755773419
A 305 23 109.48 12 0 755773419
A 306 24 101.92 132 0 199425923
A 306 30 9.30 -1 0 199425923
A 306 307 104.24 140 0 482904368
A 307 177 35.94 140 0 409633708
A 307 30 104.44 97 0 482904369
A 308 22 9.90 -1 0 199425780
A 308 14 106.49 133 0 199425780
A 308 365 54.81 132 0 482904368
A 309 211 10.89 -1 0 200304352
A 309 212 103.42 134 0 200304352
A 309 364 48.50 133 0 482904368
A 310 351 57.39 134 0 482904368
A 310 258 11.56 -1 0 675735870
A 310 257 103.21 82 0 675735870
A 311 312 77.07 -1 0 482904370
A 311 190 42.52 -1 0 675735870
A 311 258 68.75 123 0 675735870
A 312 311 77.07 -1 0 482904370
A 313 263 105.75 83 0 675735874
A 313 264 11.57 -1 0 675735874
A 313 310 120.04 82 0 482904368
A 314 316 73.06 135 0 482904376
A 314 315 17.13 128 0 753824176
A 315 269 10.56 -1 0 409633711
A 315 268 106.15 128 0 409633711
A 315 313 116.66 83 0 482904368
A 316 265 55.98 84 0 482904376
A 316 314 73.06 128 0 482904376
A 316 317 115.42 135 0 482904382
A 316 350 115.96 127 0 753827207
A 317 316 115.42 84 0 482904382
A 317 266 56.93 85 0 675736613
A 317 270 89.21 135 0 675736613
A 317 318 117.77 77 0 753827206
A 318 323 52.11 -1 0 200301940
A 318 188 94.16 77 0 200301940
A 318 317 117.77 85 0 753827206
A 319 265 107.48 127 0 200229855
A 319 320 20.68 -1 0 409633709
A 320 319 20.68 127 0 409633709
A 320 350 31.14 143 0 409633709
A 320 75 60.70 -1 0 753804012
A 321 323 37.99 86 0 200301940
A 321 322 118.45 -1 0 482904389
A 322 321 118.45 86 0 482904389
A 322 325 13.82 -1 0 675736613
A 322 266 32.95 -1 0 675736613
A 323 321 37.99 -1 0 200301940
A 323 318 52.11 85 0 200301940
A 323 266 118.12 86 0 482904390
A 324 325 90.32 -1 0 482904392
A 325 324 90.32 -1 0 482904392
A 325 322 13.82 -1 0 675736613
A 326 163 56.49 118 0 199639033
A 326 234 224.23 64 0 200449846
A 326 275 301.20 -1 0 [498347276, 498347278]
A 327 328 13.29 -1 0 513660817
A 328 67 61.32 145 0 200161893
A 328 244 15.67 151 0 200161893
A 328 327 13.29 -1 0 513660817
A 329 32 17.19 141 0 199639033
A 329 235 20.47 136 0 199639033
A 329 330 10.59 -1 0 513660819
A 330 329 10.59 -1 0 513660819
A 331 156 51.27 -1 0 675735884
A 331 159 22.67 -1 0 675735885
A 332 71 98.06 -1 0 554667040
A 333 334 70.10 -1 0 554667041
A 334 339 41.40 88 0 554667041
A 334 333 70.10 -1 0 554667041
A 334 335 179.64 -1 0 554667042
A 335 337 30.08 -1 0 554667044
A 335 334 179.64 88 0 554667042
A 335 338 52.44 89 0 554667044
A 336 337 36.79 89 0 422028499
A 336 342 37.73 90 0 422028499
A 336 338 116.71 138 0 554667043
A 337 335 30.08 89 0 554667044
A 337 336 36.78 90 0 422028499
A 337 341 115.55 -1 0 554667044
A 338 336 116.71 89 0 554667043
A 338 339 87.05 138 0 554667044
A 338 335 52.44 88 0 554667044
A 339 74 107.85 138 0 554667041
A 339 334 41.39 -1 0 554667041
A 339 340 125.66 -1 0 554667044
A 339 338 87.05 88 0 554667044
A 340 339 125.66 -1 0 554667044
A 341 342 38.92 139 0 31514410
A 341 358 242.51 -1 0 [482894032, 31514410, 540251112, 482894031]
A 341 337 115.55 90 0 554667044
A 341 343 45.24 -1 0 554667044
A 342 72 78.68 139 0 31514410
A 342 341 38.92 90 0 31514410
A 342 336 37.73 138 0 422028499
A 343 341 45.24 139 0 554667044
A 343 346 96.61 -1 0 [554667044, 554667047]
A 343 345 73.15 3 0 554667046
A 344 345 37.27 139 0 554667046
A 344 346 64.70 4 0 [554667045, 554667047]
A 344 72 33.59 -1 0 554667045
A 345 344 37.27 4 0 554667046
A 345 346 26.73 3 0 554667048
A 345 343 73.15 139 0 554667046
A 346 345 26.73 4 0 554667048
A 346 344 64.70 -1 0 [554667045, 554667047]
A 346 343 96.61 3 0 [554667044, 554667047]
A 347 60 48.70 107 0 199639033
A 347 160 83.29 106 0 199639033
A 347 286 110.28 62 0 482889404
A 348 75 7.04 143 0 444917544
A 348 301 26.85 -1 0 482904383
A 348 349 140.14 -1 0 [444917544, 200295084]
A 349 267 16.28 122 0 554667050
A 349 253 68.16 -1 0 200295084
A 349 348 140.14 143 0 [444917544, 200295084]
A 350 320 31.14 127 0 409633709
A 350 268 96.19 143 0 409633709
A 350 316 115.96 128 0 753827207
A 351 309 58.59 134 0 482904368
A 351 363 10.43 -1 0 755800578
A 352 138 12.42 -1 0 754194583
A 353 138 10.23 -1 0 200304083
A 353 352 12.62 -1 0 754194584
A 354 127 10.20 -1 0 754194585
A 354 105 136.52 -1 0 200295646
A 355 130 104.92 60 0 200289261
A 355 127 8.91 -1 0 200289261
A 355 354 10.65 -1 0 754194586
A 356 17 13.43 94 0 754194588
A 356 12 118.51 93 0 200296695
A 357 64 8.17 -1 0 540251112
A 357 248 32.12 -1 0 540251112
A 357 247 72.35 -1 0 239090376
A 358 215 7.64 -1 0 540251112
A 358 16 325.06 148 4 200305695
A 358 341 242.51 -1 0 [540251112, 31514410, 482894032, 482894031]
A 359 149 11.06 -1 0 755092488
A 359 148 112.84 -1 0 755092489
A 360 209 110.52 131 2 200304750
A 360 195 2.76 114 0 200304750
A 360 196 141.34 124 0 755773419
A 361 22 54.54 96 0 482904369
A 361 365 10.43 -1 0 755800577
A 362 211 48.83 125 0 482904369
A 362 364 10.56 -1 0 755800579
A 363 258 57.80 -1 0 482904369
A 363 351 10.43 -1 0 755800578
A 364 308 61.38 133 0 482904368
A 364 362 10.56 -1 0 755800579
A 365 306 60.84 132 0 482904368
A 365 361 10.43 -1 0 755800577
A 366 43 81.71 -1 0 199643275
A 366 367 13.75 -1 0 755803366
A 367 46 77.32 137 0 199643274
A 367 366 13.75 -1 0 755803366
A 368 140 54.68 116 0 200289607
A 368 241 11.55 -1 0 239073881
A 369 221 50.33 80 0 755079377
A 369 370 66.64 -1 0 818909398
A 369 217 191.45 117 0 755079377
A 370 232 44.60 -1 0 200448834
A 370 231 78.55 -1 0 200448834
A 370 369 66.64 80 0 818909398
A 371 95 43.56 46 0 200303494
A 371 199 103.21 -1 0 200303494
A 371 208 146.39 150 0 200304041
