353 946 114
N 0 -5.4937155 -38.2623634 24,102
N 1 -5.4966738 -38.2624868 64,102
N 2 -5.5102246 -38.2637883 -1
N 3 -5.5160187 -38.2686384 65
N 4 -5.5189381 -38.2707433 0,66,89,108
N 5 -5.5313231 -38.2723331 -1
N 6 -5.5178595 -38.2739358 25,67
N 7 -5.5179663 -38.273351 26,67
N 8 -5.5182116 -38.2726616 26,68,90
N 9 -5.5184027 -38.2721458 27,69,90
N 10 -5.5187376 -38.2712225 27,66,69,108
N 11 -5.5161426 -38.2701907 -1
N 12 -5.5203442 -38.2718186 28,29,66,109
N 13 -5.5209225 -38.2720443 28,30,109
N 14 -5.5216573 -38.2722983 30,31,103,109
N 15 -5.5232496 -38.2728676 -1
N 16 -5.5206241 -38.275521 -1
N 17 -5.5207496 -38.2749577 32,113
N 18 -5.5208417 -38.2745661 32,33,34,113
N 19 -5.5213276 -38.2731311 30,31,35,36
N 20 -5.5218281 -38.271845 37,70,103,109
N 21 -5.5216519 -38.2751072 32,113
N 22 -5.5216833 -38.2747123 32,34
N 23 -5.521696 -38.2738768 34,36
N 24 -5.521696 -38.2732451 31,36
N 25 -5.5198308 -38.2743666 1,110,113
N 26 -5.5201682 -38.2744267 33,110,113
N 27 -5.5221514 -38.2747479 -1
N 28 -5.5203882 -38.2736629 33,35,110
N 29 -5.5206227 -38.2729123 28,30,35,110
N 30 -5.5200316 -38.2727079 28,29,90,110
N 31 -5.5195572 -38.2725356 27,29,90
N 32 -5.5173761 -38.2718269 -1
N 33 -5.516455 -38.2720496 -1
N 34 -5.5198312 -38.2732116 26,90,110
N 35 -5.520519 -38.2713584 66,89,109
N 36 -5.5172088 -38.2732573 -1
N 37 -5.5196089 -38.2736059 26,67,110
N 38 -5.5227948 -38.2753528 -1
N 39 -5.5167855 -38.2692024 65,71,104
N 40 -5.5169878 -38.2686961 2,38,65,71
N 41 -5.5173229 -38.267633 39,40
N 42 -5.5175098 -38.2670948 40,41,42
N 43 -5.5176753 -38.2665651 3,41,42
N 44 -5.517876 -38.2695934 71,72,91
N 45 -5.5180558 -38.2690367 38,43,71,72
N 46 -5.5182146 -38.2684936 38,39,43,73
N 47 -5.5183828 -38.2679746 39,40,44,73
N 48 -5.5183596 -38.2703344 0,91,108
N 49 -5.518539 -38.2674421 40,41,44,92
N 50 -5.5186912 -38.266907 41,92
N 51 -5.5192118 -38.2700868 72,74,91
N 52 -5.519448 -38.26949 43,45,72
N 53 -5.5196402 -38.26891 43,73
N 54 -5.5197959 -38.2684279 44,73
N 55 -5.5199498 -38.267925 44,92
N 56 -5.5217974 -38.270878 46,94,105
N 57 -5.5219838 -38.2714681 37,46,70,93
N 58 -5.5221378 -38.2709706 46,93,94
N 59 -5.522272 -38.268686 75,92
N 60 -5.5222667 -38.2710128 93
N 61 -5.5224362 -38.2720676 37,47,103
N 62 -5.5225813 -38.2716656 37,47,93
N 63 -5.5230585 -38.2712908 47,93
N 64 -5.5231844 -38.2723573 103
N 65 -5.5240294 -38.2696764 75
N 66 -5.5242656 -38.2694585 -1
N 67 -5.5245386 -38.2688416 -1
N 68 -5.5246321 -38.2596879 76,95
N 69 -5.525702 -38.2603578 -1
N 70 -5.5265162 -38.2515916 99
N 71 -5.525736 -38.2608533 -1
N 72 -5.5244521 -38.2608444 48,76
N 73 -5.5250632 -38.2608607 48,49,76,81
N 74 -5.5250826 -38.2603021 49,76,95
N 75 -5.5244668 -38.2611684 4,48
N 76 -5.5250572 -38.2611939 4,48,81
N 77 -5.5243858 -38.2595672 76
N 78 -5.5163564 -38.2630728 5,96
N 79 -5.5162937 -38.2609633 96
N 80 -5.525808 -38.2591685 95
N 81 -5.5247455 -38.2590649 95
N 82 -5.5190409 -38.2705213 0,74,89,91
N 83 -5.5181105 -38.272079 68,69
N 84 -5.5186361 -38.2711806 69,108
N 85 -5.5229721 -38.2727529 103
N 86 -5.5211006 -38.2737735 33,34,35,36
N 87 -5.5229889 -38.274056 -1
N 88 -5.5194681 -38.2742885 1,6,67,110
N 89 -5.519396 -38.2744534 1,6,25,113
N 90 -5.5191891 -38.2749724 25,113
N 91 -5.5195288 -38.2750874 -1
N 92 -5.5198856 -38.2716417 27,29,66
N 93 -5.5179334 -38.2725591 68
N 94 -5.5166434 -38.2668118 42,106
N 95 -5.5170159 -38.265688 3,97
N 96 -5.5160561 -38.2661292 77,78,106
N 97 -5.516016 -38.2666214 79,106
N 98 -5.5146217 -38.2657846 50,80,100
N 99 -5.5142516 -38.2665466 11
N 100 -5.5166997 -38.2674391 -1
N 101 -5.5214364 -38.2717042 51,70,109
N 102 -5.5216618 -38.2713518 46,70,105
N 103 -5.5215645 -38.2713158 51,70,105
N 104 -5.5213551 -38.2712551 51,52,105
N 105 -5.5212335 -38.2716297 51,52,109
N 106 -5.5205951 -38.2710285 74,89,105
N 107 -5.5207234 -38.2705426 45,74,94,105
N 108 -5.5167254 -38.2704135 108
N 109 -5.5168755 -38.2701723 7,108
N 110 -5.5168851 -38.2693841 7,104
N 111 -5.5174457 -38.2697502 91,104,108
N 112 -5.5175775 -38.2694873 71,91,104
N 113 -5.521158 -38.2853003 113
N 114 -5.521138 -38.2833025 113
N 115 -5.5220564 -38.2833508 -1
N 116 -5.492185 -38.262012 102
N 117 -5.516829 -38.2662995 3,42,97,106
N 118 -5.5171536 -38.2681555 2,38,39
N 119 -5.5183871 -38.2721919 68,69,90
N 120 -5.5228507 -38.2704851 -1
N 121 -5.5253349 -38.2622306 4,81
N 122 -5.5152578 -38.2661708 53,79
N 123 -5.5171833 -38.2737942 -1
N 124 -5.5148947 -38.2506394 -1
N 125 -5.4991099 -38.2615417 8,98
N 126 -5.4922858 -38.2617673 54,102
N 127 -5.516545 -38.2670966 -1
N 128 -5.5224262 -38.2680443 61,92
N 129 -5.5160361 -38.2663411 77,79,106
N 130 -5.5154767 -38.2661815 53,79,82
N 131 -5.5154808 -38.2656571 9,80,82
N 132 -5.5158158 -38.2662593 77,79,82
N 133 -5.5158265 -38.2656531 9,77,82,83
N 134 -5.5158398 -38.2645239 9,83
N 135 -5.5160234 -38.2656464 55,77,78,83
N 136 -5.5161015 -38.2645286 56,83
N 137 -5.4967018 -38.2626209 57,64,102
N 138 -5.4978452 -38.2623258 57,58,64
N 139 -5.498263 -38.2622078 58,59
N 140 -5.498609 -38.2620807 59,98
N 141 -5.4967739 -38.2630534 10,57
N 142 -5.4970402 -38.2641987 -1
N 143 -5.496888 -38.2634068 10
N 144 -5.497962 -38.2627523 10,57
N 145 -5.4985109 -38.2631861 -1
N 146 -5.4969174 -38.2572109 -1
N 147 -5.4978025 -38.2621817 58,64
N 148 -5.4981903 -38.2620294 58,59
N 149 -5.49851 -38.2618705 59,98
N 150 -5.496862 -38.2624365 64
N 151 -5.4968584 -38.2623856 -1
N 152 -5.4960143 -38.2625138 -1
N 153 -5.4968326 -38.2620087 -1
N 154 -5.4959539 -38.26205 -1
N 155 -5.4959325 -38.2616417 -1
N 156 -5.5208469 -38.2701376 45,94
N 157 -5.4942502 -38.2593935 -1
N 158 -5.493839 -38.2625873 102
N 159 -5.4929446 -38.2702652 -1
N 160 -5.5157451 -38.2683923 -1
N 161 -5.5146745 -38.2679638 -1
N 162 -5.5147392 -38.2671699 11
N 163 -5.5139737 -38.2604563 -1
N 164 -5.5210606 -38.2715674 52,89,109
N 165 -5.521187 -38.2712005 52,89,105
N 166 -5.5199294 -38.268539 -1
N 167 -5.5197742 -38.2684944 73
N 168 -5.5163791 -38.2661681 12,97,106
N 169 -5.516297 -38.2654774 55,56,97
N 170 -5.5162396 -38.2637501 56
N 171 -5.5199454 -38.2735821 -1
N 172 -5.5304301 -38.245035 -1
N 173 -5.5287241 -38.251377 84,99
N 174 -5.5258742 -38.2587752 -1
N 175 -5.5252448 -38.2579746 -1
N 176 -5.5260115 -38.2582833 -1
N 177 -5.5256352 -38.2587592 -1
N 178 -5.5256307 -38.2580168 -1
N 179 -5.5242463 -38.2561487 -1
N 180 -5.5246267 -38.2551992 -1
N 181 -5.5239386 -38.2542846 -1
N 182 -5.5244725 -38.2542551 85
N 183 -5.5250719 -38.2542477 85
N 184 -5.5252875 -38.2522119 85
N 185 -5.5248069 -38.2522883 85
N 186 -5.525694 -38.2534953 85
N 187 -5.5155008 -38.261607 -1
N 188 -5.5159153 -38.2629474 -1
N 189 -5.5158342 -38.261524 -1
N 190 -5.4996787 -38.2612576 98
N 191 -5.5428215 -38.2772483 13,107
N 192 -5.5436637 -38.2780248 13,14
N 193 -5.5408499 -38.2756852 60,107
N 194 -5.5394209 -38.2751087 86
N 195 -5.5394316 -38.2752065 86
N 196 -5.5398795 -38.2753909 60
N 197 -5.540651 -38.2763236 60,87,107
N 198 -5.5431979 -38.2796931 14,107
N 199 -5.5412744 -38.2838023 -1
N 200 -5.5412544 -38.2808995 107
N 201 -5.5377964 -38.2770398 -1
N 202 -5.538831 -38.2750321 86
N 203 -5.5382416 -38.2746875 86
N 204 -5.539714 -38.2768205 87
N 205 -5.5405382 -38.2766743 87
N 206 -5.5406103 -38.2766441 87,107
N 207 -5.5396672 -38.2759622 60,87
N 208 -5.5432286 -38.2784767 13,14,107
N 209 -5.5437772 -38.2780007 15
N 210 -5.5444192 -38.278411 15
N 211 -5.545027 -38.2792126 15
N 212 -5.5191837 -38.2805984 16,113
N 213 -5.5172401 -38.2696134 7,104,108
N 214 -5.5180795 -38.2720684 68
N 215 -5.5186925 -38.2741309 6,25,67
N 216 -5.5230723 -38.2723097 47,103
N 217 -5.5217091 -38.2723172 31,103
N 218 -5.522393 -38.2707534 -1
N 219 -5.5223403 -38.2706912 94
N 220 -5.523114 -38.2702675 -1
N 221 -5.522812 -38.2704315 -1
N 222 -5.5221898 -38.2709876 93,94
N 223 -5.5236529 -38.2700043 -1
N 224 -5.5231463 -38.2703168 -1
N 225 -5.5222954 -38.2685915 61,75,92
N 226 -5.5150963 -38.2660246 53,80
N 227 -5.5192859 -38.2701109 45,72,74
N 228 -5.5161647 -38.2684493 2,65
N 229 -5.5154792 -38.2658637 53,80,82
N 230 -5.5155073 -38.2620122 17
N 231 -5.5156974 -38.2620014 17
N 232 -5.515677 -38.2615587 -1
N 233 -5.5157414 -38.2629526 17
N 234 -5.5162123 -38.2630768 96
N 235 -5.5161188 -38.260915 96
N 236 -5.5143234 -38.2603437 -1
N 237 -5.5171547 -38.2611229 -1
N 238 -5.5163453 -38.2630968 5,96
N 239 -5.5175004 -38.2626222 5
N 240 -5.5163134 -38.2631831 96
N 241 -5.5161148 -38.2661319 12,78,106
N 242 -5.5163095 -38.2658387 12,78,97
N 243 -5.5163004 -38.2655887 55,78,97
N 244 -5.5146918 -38.2655659 50,80
N 245 -5.5160323 -38.265399 55,56,83
N 246 -5.5115561 -38.2597724 -1
N 247 -5.5143796 -38.2656731 50,100
N 248 -5.5137274 -38.2658985 18
N 249 -5.5140705 -38.2660772 18,100
N 250 -5.5139723 -38.2662023 18,100
N 251 -5.5145219 -38.2654716 50
N 252 -5.5142116 -38.2665939 11
N 253 -5.5158641 -38.2685436 -1
N 254 -5.5161415 -38.268859 -1
N 255 -5.4921703 -38.2616573 54
N 256 -5.4932323 -38.2622199 24,54,102
N 257 -5.4995245 -38.261324 8,98
N 258 -5.5164344 -38.2691313 -1
N 259 -5.516582 -38.2691896 104
N 260 -5.5142747 -38.2665144 100
N 261 -5.5141233 -38.2663761 100
N 262 -5.5165023 -38.2691125 65,104
N 263 -5.524897 -38.2632874 -1
N 264 -5.5251249 -38.2652513 19
N 265 -5.5245313 -38.2637615 19
N 266 -5.5256662 -38.2608524 49,81
N 267 -5.5257399 -38.2622873 81
N 268 -5.5253977 -38.2639724 19
N 269 -5.5245279 -38.2685854 61
N 270 -5.5242272 -38.2694291 61,75
N 271 -5.5256383 -38.2603547 49,95
N 272 -5.525465 -38.2639908 -1
N 273 -5.5241882 -38.2695162 75
N 274 -5.511137 -38.267072 -1
N 275 -5.5256833 -38.2602599 95
N 276 -5.5254283 -38.2579578 -1
N 277 -5.5254681 -38.2587543 -1
N 278 -5.5268813 -38.2505844 20,99
N 279 -5.5274566 -38.2504926 20,21,99
N 280 -5.5295161 -38.2499197 84,99
N 281 -5.5277049 -38.2502378 21,99
N 282 -5.5274693 -38.250095 20,21
N 283 -5.5261131 -38.2449518 -1
N 284 -5.5259983 -38.2466993 -1
N 285 -5.5299095 -38.2460167 84
N 286 -5.5291486 -38.2472277 62,84
N 287 -5.5293248 -38.2481329 62,84
N 288 -5.4991668 -38.2613958 8
N 289 -5.4989625 -38.2932611 -1
N 290 -5.5277136 -38.2941878 22
N 291 -5.5253398 -38.2941915 22
N 292 -5.5276197 -38.2970438 22
N 293 -5.5210292 -38.2772812 113
N 294 -5.5182179 -38.2828085 63,88
N 295 -5.5187406 -38.2834703 88,101
N 296 -5.5192401 -38.2861177 101
N 297 -5.5196803 -38.2851125 101,113
N 298 -5.5323082 -38.2745728 -1
N 299 -5.5353784 -38.2682119 -1
N 300 -5.5384544 -38.2747672 86
N 301 -5.5223594 -38.2768232 -1
N 302 -5.521102 -38.2753949 -1
N 303 -5.5214378 -38.275786 113
N 304 -5.5289917 -38.2469447 62
N 305 -5.5275142 -38.2471769 62
N 306 -5.4933826 -38.2616218 24,54
N 307 -5.4938289 -38.2617187 24
N 308 -5.4944304 -38.2618323 -1
N 309 -5.5430912 -38.2653326 -1
N 310 -5.542924 -38.2649911 -1
N 311 -5.5075731 -38.2984686 111,112
N 312 -5.5279771 -38.2931143 -1
N 313 -5.5116799 -38.2860825 -1
N 314 -5.5122673 -38.2862059 111
N 315 -5.519106 -38.2835614 23,101,113
N 316 -5.5190319 -38.2835245 23,88,101
N 317 -5.5186064 -38.2823626 16,63,113
N 318 -5.5177682 -38.2821945 16,63
N 319 -5.5185195 -38.2824403 63,88,113
N 320 -5.5186108 -38.2829145 23,88,113
N 321 -5.5194105 -38.2860631 101
N 322 -5.5192829 -38.2864878 -1
N 323 -5.5124059 -38.2792689 -1
N 324 -5.5161068 -38.2867747 111
N 325 -5.5139227 -38.2952071 111
N 326 -5.5148887 -38.2868653 -1
N 327 -5.514169 -38.2953251 -1
N 328 -5.5082993 -38.2986992 111
N 329 -5.513881 -38.2972115 111
N 330 -5.4986616 -38.262055 98
N 331 -5.502218 -38.2664163 112
N 332 -5.5045248 -38.2700425 112
N 333 -5.5046102 -38.2716358 112
N 334 -5.5046316 -38.2719147 112
N 335 -5.5071946 -38.2721239 112
N 336 -5.5043219 -38.2726014 -1
N 337 -5.5057102 -38.2670223 -1
N 338 -5.5077232 -38.2862431 111,112
N 339 -5.5072799 -38.2832068 112
N 340 -5.5069007 -38.2821071 112
N 341 -5.5105902 -38.2863558 111
N 342 -5.5113591 -38.2878042 -1
N 343 -5.5048504 -38.286275 112
N 344 -5.5054058 -38.2849177 112
N 345 -5.5057475 -38.2839414 112
N 346 -5.5056995 -38.283244 112
N 347 -5.5004398 -38.2763545 112
N 348 -5.5044393 -38.2792849 -1
N 349 -5.5010678 -38.2937571 112
N 350 -5.4963604 -38.2979965 -1
N 351 -5.4957036 -38.2980395 -1
N 352 -5.4975458 -38.2977712 -1
A 0 307 72.51 -1 0 490130721
A 0 256 56.03 24 0 691347898
A 0 1 335.61 102 0 691347898
A 1 137 15.17 102 0 486372306
A 1 150 21.66 64 0 691347898
A 1 0 335.61 -1 0 691347898
A 2 190 1229.82 -1 0 [691347897, 691347898, 398211422]
A 2 248 462.31 -1 0 398211422
A 2 246 574.31 -1 0 813802890
A 3 228 26.49 65 3 813795005
A 3 260 304.78 -1 0 398211423
A 4 82 27.10 89 5 527626004
A 4 10 57.53 108 0 527626004
A 4 48 78.66 0 0 411231587
A 4 35 188.60 66 2 411231587
A 5 64 932.16 -1 0 [411231588, 411231587, 499298732]
A 5 203 832.61 -1 0 499298732
A 5 298 346.18 -1 0 813845753
A 6 123 76.81 -1 0 385267627
A 6 215 95.11 25 0 527626005
A 6 90 222.00 -1 0 [385267617, 448954514]
A 6 7 65.85 67 12 527626004
A 7 37 184.81 67 12 385267635
A 7 36 84.87 -1 0 385267635
A 7 8 81.10 26 13 527626004
A 7 6 65.85 -1 0 527626004
A 8 34 190.10 26 13 385267632
A 8 93 32.95 68 0 385267632
A 8 119 55.53 90 0 527626004
A 8 7 81.10 -1 0 527626004
A 9 31 135.43 90 0 385267630
A 9 10 108.76 27 0 527626004
A 9 119 5.39 69 0 527626004
A 10 92 135.82 27 0 385267619
A 10 84 12.20 108 0 385267619
A 10 4 57.53 66 2 527626004
A 10 9 108.76 69 0 527626004
A 11 108 69.34 -1 0 385267619
A 12 13 68.99 28 0 385267619
A 12 92 54.62 66 2 385267619
A 12 35 54.52 109 2 385267634
A 12 30 104.39 29 2 385267634
A 13 14 86.41 30 0 385267619
A 13 12 68.99 109 2 385267619
A 13 29 101.69 28 0 482321455
A 14 217 6.13 31 0 385267619
A 14 13 86.41 109 2 385267619
A 14 20 53.65 103 1 385267622
A 14 19 99.20 30 0 385267622
A 15 85 33.37 -1 0 385267619
A 16 17 63.90 -1 0 385267622
A 17 18 44.53 32 1 385267622
A 17 21 101.69 113 0 385267625
A 17 16 63.90 -1 0 385267622
A 18 17 44.53 113 0 385267622
A 18 22 94.97 32 1 527626005
A 18 26 76.46 33 6 527626005
A 18 86 92.33 34 14 385267622
A 19 86 75.45 35 8 385267622
A 19 29 82.04 30 0 385267630
A 19 24 42.86 36 6 385267630
A 19 14 99.20 31 0 385267622
A 20 14 53.65 109 2 385267622
A 20 101 46.26 70 0 411231587
A 20 61 71.97 103 1 411231587
A 20 57 45.16 37 0 499298728
A 21 17 101.69 32 1 385267625
A 21 38 129.96 -1 0 385267625
A 21 22 43.86 -1 0 385267623
A 21 303 78.98 113 0 385267623
A 22 23 92.48 -1 0 385267623
A 22 27 52.20 -1 0 527626005
A 22 18 94.97 34 14 527626005
A 22 21 43.86 32 1 385267623
A 23 24 69.92 -1 0 385267623
A 23 22 92.48 34 14 385267623
A 23 86 67.19 36 6 385267638
A 23 87 145.13 -1 0 385267638
A 24 23 69.92 36 6 385267623
A 24 19 42.86 31 0 385267630
A 24 217 102.71 -1 0 385267623
A 25 26 38.10 113 0 527626005
A 25 88 41.25 110 23 527626005
A 25 89 62.78 1 3 [527626003, 385267637]
A 26 28 88.00 33 6 385267628
A 26 18 76.46 113 0 527626005
A 26 25 38.10 110 23 527626005
A 27 22 52.20 -1 0 527626005
A 28 26 88.00 110 23 385267628
A 28 171 50.04 -1 0 385267638
A 28 86 80.16 33 6 385267638
A 28 29 87.07 35 8 482321455
A 29 30 69.51 28 0 385267630
A 29 19 82.04 35 8 385267630
A 29 13 101.69 30 0 482321455
A 29 28 87.07 110 23 482321455
A 30 31 56.09 29 2 385267630
A 30 29 69.51 110 23 385267630
A 30 12 104.39 28 0 385267634
A 30 34 60.47 90 0 385267634
A 31 9 135.43 27 0 385267630
A 31 30 56.09 90 0 385267630
A 31 92 105.46 29 2 398206185
A 32 214 82.66 -1 0 448954516
A 33 93 173.79 -1 0 385267632
A 34 8 190.10 90 0 385267632
A 34 30 60.47 110 23 385267634
A 34 37 54.26 26 13 385267634
A 35 12 54.52 66 2 385267634
A 35 4 188.60 89 5 411231587
A 35 164 64.51 109 2 411231587
A 36 7 84.87 -1 0 385267635
A 37 7 184.81 26 13 385267635
A 37 34 54.26 110 23 385267634
A 37 88 80.70 67 12 385267634
A 38 21 129.96 -1 0 385267625
A 39 112 93.54 104 0 390938937
A 39 40 60.38 71 10 390938946
A 39 262 33.20 65 3 390938937
A 40 45 124.60 71 10 390938944
A 40 118 62.61 38 0 390938946
A 40 39 60.38 65 3 390938946
A 40 228 95.52 2 0 [390938944, 813795004]
A 41 47 123.77 39 13 390938942
A 41 100 72.54 -1 0 390938942
A 41 42 63.09 40 19 390938946
A 41 118 60.82 -1 0 390938946
A 42 43 61.45 41 0 390938946
A 42 41 63.09 -1 0 390938946
A 42 94 101.30 42 6 398207627
A 42 49 120.72 40 19 398207627
A 43 42 61.45 42 6 390938946
A 43 117 98.59 3 0 398207625
A 43 50 119.13 41 0 398207625
A 43 95 161.76 -1 0 [390938946, 398207623]
A 44 112 35.21 71 10 390938937
A 44 51 158.25 91 0 390938937
A 44 45 64.78 72 4 390938949
A 45 52 162.73 72 4 390938944
A 45 40 124.60 38 0 390938944
A 45 46 62.65 43 5 390938949
A 45 44 64.78 71 10 390938949
A 46 53 165.08 43 5 390938938
A 46 118 123.77 39 13 390938938
A 46 47 60.41 73 0 390938949
A 46 45 62.65 38 0 390938949
A 47 54 164.94 73 0 390938942
A 47 41 123.77 40 19 390938942
A 47 49 61.44 44 4 390938949
A 47 46 60.41 39 13 390938949
A 48 82 78.53 0 0 390938948
A 48 111 120.45 91 0 411231587
A 48 4 78.66 108 0 411231587
A 49 50 61.59 92 2 390938949
A 49 47 61.44 40 19 390938949
A 49 42 120.72 41 0 398207627
A 49 55 165.73 44 4 398207627
A 50 49 61.59 41 0 390938949
A 50 43 119.13 -1 0 398207625
A 50 128 437.28 92 2 398207625
A 51 44 158.25 72 4 390938937
A 51 227 8.66 74 0 390938937
A 51 82 51.71 91 0 527626004
A 52 45 162.73 43 5 390938944
A 52 53 67.66 -1 0 813793001
A 52 156 187.36 45 26 390938944
A 52 227 71.16 72 4 813793001
A 53 46 165.08 73 0 390938938
A 53 167 48.35 -1 0 813793001
A 53 52 67.66 43 5 813793001
A 54 47 164.94 44 4 390938942
A 54 55 58.23 -1 0 813793001
A 54 167 7.75 73 0 813793001
A 55 49 165.73 92 2 398207627
A 55 54 58.23 44 4 813793001
A 55 59 271.63 -1 0 398207627
A 56 102 54.56 105 3 390938936
A 56 107 125.06 94 0 390938937
A 56 58 39.21 46 0 390938937
A 57 102 38.05 46 0 390938948
A 57 62 69.94 37 0 390938948
A 57 58 57.66 93 3 448954513
A 57 20 45.16 70 0 499298728
A 58 56 39.21 94 0 390938937
A 58 222 6.08 93 3 390938937
A 58 57 57.66 46 0 448954513
A 59 225 10.78 75 0 499298731
A 59 55 271.63 92 2 398207627
A 59 65 236.95 -1 0 398207627
A 60 222 8.99 -1 0 390938937
A 60 63 93.27 93 3 390938937
A 60 218 32.60 -1 0 813793000
A 61 62 47.33 47 1 390938935
A 61 20 71.97 37 0 411231587
A 61 216 75.64 103 1 411231587
A 62 61 47.33 37 0 390938935
A 62 57 69.94 93 3 390938948
A 62 63 90.08 47 1 [390938948, 448954511]
A 63 60 93.27 -1 0 390938937
A 63 216 137.80 47 1 [448954512, 390938937]
A 63 62 90.08 93 3 [390938948, 448954511]
A 64 216 13.53 -1 0 411231587
A 64 85 49.75 103 1 398206425
A 64 5 932.16 -1 0 [499298732, 411231587, 411231588]
A 65 59 236.95 75 0 398207627
A 65 273 25.03 -1 0 813814517
A 65 223 55.41 -1 0 813814517
A 66 270 5.37 -1 0 390938932
A 66 67 76.18 -1 0 813814521
A 67 310 2352.55 -1 0 [787114672, 390938945]
A 67 272 546.76 -1 0 813814521
A 68 77 30.47 -1 0 505368805
A 68 81 70.13 95 0 390938940
A 68 74 88.73 76 0 390938940
A 69 271 7.09 -1 0 390938940
A 69 275 11.03 -1 0 813817635
A 70 173 255.81 -1 0 390938940
A 70 186 230.20 -1 0 390938940
A 70 278 120.46 99 0 813823413
A 71 266 7.76 -1 0 398196733
A 71 69 54.97 -1 0 813814521
A 72 75 35.90 -1 0 398196733
A 72 73 67.97 48 0 398196733
A 72 77 141.55 76 0 398196738
A 73 72 67.97 76 0 398196733
A 73 266 67.06 81 0 398196733
A 73 74 61.86 49 0 398196734
A 73 76 36.88 48 0 398196735
A 74 73 61.86 76 0 398196734
A 74 68 88.73 95 0 390938940
A 74 271 62.07 49 0 390938940
A 75 72 35.90 48 0 398196733
A 75 76 65.71 4 0 398196737
A 75 121 208.83 -1 0 [813817637, 398196733]
A 76 73 36.88 81 0 398196735
A 76 75 65.71 48 0 398196737
A 76 121 124.39 4 0 [398196736, 398196735]
A 77 72 141.55 -1 0 398196738
A 77 68 30.47 76 0 505368805
A 77 239 860.77 -1 0 505368805
A 78 238 2.93 96 0 687602274
A 78 79 233.59 -1 0 398196740
A 78 239 141.05 5 0 505368805
A 79 235 20.17 -1 0 813795009
A 79 78 233.59 96 0 398196740
A 79 237 98.08 -1 0 813795009
A 80 174 44.15 -1 0 691347755
A 80 81 118.74 -1 0 398196741
A 80 275 121.60 95 0 398196741
A 81 179 363.74 -1 0 390938940
A 81 68 70.13 -1 0 390938940
A 81 80 118.74 95 0 398196741
A 82 48 78.53 91 0 390938948
A 82 106 181.71 89 5 390938948
A 82 51 51.71 74 0 527626004
A 82 4 27.10 0 0 527626004
A 83 214 3.64 -1 0 448954516
A 83 119 33.20 68 0 448954516
A 83 84 115.34 69 0 398197990
A 84 10 12.20 69 0 385267619
A 84 108 228.80 108 0 385267619
A 84 83 115.34 -1 0 398197990
A 85 15 33.37 -1 0 385267619
A 85 217 148.49 103 1 385267619
A 85 64 49.75 -1 0 398206425
A 86 19 75.45 36 6 385267622
A 86 28 80.16 35 8 385267638
A 86 23 67.19 34 14 385267638
A 86 18 92.33 33 6 385267622
A 87 23 145.13 -1 0 385267638
A 88 89 19.93 6 0 385267634
A 88 25 41.25 1 3 527626005
A 88 215 87.99 67 12 527626005
A 88 37 80.70 110 23 385267634
A 89 88 19.93 1 3 385267634
A 89 90 61.88 25 0 385267634
A 89 25 62.78 113 0 [527626003, 385267637]
A 89 215 87.53 6 0 385267637
A 90 89 61.88 113 0 385267634
A 90 91 39.86 -1 0 448954514
A 90 6 222.00 25 0 [385267617, 448954514]
A 90 212 626.22 -1 0 813775522
A 91 90 39.86 -1 0 448954514
A 92 12 54.62 29 2 385267619
A 92 10 135.82 66 2 385267619
A 92 31 105.46 27 0 398206185
A 93 8 32.95 -1 0 385267632
A 93 33 173.79 -1 0 385267632
A 93 214 56.69 68 0 398207022
A 94 42 101.30 -1 0 398207627
A 94 117 60.34 42 6 482321454
A 94 127 33.37 -1 0 482321454
A 94 97 72.88 106 0 398207627
A 95 117 70.80 97 0 482321454
A 95 43 161.76 3 0 [390938946, 398207623]
A 95 169 83.28 -1 0 398207623
A 96 129 23.56 77 0 398196739
A 96 241 6.53 106 0 398207625
A 96 135 53.59 78 0 398196739
A 97 129 31.10 106 0 398196739
A 97 122 100.36 79 0 398207627
A 97 94 72.88 -1 0 398207627
A 98 260 89.52 100 0 448972770
A 98 244 25.43 80 0 687602273
A 98 247 29.61 50 0 813802891
A 98 226 59.26 -1 0 398207627
A 99 260 4.39 -1 0 448972770
A 99 162 87.75 11 0 398211421
A 99 252 6.87 -1 0 498850369
A 100 41 72.54 -1 0 390938942
A 101 103 45.29 70 0 398210263
A 101 105 24.02 51 0 411231587
A 101 20 46.26 109 2 411231587
A 102 56 54.56 46 0 390938936
A 102 103 11.53 105 3 390938948
A 102 57 38.05 70 0 390938948
A 103 104 24.23 105 3 390938948
A 103 102 11.53 70 0 390938948
A 103 101 45.29 51 0 398210263
A 104 165 19.64 105 3 390938948
A 104 103 24.23 51 0 390938948
A 104 105 43.61 52 0 398210457
A 105 104 43.61 51 0 398210457
A 105 164 20.43 52 0 411231587
A 105 101 24.02 109 2 411231587
A 106 82 181.71 74 0 390938948
A 106 165 68.51 89 5 390938948
A 106 107 55.64 105 3 398210483
A 107 227 166.83 45 26 390938937
A 107 56 125.06 105 3 390938937
A 107 156 46.88 94 0 398210483
A 107 106 55.64 74 0 398210483
A 108 84 228.80 -1 0 385267619
A 108 11 69.34 -1 0 385267619
A 108 109 31.48 108 0 813775523
A 109 108 31.48 -1 0 813775523
A 109 213 73.96 108 0 813775524
A 109 110 114.52 7 0 398210556
A 110 259 39.99 104 0 398726237
A 110 213 46.93 7 0 398726237
A 110 109 114.52 -1 0 398210556
A 111 112 32.58 91 0 398210521
A 111 213 27.42 104 0 398726237
A 111 48 120.45 108 0 411231587
A 112 39 93.54 71 10 390938937
A 112 44 35.21 91 0 390938937
A 112 111 32.58 104 0 398210521
A 113 291 1150.98 -1 0 398412559
A 113 114 221.20 -1 0 527625476
A 113 297 165.89 113 0 813845752
A 114 115 102.26 -1 0 398412557
A 114 113 221.20 113 0 527625476
A 114 293 666.77 -1 0 527625476
A 115 114 102.26 -1 0 398412557
A 116 126 29.31 102 0 398536368
A 116 158 195.08 -1 0 486372305
A 117 43 98.59 42 6 398207625
A 117 95 70.80 3 0 482321454
A 117 94 60.34 106 0 482321454
A 117 168 52.13 97 0 398207625
A 118 46 123.77 38 0 390938938
A 118 41 60.82 39 13 390938946
A 118 40 62.61 2 0 390938946
A 118 228 125.67 -1 0 [390938938, 813795005]
A 119 83 33.20 69 0 448954516
A 119 9 5.39 90 0 527626004
A 119 8 55.53 68 0 527626004
A 120 221 7.33 -1 0 813792998
A 120 224 37.78 -1 0 813793000
A 121 267 45.47 -1 0 448958592
A 121 76 124.39 81 0 [398196736, 398196735]
A 121 75 208.83 4 0 [398196733, 813817637]
A 122 226 24.17 53 0 398207627
A 122 130 24.37 79 0 482322021
A 122 97 100.36 -1 0 398207627
A 123 6 76.81 -1 0 385267627
A 124 146 3055.53 -1 0 479272122
A 125 257 52.02 98 0 691347898
A 125 149 75.99 -1 0 691347898
A 125 288 17.74 8 0 813839032
A 126 116 29.31 -1 0 398536368
A 126 255 17.70 54 0 691347898
A 126 256 117.90 102 0 691347898
A 127 94 33.37 -1 0 482321454
A 128 50 437.28 -1 0 398207625
A 128 269 249.78 61 1 398207625
A 128 225 62.29 92 2 499298731
A 129 96 23.56 106 0 398196739
A 129 97 31.10 79 0 398196739
A 129 132 26.12 77 0 482322020
A 130 132 38.68 79 0 482322020
A 130 229 35.17 82 0 482322021
A 130 122 24.37 53 0 482322021
A 131 229 22.87 80 0 482322021
A 131 133 38.44 82 0 482322023
A 131 134 156.53 9 0 [482322024, 482322021]
A 131 244 88.77 -1 0 687602273
A 132 130 38.68 82 0 482322020
A 132 129 26.12 79 0 482322020
A 132 133 67.11 77 0 482322022
A 133 134 124.99 83 0 482322022
A 133 132 67.11 82 0 482322022
A 133 131 38.44 9 0 482322023
A 133 135 21.91 77 0 482322023
A 134 133 124.99 9 0 482322022
A 134 136 29.10 83 0 482322024
A 134 131 156.53 -1 0 [482322024, 482322021]
A 135 245 27.40 55 0 398196739
A 135 133 21.91 83 0 482322023
A 135 243 31.46 78 0 687602272
A 135 96 53.59 77 0 398196739
A 136 134 29.10 -1 0 482322024
A 136 245 96.77 83 0 398196739
A 136 170 87.52 56 0 687602274
A 137 138 131.27 57 0 486372305
A 137 141 48.54 -1 0 486372306
A 137 1 15.17 64 0 486372306
A 137 158 322.40 102 0 486372305
A 138 139 48.26 -1 0 486372305
A 138 137 131.27 64 0 486372305
A 138 147 16.64 58 0 486372309
A 138 144 48.96 57 0 486372309
A 139 138 48.26 58 0 486372305
A 139 148 21.34 59 0 486372310
A 139 145 111.73 -1 0 486372310
A 139 140 41.00 -1 0 486372305
A 140 330 6.50 -1 0 486372305
A 140 149 25.74 98 0 486372311
A 140 139 41.00 59 0 486372305
A 141 137 48.54 57 0 486372306
A 141 144 136.25 10 0 486372308
A 141 143 41.46 -1 0 486372306
A 142 143 89.43 -1 0 486372306
A 143 142 89.43 -1 0 486372306
A 143 141 41.46 10 0 486372306
A 143 144 173.59 -1 0 [486372307, 486372309]
A 144 141 136.25 57 0 486372308
A 144 138 48.96 -1 0 486372309
A 144 143 173.59 10 0 [486372307, 486372309]
A 145 139 111.73 -1 0 486372310
A 146 288 535.43 -1 0 479272122
A 146 124 3055.53 -1 0 479272122
A 147 138 16.64 64 0 486372309
A 147 150 108.32 -1 0 691347898
A 147 148 46.32 58 0 691347898
A 148 139 21.34 58 0 486372310
A 148 147 46.32 -1 0 691347898
A 148 149 39.67 59 0 691347898
A 149 140 25.74 59 0 486372311
A 149 148 39.67 -1 0 691347898
A 149 125 75.99 98 0 691347898
A 150 151 5.65 -1 0 486372312
A 150 1 21.66 -1 0 691347898
A 150 147 108.32 64 0 691347898
A 151 153 41.81 -1 0 486372312
A 151 150 5.65 -1 0 486372312
A 151 152 94.94 -1 0 486372313
A 152 151 94.94 -1 0 486372313
A 153 151 41.81 -1 0 486372312
A 153 154 97.81 -1 0 486372314
A 153 155 140.88 -1 0 [486372312, 486372315]
A 154 153 97.81 -1 0 486372314
A 155 153 140.88 -1 0 [486372312, 486372315]
A 156 107 46.88 45 26 398210483
A 156 219 177.55 94 0 390938944
A 156 52 187.36 -1 0 390938944
A 157 307 261.96 -1 0 490130721
A 158 137 322.40 -1 0 486372305
A 158 116 195.08 102 0 486372305
A 158 159 985.68 -1 0 490130722
A 159 158 985.68 -1 0 490130722
A 160 253 21.34 -1 0 398211421
A 160 161 129.41 -1 0 498850368
A 161 160 129.41 -1 0 498850368
A 162 160 175.54 -1 0 398211421
A 162 252 101.53 11 0 498850369
A 163 251 568.98 -1 0 [498850370, 498850371]
A 164 105 20.43 109 2 411231587
A 164 165 42.97 52 0 499298729
A 164 35 64.51 89 5 411231587
A 165 106 68.51 105 3 390938948
A 165 104 19.64 52 0 390938948
A 165 164 42.97 89 5 499298729
A 166 167 17.95 -1 0 499298734
A 167 166 17.95 -1 0 499298734
A 167 54 7.75 -1 0 813793001
A 167 53 48.35 73 0 813793001
A 168 241 29.78 12 0 398207625
A 168 117 52.13 106 0 398207625
A 168 242 37.34 97 0 505368804
A 169 245 30.69 56 0 398207623
A 169 243 12.32 55 0 505368804
A 169 95 83.28 97 0 398207623
A 169 170 191.29 -1 0 505368804
A 170 169 191.29 56 0 505368804
A 170 240 63.39 -1 0 687602274
A 170 136 87.52 -1 0 687602274
A 171 28 50.04 -1 0 385267638
A 172 285 126.19 -1 0 687602276
A 173 285 937.76 -1 0 [813823416, 390938940]
A 173 70 255.80 99 0 390938940
A 173 280 197.02 84 0 687602276
A 174 80 44.15 -1 0 691347755
A 174 177 26.64 -1 0 691347756
A 174 176 65.09 -1 0 691347756
A 175 277 103.43 -1 0 691347756
A 176 174 65.09 -1 0 691347756
A 177 174 26.64 -1 0 691347756
A 177 277 18.59 -1 0 691347756
A 177 178 82.17 -1 0 691347757
A 178 177 82.17 -1 0 691347757
A 179 180 114.52 -1 0 390938940
A 179 180 171.94 -1 0 691347758
A 179 81 363.74 -1 0 390938940
A 180 183 122.84 -1 0 390938940
A 180 179 114.52 -1 0 390938940
A 180 179 171.94 -1 0 691347758
A 181 182 59.46 -1 0 691347759
A 182 183 66.66 -1 0 691347759
A 182 181 59.46 -1 0 691347759
A 182 185 229.97 85 0 691347760
A 183 182 66.66 85 0 691347759
A 183 186 112.25 -1 0 390938940
A 183 180 122.84 -1 0 390938940
A 184 185 55.61 -1 0 691347760
A 184 185 245.36 -1 0 691347761
A 184 186 162.25 85 0 691347761
A 185 184 55.61 85 0 691347760
A 185 184 245.36 -1 0 691347761
A 185 182 229.98 -1 0 691347760
A 186 70 230.20 -1 0 390938940
A 186 183 112.25 85 0 390938940
A 186 184 162.25 -1 0 691347761
A 187 230 44.85 -1 0 691347762
A 188 233 19.34 -1 0 691347762
A 188 189 157.80 -1 0 691347763
A 188 234 38.32 -1 0 691347762
A 189 188 157.80 -1 0 691347763
A 190 257 18.66 -1 0 691347898
A 190 2 1229.82 -1 0 [691347897, 691347898, 398211422]
A 190 330 149.28 98 0 [486372305, 813840669]
A 191 192 127.11 13 0 787068187
A 191 193 282.55 -1 0 787068187
A 191 208 184.80 107 0 787071707
A 192 191 127.11 -1 0 787068187
A 192 198 333.64 14 0 787068187
A 192 208 69.58 13 0 787071708
A 193 196 112.76 -1 0 787068186
A 193 197 75.97 60 0 787068186
A 193 191 282.55 107 0 787068187
A 194 195 10.89 86 0 787068186
A 194 300 113.96 -1 0 499298732
A 194 209 592.76 -1 0 499298732
A 195 194 10.89 -1 0 787068186
A 195 196 55.29 -1 0 787068186
A 195 202 71.44 86 0 787071703
A 196 207 67.49 -1 0 787071705
A 196 195 55.29 -1 0 787068186
A 196 193 112.76 60 0 787068186
A 197 207 116.48 60 0 787071706
A 197 193 75.97 107 0 787068186
A 197 206 36.66 87 0 787068186
A 198 200 307.89 107 0 787068187
A 198 192 333.64 -1 0 787068187
A 198 208 163.03 14 0 787071708
A 199 200 401.82 -1 0 787071701
A 200 206 488.24 107 0 [787068186, 787068187]
A 200 198 307.89 -1 0 787068187
A 200 199 401.82 -1 0 787071701
A 201 202 276.87 -1 0 787071702
A 202 201 276.87 -1 0 787071702
A 202 203 76.83 86 0 787071703
A 202 195 71.44 -1 0 787071703
A 203 300 25.25 86 0 499298732
A 203 5 832.61 -1 0 499298732
A 203 202 76.83 -1 0 787071703
A 204 205 93.07 -1 0 787071704
A 204 205 189.23 -1 0 787071705
A 204 207 98.83 87 0 787071705
A 205 204 93.07 87 0 787071704
A 205 204 189.23 -1 0 787071705
A 205 206 8.98 -1 0 787071705
A 206 197 36.66 107 0 787068186
A 206 200 488.24 -1 0 [787068186, 787068187]
A 206 205 8.98 87 0 787071705
A 207 196 67.49 60 0 787071705
A 207 197 116.48 87 0 787071706
A 207 204 98.83 -1 0 787071705
A 208 191 184.80 13 0 787071707
A 208 192 69.58 14 0 787071708
A 208 198 163.03 107 0 787071708
A 209 194 592.76 -1 0 499298732
A 209 211 193.15 -1 0 499298732
A 209 210 85.82 15 0 787078029
A 210 209 85.82 -1 0 787078029
A 210 211 113.44 15 0 787078030
A 211 209 193.15 15 0 499298732
A 211 210 113.44 -1 0 787078030
A 212 90 626.22 113 0 813775522
A 212 318 249.64 -1 0 813775522
A 212 317 227.83 16 0 944294290
A 213 110 46.93 104 0 398726237
A 213 111 27.42 108 0 398726237
A 213 109 73.96 7 0 813775524
A 214 93 56.69 -1 0 398207022
A 214 32 82.66 -1 0 448954516
A 214 83 3.64 68 0 448954516
A 215 88 87.99 6 0 527626005
A 215 6 95.11 67 12 527626005
A 215 89 87.53 25 0 385267637
A 216 64 13.53 103 1 411231587
A 216 61 75.64 47 1 411231587
A 216 63 137.80 -1 0 [448954512, 390938937]
A 217 85 148.49 -1 0 385267619
A 217 14 6.13 103 1 385267619
A 217 24 102.71 31 0 385267623
A 218 219 9.04 -1 0 390938944
A 218 120 58.95 -1 0 813793000
A 219 218 9.04 -1 0 390938944
A 219 156 177.55 -1 0 390938944
A 219 222 37.56 94 0 813792999
A 220 224 6.53 -1 0 813792997
A 220 221 38.17 -1 0 813792999
A 221 120 7.33 -1 0 813792998
A 221 219 59.85 -1 0 813792999
A 222 58 6.08 94 0 390938937
A 222 60 8.99 93 3 390938937
A 223 220 66.91 -1 0 813792999
A 223 65 55.41 -1 0 813814517
A 224 220 6.53 -1 0 813792997
A 224 223 66.31 -1 0 813793000
A 225 59 10.78 92 2 499298731
A 225 270 250.43 75 0 390938932
A 225 128 62.29 61 1 499298731
A 226 122 24.17 -1 0 398207627
A 226 98 59.26 80 0 398207627
A 226 229 48.14 53 0 813795006
A 227 51 8.66 72 4 390938937
A 227 107 166.83 74 0 390938937
A 227 52 71.16 45 26 813793001
A 228 3 26.49 -1 0 813795005
A 228 40 95.52 65 3 [390938944, 813795004]
A 228 118 125.67 2 0 [390938938, 813795005]
A 229 131 22.87 82 0 482322021
A 229 130 35.17 53 0 482322021
A 229 226 48.14 80 0 813795006
A 230 187 44.85 -1 0 691347762
A 230 231 21.17 17 0 813795007
A 230 233 124.49 -1 0 691347762
A 231 230 21.17 -1 0 813795007
A 231 232 49.05 -1 0 813795008
A 231 233 105.39 17 0 813795008
A 232 231 49.05 -1 0 813795008
A 233 188 19.34 -1 0 691347762
A 233 231 105.39 -1 0 813795008
A 233 230 124.49 17 0 691347762
A 234 240 16.27 -1 0 691347762
A 234 188 38.32 -1 0 691347762
A 234 235 254.26 96 0 813858501
A 235 79 20.17 96 0 813795009
A 235 236 210.29 -1 0 813795009
A 235 234 254.26 -1 0 813858501
A 236 235 210.29 -1 0 813795009
A 237 79 98.08 -1 0 813795009
A 238 78 2.93 5 0 687602274
A 238 240 10.20 96 0 687602274
A 238 239 140.17 -1 0 813795010
A 239 77 860.77 -1 0 505368805
A 239 78 141.05 -1 0 505368805
A 239 238 140.17 5 0 813795010
A 240 238 10.20 -1 0 687602274
A 240 170 63.39 -1 0 687602274
A 240 234 16.27 96 0 691347762
A 241 96 6.53 78 0 398207625
A 241 242 39.01 12 0 813795011
A 241 168 29.78 106 0 398207625
A 242 243 27.69 97 0 505368804
A 242 241 39.01 78 0 813795011
A 242 168 37.34 12 0 505368804
A 243 169 12.32 97 0 505368804
A 243 242 27.69 78 0 505368804
A 243 135 31.46 55 0 687602272
A 244 98 25.43 50 0 687602273
A 244 251 21.59 -1 0 498850370
A 244 131 88.77 80 0 687602273
A 245 135 27.40 83 0 398196739
A 245 169 30.69 55 0 398207623
A 245 136 96.77 56 0 398196739
A 246 2 574.31 -1 0 813802890
A 247 98 29.61 100 0 813802891
A 247 251 27.34 50 0 813802893
A 247 249 56.42 -1 0 813802893
A 248 250 43.27 -1 0 398211422
A 248 2 462.32 -1 0 398211422
A 248 249 44.55 18 0 813802892
A 249 250 17.63 18 0 813802893
A 249 248 44.55 -1 0 813802892
A 249 247 56.42 100 0 813802893
A 250 248 43.27 18 0 398211422
A 250 261 25.53 -1 0 398211422
A 250 249 17.63 100 0 813802893
A 251 247 27.34 -1 0 813802893
A 251 163 568.98 -1 0 [498850370, 498850371]
A 251 244 21.59 50 0 498850370
A 252 99 6.87 11 0 498850369
A 252 162 101.53 -1 0 498850369
A 252 274 350.34 -1 0 813814522
A 253 254 46.58 -1 0 398211421
A 253 254 54.05 -1 0 813802894
A 254 258 44.47 -1 0 [398211421, 813808327]
A 255 126 17.70 -1 0 691347898
A 255 306 356.77 54 0 813860582
A 256 126 117.90 54 0 691347898
A 256 0 56.03 102 0 691347898
A 256 306 68.60 24 0 813860582
A 257 125 52.02 8 0 691347898
A 257 190 18.66 98 0 691347898
A 257 288 41.30 -1 0 813839032
A 258 262 7.88 -1 0 390938937
A 258 259 17.74 -1 0 813808327
A 259 110 39.99 -1 0 398726237
A 259 262 12.37 104 0 813808328
A 260 99 4.39 -1 0 448972770
A 260 98 89.52 -1 0 448972770
A 260 261 22.80 100 0 813808329
A 261 250 25.53 100 0 398211422
A 261 99 23.75 -1 0 813808330
A 262 258 7.88 -1 0 390938937
A 262 39 33.20 104 0 390938937
A 262 3 75.38 65 3 [813808328, 398211423]
A 263 265 85.50 -1 0 813814518
A 264 265 213.94 19 0 813814518
A 264 269 374.96 -1 0 813814520
A 265 263 85.50 -1 0 813814518
A 265 264 213.94 -1 0 813814518
A 265 268 99.15 19 0 813814519
A 266 73 67.06 49 0 398196733
A 266 71 7.76 -1 0 398196733
A 266 267 159.27 81 0 813814520
A 267 121 45.47 81 0 448958592
A 267 268 190.36 -1 0 813814520
A 268 272 7.76 -1 0 813814519
A 268 265 99.15 -1 0 813814519
A 268 264 144.76 19 0 813814520
A 269 128 249.78 -1 0 398207625
A 269 270 100.74 61 1 813814520
A 270 66 5.37 -1 0 390938932
A 270 273 10.57 75 0 813814520
A 270 225 250.43 61 1 390938932
A 271 69 7.09 -1 0 390938940
A 271 266 55.17 49 0 813814520
A 271 74 62.07 95 0 390938940
A 272 268 7.76 -1 0 813814519
A 272 71 351.52 -1 0 813814521
A 273 66 10.72 -1 0 813814521
A 273 65 25.03 75 0 813814517
A 274 252 350.34 -1 0 813814522
A 275 271 11.62 95 0 813817634
A 275 80 121.60 -1 0 398196741
A 276 277 88.27 -1 0 813817636
A 277 177 18.59 -1 0 691347756
A 277 276 88.27 -1 0 813817636
A 277 175 103.43 -1 0 691347756
A 278 279 66.22 99 0 813823412
A 278 282 115.78 20 0 813823413
A 278 70 120.46 -1 0 813823413
A 279 282 44.03 21 0 813823411
A 279 278 66.22 20 0 813823412
A 279 281 39.70 99 0 813823412
A 280 287 203.19 84 0 687602276
A 280 173 197.02 99 0 687602276
A 280 281 205.69 -1 0 813823413
A 281 279 39.70 21 0 813823412
A 281 280 205.69 99 0 813823413
A 281 282 31.72 -1 0 813823413
A 282 279 44.03 20 0 813823411
A 282 281 31.72 21 0 813823413
A 282 278 115.78 -1 0 813823413
A 283 304 399.73 -1 0 813823414
A 284 305 176.69 -1 0 813823415
A 285 172 126.19 -1 0 687602276
A 285 286 161.24 -1 0 687602276
A 285 173 937.76 84 0 [813823416, 390938940]
A 286 285 161.24 84 0 687602276
A 286 287 102.15 62 0 687602276
A 286 304 35.91 -1 0 813823414
A 287 286 102.15 84 0 687602276
A 287 280 203.19 -1 0 687602276
A 287 305 230.72 62 0 813823415
A 288 146 535.43 -1 0 479272122
A 288 257 41.30 8 0 813839032
A 288 125 17.74 -1 0 813839032
A 289 349 246.82 -1 0 813845748
A 289 350 667.65 -1 0 [944383313, 813845749]
A 290 312 122.37 -1 0 944294281
A 290 291 281.63 -1 0 813845751
A 290 292 435.07 22 0 813845751
A 291 292 419.41 -1 0 398412559
A 291 113 1150.98 -1 0 398412559
A 291 290 281.63 22 0 813845751
A 292 291 419.41 22 0 398412559
A 292 290 435.07 -1 0 813845751
A 293 114 666.77 113 0 527625476
A 293 303 174.87 -1 0 [527625476, 398412556, 385267623]
A 293 301 229.76 -1 0 813858502
A 294 318 85.92 63 0 813775522
A 294 295 95.95 -1 0 813775522
A 294 319 53.28 88 0 944294290
A 295 316 32.94 101 0 944294289
A 295 294 95.95 88 0 813775522
A 295 296 311.51 -1 0 813775522
A 296 295 311.51 101 0 813775522
A 296 321 20.75 -1 0 813845752
A 296 324 363.01 -1 0 944294288
A 297 321 113.92 101 0 813845752
A 297 113 165.89 -1 0 813845752
A 297 315 210.35 113 0 944294289
A 298 5 346.18 -1 0 813845753
A 299 300 928.60 -1 0 813858500
A 300 203 25.25 -1 0 499298732
A 300 194 113.96 86 0 499298732
A 300 299 928.60 -1 0 813858500
A 301 293 229.76 -1 0 813858502
A 302 303 75.54 -1 0 813858503
A 303 21 78.98 -1 0 385267623
A 303 293 174.87 113 0 [398412556, 527625476, 385267623]
A 303 302 75.54 -1 0 813858503
A 304 283 399.73 -1 0 813823414
A 304 286 35.91 62 0 813823414
A 304 305 167.99 -1 0 813858504
A 305 284 176.69 -1 0 813823415
A 305 287 230.72 -1 0 813823415
A 305 304 167.99 62 0 813858504
A 306 307 50.77 24 0 813860581
A 306 255 356.77 -1 0 813860582
A 306 256 68.60 54 0 813860582
A 307 306 50.77 -1 0 813860581
A 307 308 68.06 -1 0 813860583
A 307 157 261.95 -1 0 490130721
A 307 0 72.51 24 0 490130721
A 308 307 68.06 -1 0 813860583
A 309 310 42.12 -1 0 942264404
A 310 309 42.12 -1 0 942264404
A 310 67 2352.55 -1 0 [787114672, 390938945]
A 311 349 916.20 112 0 [813845748, 942266310]
A 311 328 84.83 -1 0 942266320
A 311 338 1558.37 111 0 944383299
A 312 290 122.37 -1 0 944294281
A 313 314 66.88 -1 0 944294288
A 314 324 431.85 111 0 944294288
A 314 313 66.88 -1 0 944294288
A 314 341 208.86 -1 0 944383301
A 315 316 9.20 23 0 944294289
A 315 297 210.35 101 0 944294289
A 315 320 94.08 113 0 944294293
A 316 295 32.94 88 0 944294289
A 316 315 9.20 101 0 944294289
A 316 320 86.42 23 0 944294292
A 317 319 12.94 63 0 944294290
A 317 212 227.83 113 0 944294290
A 317 318 98.85 16 0 944294291
A 318 212 249.64 16 0 813775522
A 318 294 85.92 -1 0 813775522
A 318 317 98.85 63 0 944294291
A 319 317 12.94 113 0 944294290
A 319 294 53.28 63 0 944294290
A 319 320 53.46 88 0 944294292
A 320 316 86.42 88 0 944294292
A 320 319 53.46 113 0 944294292
A 320 315 94.08 23 0 944294293
A 321 296 20.75 101 0 813845752
A 321 297 113.92 -1 0 813845752
A 321 322 50.55 -1 0 944294294
A 322 321 50.55 -1 0 944294294
A 323 324 1081.68 -1 0 944294295
A 324 296 363.01 -1 0 944294288
A 324 314 431.85 -1 0 944294288
A 324 323 1081.68 -1 0 944294295
A 324 325 1083.18 111 0 944294296
A 324 326 146.97 -1 0 944294297
A 325 327 30.34 -1 0 944294300
A 325 329 232.91 111 0 944294296
A 325 324 1083.18 -1 0 944294296
A 326 324 146.97 -1 0 944294297
A 327 325 30.34 -1 0 944294300
A 328 311 84.83 111 0 942266320
A 328 329 665.03 -1 0 944294301
A 329 325 232.91 -1 0 944294296
A 329 328 665.03 111 0 944294301
A 330 140 6.50 98 0 486372305
A 330 190 149.28 -1 0 [486372305, 813840669]
A 330 331 670.19 -1 0 [944383284, 944383285]
A 331 330 670.19 -1 0 [944383284, 944383285]
A 331 347 1345.61 -1 0 [944383305, 944383285]
A 331 332 506.85 112 0 944383286
A 332 333 181.76 112 0 944383286
A 332 333 205.22 -1 0 944383287
A 332 331 506.85 -1 0 944383286
A 333 334 30.96 112 0 944383288
A 333 332 181.76 -1 0 944383286
A 333 332 205.22 -1 0 944383287
A 334 333 30.96 -1 0 944383288
A 334 335 301.98 112 0 944383289
A 334 336 103.66 -1 0 944383290
A 335 334 301.98 -1 0 944383289
A 335 337 610.23 -1 0 944383291
A 335 340 1164.83 112 0 944383298
A 336 334 103.66 -1 0 944383290
A 337 335 610.23 -1 0 944383291
A 338 339 345.37 -1 0 944383298
A 338 311 1558.37 112 0 944383299
A 338 341 367.33 111 0 944383299
A 339 340 132.65 -1 0 944383298
A 339 340 161.84 -1 0 944383300
A 339 338 345.37 112 0 944383298
A 340 335 1164.83 -1 0 944383298
A 340 339 132.65 112 0 944383298
A 340 339 161.84 -1 0 944383300
A 341 338 367.33 -1 0 944383299
A 341 314 208.86 111 0 944383301
A 341 342 183.19 -1 0 944383302
A 342 341 183.19 -1 0 944383302
A 343 344 178.57 112 0 944383307
A 343 344 169.80 -1 0 944383308
A 343 349 1301.28 -1 0 944383308
A 344 343 178.57 -1 0 944383307
A 344 343 169.80 -1 0 944383308
A 344 345 117.82 112 0 944383308
A 345 346 77.99 112 0 944383306
A 345 346 95.00 -1 0 944383308
A 345 344 117.82 -1 0 944383308
A 346 345 77.99 -1 0 944383306
A 346 345 95.00 -1 0 944383308
A 346 347 1108.10 112 0 944383308
A 347 331 1345.61 112 0 [944383305, 944383285]
A 347 348 616.12 -1 0 944383308
A 347 346 1108.10 -1 0 944383308
A 348 347 616.12 -1 0 944383308
A 349 289 246.82 -1 0 813845748
A 349 311 916.20 -1 0 [813845748, 942266310]
A 349 343 1301.28 112 0 944383308
A 350 289 667.65 -1 0 [944383313, 813845749]
A 350 351 75.18 -1 0 944383316
A 350 352 134.43 -1 0 944383317
A 351 350 75.18 -1 0 944383316
A 352 350 134.43 -1 0 944383317
