179 499 73
N 0 -5.5102246 -38.2637883 -1
N 1 -5.5160187 -38.2686384 41
N 2 -5.5189381 -38.2707433 0,42,58,70
N 3 -5.5178595 -38.2739358 11,43
N 4 -5.5179663 -38.273351 12,43
N 5 -5.5182116 -38.2726616 12,44,59
N 6 -5.5184027 -38.2721458 13,45,59
N 7 -5.5187376 -38.2712225 13,42,45,70
N 8 -5.5161426 -38.2701907 -1
N 9 -5.5203442 -38.2718186 14,15,42,71
N 10 -5.5209225 -38.2720443 14,16,71
N 11 -5.5216573 -38.2722983 16,17,66,71
N 12 -5.5232496 -38.2728676 -1
N 13 -5.5206241 -38.275521 -1
N 14 -5.5207496 -38.2749577 18
N 15 -5.5208417 -38.2745661 18,19,20
N 16 -5.5213276 -38.2731311 16,17,21,22
N 17 -5.5218281 -38.271845 23,46,66,71
N 18 -5.5216519 -38.2751072 18
N 19 -5.5216833 -38.2747123 18,20
N 20 -5.521696 -38.2738768 20,22
N 21 -5.521696 -38.2732451 17,22
N 22 -5.5198308 -38.2743666 1,72
N 23 -5.5201682 -38.2744267 19,72
N 24 -5.5221514 -38.2747479 -1
N 25 -5.5203882 -38.2736629 19,21,72
N 26 -5.5206227 -38.2729123 14,16,21,72
N 27 -5.5200316 -38.2727079 14,15,59,72
N 28 -5.5195572 -38.2725356 13,15,59
N 29 -5.5173761 -38.2718269 -1
N 30 -5.516455 -38.2720496 -1
N 31 -5.5198312 -38.2732116 12,59,72
N 32 -5.520519 -38.2713584 42,58,71
N 33 -5.5172088 -38.2732573 -1
N 34 -5.5196089 -38.2736059 12,43,72
N 35 -5.5227948 -38.2753528 -1
N 36 -5.5167855 -38.2692024 41,47,67
N 37 -5.5169878 -38.2686961 2,24,41,47
N 38 -5.5173229 -38.267633 25,26
N 39 -5.5175098 -38.2670948 26,27,28
N 40 -5.5176753 -38.2665651 3,27,28
N 41 -5.517876 -38.2695934 47,48,60
N 42 -5.5180558 -38.2690367 24,29,47,48
N 43 -5.5182146 -38.2684936 24,25,29,49
N 44 -5.5183828 -38.2679746 25,26,30,49
N 45 -5.5183596 -38.2703344 0,60,70
N 46 -5.518539 -38.2674421 26,27,30,61
N 47 -5.5186912 -38.266907 27,61
N 48 -5.5192118 -38.2700868 48,50,60
N 49 -5.519448 -38.26949 29,31,48
N 50 -5.5196402 -38.26891 29,49
N 51 -5.5197959 -38.2684279 30,49
N 52 -5.5199498 -38.267925 30,61
N 53 -5.5217974 -38.270878 32,63,68
N 54 -5.5219838 -38.2714681 23,32,46,62
N 55 -5.5221378 -38.2709706 32,62,63
N 56 -5.522272 -38.268686 51,61
N 57 -5.5222667 -38.2710128 62
N 58 -5.5224362 -38.2720676 23,33,66
N 59 -5.5225813 -38.2716656 23,33,62
N 60 -5.5230585 -38.2712908 33,62
N 61 -5.5231844 -38.2723573 66
N 62 -5.5240294 -38.2696764 51
N 63 -5.5242656 -38.2694585 -1
N 64 -5.5245386 -38.2688416 -1
N 65 -5.5163564 -38.2630728 -1
N 66 -5.5190409 -38.2705213 0,50,58,60
N 67 -5.5181105 -38.272079 44,45
N 68 -5.5186361 -38.2711806 45,70
N 69 -5.5229721 -38.2727529 66
N 70 -5.5211006 -38.2737735 19,20,21,22
N 71 -5.5229889 -38.274056 -1
N 72 -5.5194681 -38.2742885 1,4,43,72
N 73 -5.519396 -38.2744534 1,4,11
N 74 -5.5191891 -38.2749724 11
N 75 -5.5195288 -38.2750874 -1
N 76 -5.5198856 -38.2716417 13,15,42
N 77 -5.5179334 -38.2725591 44
N 78 -5.5166434 -38.2668118 28,69
N 79 -5.5170159 -38.265688 3,64
N 80 -5.5160561 -38.2661292 52,53,69
N 81 -5.516016 -38.2666214 54,69
N 82 -5.5146217 -38.2657846 34,55,65
N 83 -5.5142516 -38.2665466 7
N 84 -5.5166997 -38.2674391 -1
N 85 -5.5214364 -38.2717042 35,46,71
N 86 -5.5216618 -38.2713518 32,46,68
N 87 -5.5215645 -38.2713158 35,46,68
N 88 -5.5213551 -38.2712551 35,36,68
N 89 -5.5212335 -38.2716297 35,36,71
N 90 -5.5205951 -38.2710285 50,58,68
N 91 -5.5207234 -38.2705426 31,50,63,68
N 92 -5.5167254 -38.2704135 70
N 93 -5.5168755 -38.2701723 5,70
N 94 -5.5168851 -38.2693841 5,67
N 95 -5.5174457 -38.2697502 60,67,70
N 96 -5.5175775 -38.2694873 47,60,67
N 97 -5.516829 -38.2662995 3,28,64,69
N 98 -5.5171536 -38.2681555 2,24,25
N 99 -5.5183871 -38.2721919 44,45,59
N 100 -5.5228507 -38.2704851 -1
N 101 -5.5152578 -38.2661708 37,54
N 102 -5.5171833 -38.2737942 -1
N 103 -5.516545 -38.2670966 -1
N 104 -5.5224262 -38.2680443 40,61
N 105 -5.5160361 -38.2663411 52,54,69
N 106 -5.5154767 -38.2661815 37,54,56
N 107 -5.5154808 -38.2656571 6,55,56
N 108 -5.5158158 -38.2662593 52,54,56
N 109 -5.5158265 -38.2656531 6,52,56,57
N 110 -5.5158398 -38.2645239 6,57
N 111 -5.5160234 -38.2656464 38,52,53,57
N 112 -5.5161015 -38.2645286 39,57
N 113 -5.5208469 -38.2701376 31,63
N 114 -5.5157451 -38.2683923 -1
N 115 -5.5146745 -38.2679638 -1
N 116 -5.5147392 -38.2671699 7
N 117 -5.5210606 -38.2715674 36,58,71
N 118 -5.521187 -38.2712005 36,58,68
N 119 -5.5199294 -38.268539 -1
N 120 -5.5197742 -38.2684944 49
N 121 -5.5163791 -38.2661681 8,64,69
N 122 -5.516297 -38.2654774 38,39,64
N 123 -5.5162396 -38.2637501 39
N 124 -5.5199454 -38.2735821 -1
N 125 -5.5159153 -38.2629474 -1
N 126 -5.5191837 -38.2805984 -1
N 127 -5.5172401 -38.2696134 5,67,70
N 128 -5.5180795 -38.2720684 44
N 129 -5.5186925 -38.2741309 4,11,43
N 130 -5.5230723 -38.2723097 33,66
N 131 -5.5217091 -38.2723172 17,66
N 132 -5.522393 -38.2707534 -1
N 133 -5.5223403 -38.2706912 63
N 134 -5.523114 -38.2702675 -1
N 135 -5.522812 -38.2704315 -1
N 136 -5.5221898 -38.2709876 62,63
N 137 -5.5236529 -38.2700043 -1
N 138 -5.5231463 -38.2703168 -1
N 139 -5.5222954 -38.2685915 40,51,61
N 140 -5.5150963 -38.2660246 37,55
N 141 -5.5192859 -38.2701109 31,48,50
N 142 -5.5161647 -38.2684493 2,41
N 143 -5.5154792 -38.2658637 37,55,56
N 144 -5.5157414 -38.2629526 -1
N 145 -5.5162123 -38.2630768 -1
N 146 -5.5163453 -38.2630968 -1
N 147 -5.5163134 -38.2631831 -1
N 148 -5.5161148 -38.2661319 8,53,69
N 149 -5.5163095 -38.2658387 8,53,64
N 150 -5.5163004 -38.2655887 38,53,64
N 151 -5.5146918 -38.2655659 34,55
N 152 -5.5160323 -38.265399 38,39,57
N 153 -5.5143796 -38.2656731 34,65
N 154 -5.5137274 -38.2658985 9
N 155 -5.5140705 -38.2660772 9,65
N 156 -5.5139723 -38.2662023 9,65
N 157 -5.5145219 -38.2654716 34
N 158 -5.5142116 -38.2665939 7
N 159 -5.5158641 -38.2685436 -1
N 160 -5.5161415 -38.268859 -1
N 161 -5.5164344 -38.2691313 -1
N 162 -5.516582 -38.2691896 67
N 163 -5.5142747 -38.2665144 65
N 164 -5.5141233 -38.2663761 65
N 165 -5.5165023 -38.2691125 41,67
N 166 -5.524897 -38.2632874 -1
N 167 -5.5251249 -38.2652513 10
N 168 -5.5245313 -38.2637615 10
N 169 -5.5253977 -38.2639724 10
N 170 -5.5245279 -38.2685854 40
N 171 -5.5242272 -38.2694291 40,51
N 172 -5.525465 -38.2639908 -1
N 173 -5.5241882 -38.2695162 51
N 174 -5.511137 -38.267072 -1
N 175 -5.5210292 -38.2772812 -1
N 176 -5.5223594 -38.2768232 -1
N 177 -5.521102 -38.2753949 -1
N 178 -5.5214378 -38.275786 -1
A 0 154 462.31 -1 0 398211422
A 1 142 26.49 41 2 813795005
A 1 163 304.78 -1 0 398211423
A 2 66 27.10 58 2 527626004
A 2 7 57.53 70 3 527626004
A 2 45 78.66 0 0 411231587
A 2 32 188.60 42 0 411231587
A 3 102 76.81 -1 0 385267627
A 3 129 95.11 11 0 527626005
A 3 74 222.00 -1 0 [385267617, 448954514]
A 3 4 65.85 43 0 527626004
A 4 34 184.81 43 0 385267635
A 4 33 84.87 -1 0 385267635
A 4 5 81.10 12 4 527626004
A 4 3 65.85 -1 0 527626004
A 5 31 190.10 12 4 385267632
A 5 77 32.95 44 0 385267632
A 5 99 55.53 59 0 527626004
A 5 4 81.10 -1 0 527626004
A 6 28 135.43 59 0 385267630
A 6 7 108.76 13 0 527626004
A 6 99 5.39 45 0 527626004
A 7 76 135.82 13 0 385267619
A 7 68 12.20 70 3 385267619
A 7 2 57.53 42 0 527626004
A 7 6 108.76 45 0 527626004
A 8 92 69.34 -1 0 385267619
A 9 10 68.99 14 0 385267619
A 9 76 54.62 42 0 385267619
A 9 32 54.52 71 0 385267634
A 9 27 104.39 15 0 385267634
A 10 11 86.41 16 0 385267619
A 10 9 68.99 71 0 385267619
A 10 26 101.69 14 0 482321455
A 11 131 6.13 17 0 385267619
A 11 10 86.41 71 0 385267619
A 11 17 53.65 66 0 385267622
A 11 16 99.20 16 0 385267622
A 12 69 33.37 -1 0 385267619
A 13 14 63.90 -1 0 385267622
A 14 15 44.53 18 0 385267622
A 14 18 101.69 -1 0 385267625
A 14 13 63.90 -1 0 385267622
A 15 14 44.53 -1 0 385267622
A 15 19 94.97 18 0 527626005
A 15 23 76.46 19 0 527626005
A 15 70 92.33 20 10 385267622
A 16 70 75.45 21 1 385267622
A 16 26 82.04 16 0 385267630
A 16 21 42.86 22 1 385267630
A 16 11 99.20 17 0 385267622
A 17 11 53.65 71 0 385267622
A 17 85 46.26 46 0 411231587
A 17 58 71.97 66 0 411231587
A 17 54 45.16 23 0 499298728
A 18 14 101.69 18 0 385267625
A 18 35 129.96 -1 0 385267625
A 18 19 43.86 -1 0 385267623
A 18 178 78.98 -1 0 385267623
A 19 20 92.48 -1 0 385267623
A 19 24 52.20 -1 0 527626005
A 19 15 94.97 20 10 527626005
A 19 18 43.86 18 0 385267623
A 20 21 69.92 -1 0 385267623
A 20 19 92.48 20 10 385267623
A 20 70 67.19 22 1 385267638
A 20 71 145.13 -1 0 385267638
A 21 20 69.92 22 1 385267623
A 21 16 42.86 17 0 385267630
A 21 131 102.71 -1 0 385267623
A 22 23 38.10 -1 0 527626005
A 22 72 41.25 72 4 527626005
A 22 73 62.78 1 0 [527626003, 385267637]
A 23 25 88.00 19 0 385267628
A 23 15 76.46 -1 0 527626005
A 23 22 38.10 72 4 527626005
A 24 19 52.20 -1 0 527626005
A 25 23 88.00 72 4 385267628
A 25 124 50.04 -1 0 385267638
A 25 70 80.16 19 0 385267638
A 25 26 87.07 21 1 482321455
A 26 27 69.51 14 0 385267630
A 26 16 82.04 21 1 385267630
A 26 10 101.69 16 0 482321455
A 26 25 87.07 72 4 482321455
A 27 28 56.09 15 0 385267630
A 27 26 69.51 72 4 385267630
A 27 9 104.39 14 0 385267634
A 27 31 60.47 59 0 385267634
A 28 6 135.43 13 0 385267630
A 28 27 56.09 59 0 385267630
A 28 76 105.46 15 0 398206185
A 29 128 82.66 -1 0 448954516
A 30 77 173.79 -1 0 385267632
A 31 5 190.10 59 0 385267632
A 31 27 60.47 72 4 385267634
A 31 34 54.26 12 4 385267634
A 32 9 54.52 42 0 385267634
A 32 2 188.60 58 2 411231587
A 32 117 64.51 71 0 411231587
A 33 4 84.87 -1 0 385267635
A 34 4 184.81 12 4 385267635
A 34 31 54.26 72 4 385267634
A 34 72 80.70 43 0 385267634
A 35 18 129.96 -1 0 385267625
A 36 96 93.54 67 0 390938937
A 36 37 60.38 47 0 390938946
A 36 165 33.20 41 2 390938937
A 37 42 124.60 47 0 390938944
A 37 98 62.61 24 0 390938946
A 37 36 60.38 41 2 390938946
A 37 142 95.52 2 0 [390938944, 813795004]
A 38 44 123.77 25 0 390938942
A 38 84 72.54 -1 0 390938942
A 38 39 63.09 26 0 390938946
A 38 98 60.82 -1 0 390938946
A 39 40 61.45 27 0 390938946
A 39 38 63.09 -1 0 390938946
A 39 78 101.30 28 0 398207627
A 39 46 120.72 26 0 398207627
A 40 39 61.45 28 0 390938946
A 40 97 98.59 3 0 398207625
A 40 47 119.13 27 0 398207625
A 40 79 161.76 -1 0 [390938946, 398207623]
A 41 96 35.21 47 0 390938937
A 41 48 158.25 60 0 390938937
A 41 42 64.78 48 0 390938949
A 42 49 162.73 48 0 390938944
A 42 37 124.60 24 0 390938944
A 42 43 62.65 29 0 390938949
A 42 41 64.78 47 0 390938949
A 43 50 165.08 29 0 390938938
A 43 98 123.77 25 0 390938938
A 43 44 60.41 49 0 390938949
A 43 42 62.65 24 0 390938949
A 44 51 164.94 49 0 390938942
A 44 38 123.77 26 0 390938942
A 44 46 61.44 30 0 390938949
A 44 43 60.41 25 0 390938949
A 45 66 78.53 0 0 390938948
A 45 95 120.45 60 0 411231587
A 45 2 78.66 70 3 411231587
A 46 47 61.59 61 0 390938949
A 46 44 61.44 26 0 390938949
A 46 39 120.72 27 0 398207627
A 46 52 165.73 30 0 398207627
A 47 46 61.59 27 0 390938949
A 47 40 119.13 -1 0 398207625
A 47 104 437.28 61 0 398207625
A 48 41 158.25 48 0 390938937
A 48 141 8.66 50 0 390938937
A 48 66 51.71 60 0 527626004
A 49 42 162.73 29 0 390938944
A 49 50 67.66 -1 0 813793001
A 49 113 187.36 31 0 390938944
A 49 141 71.16 48 0 813793001
A 50 43 165.08 49 0 390938938
A 50 120 48.35 -1 0 813793001
A 50 49 67.66 29 0 813793001
A 51 44 164.94 30 0 390938942
A 51 52 58.23 -1 0 813793001
A 51 120 7.75 49 0 813793001
A 52 46 165.73 61 0 398207627
A 52 51 58.23 30 0 813793001
A 52 56 271.63 -1 0 398207627
A 53 86 54.56 68 2 390938936
A 53 91 125.06 63 0 390938937
A 53 55 39.21 32 0 390938937
A 54 86 38.05 32 0 390938948
A 54 59 69.94 23 0 390938948
A 54 55 57.66 62 0 448954513
A 54 17 45.16 46 0 499298728
A 55 53 39.21 63 0 390938937
A 55 136 6.08 62 0 390938937
A 55 54 57.66 32 0 448954513
A 56 139 10.78 51 0 499298731
A 56 52 271.63 61 0 398207627
A 56 62 236.95 -1 0 398207627
A 57 136 8.99 -1 0 390938937
A 57 60 93.27 62 0 390938937
A 57 132 32.60 -1 0 813793000
A 58 59 47.33 33 0 390938935
A 58 17 71.97 23 0 411231587
A 58 130 75.64 66 0 411231587
A 59 58 47.33 23 0 390938935
A 59 54 69.94 62 0 390938948
A 59 60 90.08 33 0 [390938948, 448954511]
A 60 57 93.27 -1 0 390938937
A 60 130 137.80 33 0 [448954512, 390938937]
A 60 59 90.08 62 0 [390938948, 448954511]
A 61 130 13.53 -1 0 411231587
A 61 69 49.75 66 0 398206425
A 62 56 236.95 51 0 398207627
A 62 173 25.03 -1 0 813814517
A 62 137 55.41 -1 0 813814517
A 63 171 5.37 -1 0 390938932
A 63 64 76.18 -1 0 813814521
A 64 172 546.76 -1 0 813814521
A 65 146 2.93 -1 0 687602274
A 66 45 78.53 60 0 390938948
A 66 90 181.71 58 2 390938948
A 66 48 51.71 50 0 527626004
A 66 2 27.10 0 0 527626004
A 67 128 3.64 -1 0 448954516
A 67 99 33.20 44 0 448954516
A 67 68 115.34 45 0 398197990
A 68 7 12.20 45 0 385267619
A 68 92 228.80 70 3 385267619
A 68 67 115.34 -1 0 398197990
A 69 12 33.37 -1 0 385267619
A 69 131 148.49 66 0 385267619
A 69 61 49.75 -1 0 398206425
A 70 16 75.45 22 1 385267622
A 70 25 80.16 21 1 385267638
A 70 20 67.19 20 10 385267638
A 70 15 92.33 19 0 385267622
A 71 20 145.13 -1 0 385267638
A 72 73 19.93 4 0 385267634
A 72 22 41.25 1 0 527626005
A 72 129 87.99 43 0 527626005
A 72 34 80.70 72 4 385267634
A 73 72 19.93 1 0 385267634
A 73 74 61.88 11 0 385267634
A 73 22 62.78 -1 0 [527626003, 385267637]
A 73 129 87.53 4 0 385267637
A 74 73 61.88 -1 0 385267634
A 74 75 39.86 -1 0 448954514
A 74 3 222.00 11 0 [385267617, 448954514]
A 74 126 626.22 -1 0 813775522
A 75 74 39.86 -1 0 448954514
A 76 9 54.62 15 0 385267619
A 76 7 135.82 42 0 385267619
A 76 28 105.46 13 0 398206185
A 77 5 32.95 -1 0 385267632
A 77 30 173.79 -1 0 385267632
A 77 128 56.69 44 0 398207022
A 78 39 101.30 -1 0 398207627
A 78 97 60.34 28 0 482321454
A 78 103 33.37 -1 0 482321454
A 78 81 72.88 69 0 398207627
A 79 97 70.80 64 0 482321454
A 79 40 161.76 3 0 [390938946, 398207623]
A 79 122 83.28 -1 0 398207623
A 80 105 23.56 52 0 398196739
A 80 148 6.53 69 0 398207625
A 80 111 53.59 53 0 398196739
A 81 105 31.10 69 0 398196739
A 81 101 100.36 54 0 398207627
A 81 78 72.88 -1 0 398207627
A 82 163 89.52 65 0 448972770
A 82 151 25.43 55 0 687602273
A 82 153 29.61 34 0 813802891
A 82 140 59.26 -1 0 398207627
A 83 163 4.39 -1 0 448972770
A 83 116 87.75 7 0 398211421
A 83 158 6.87 -1 0 498850369
A 84 38 72.54 -1 0 390938942
A 85 87 45.29 46 0 398210263
A 85 89 24.02 35 0 411231587
A 85 17 46.26 71 0 411231587
A 86 53 54.56 32 0 390938936
A 86 87 11.53 68 2 390938948
A 86 54 38.05 46 0 390938948
A 87 88 24.23 68 2 390938948
A 87 86 11.53 46 0 390938948
A 87 85 45.29 35 0 398210263
A 88 118 19.64 68 2 390938948
A 88 87 24.23 35 0 390938948
A 88 89 43.61 36 0 398210457
A 89 88 43.61 35 0 398210457
A 89 117 20.43 36 0 411231587
A 89 85 24.02 71 0 411231587
A 90 66 181.71 50 0 390938948
A 90 118 68.51 58 2 390938948
A 90 91 55.64 68 2 398210483
A 91 141 166.83 31 0 390938937
A 91 53 125.06 68 2 390938937
A 91 113 46.88 63 0 398210483
A 91 90 55.64 50 0 398210483
A 92 68 228.80 -1 0 385267619
A 92 8 69.34 -1 0 385267619
A 92 93 31.48 70 3 813775523
A 93 92 31.48 -1 0 813775523
A 93 127 73.96 70 3 813775524
A 93 94 114.52 5 0 398210556
A 94 162 39.99 67 0 398726237
A 94 127 46.93 5 0 398726237
A 94 93 114.52 -1 0 398210556
A 95 96 32.58 60 0 398210521
A 95 127 27.42 67 0 398726237
A 95 45 120.45 70 3 411231587
A 96 36 93.54 47 0 390938937
A 96 41 35.21 60 0 390938937
A 96 95 32.58 67 0 398210521
A 97 40 98.59 28 0 398207625
A 97 79 70.80 3 0 482321454
A 97 78 60.34 69 0 482321454
A 97 121 52.13 64 0 398207625
A 98 43 123.77 24 0 390938938
A 98 38 60.82 25 0 390938946
A 98 37 62.61 2 0 390938946
A 98 142 125.67 -1 0 [390938938, 813795005]
A 99 67 33.20 45 0 448954516
A 99 6 5.39 59 0 527626004
A 99 5 55.53 44 0 527626004
A 100 135 7.33 -1 0 813792998
A 100 138 37.78 -1 0 813793000
A 101 140 24.17 37 0 398207627
A 101 106 24.37 54 0 482322021
A 101 81 100.36 -1 0 398207627
A 102 3 76.81 -1 0 385267627
A 103 78 33.37 -1 0 482321454
A 104 47 437.28 -1 0 398207625
A 104 170 249.78 40 6 398207625
A 104 139 62.29 61 0 499298731
A 105 80 23.56 69 0 398196739
A 105 81 31.10 54 0 398196739
A 105 108 26.12 52 0 482322020
A 106 108 38.68 54 0 482322020
A 106 143 35.17 56 0 482322021
A 106 101 24.37 37 0 482322021
A 107 143 22.87 55 0 482322021
A 107 109 38.44 56 0 482322023
A 107 110 156.53 6 0 [482322024, 482322021]
A 107 151 88.77 -1 0 687602273
A 108 106 38.68 56 0 482322020
A 108 105 26.12 54 0 482322020
A 108 109 67.11 52 0 482322022
A 109 110 124.99 57 0 482322022
A 109 108 67.11 56 0 482322022
A 109 107 38.44 6 0 482322023
A 109 111 21.91 52 0 482322023
A 110 109 124.99 6 0 482322022
A 110 112 29.10 57 0 482322024
A 110 107 156.53 -1 0 [482322024, 482322021]
A 111 152 27.40 38 0 398196739
A 111 109 21.91 57 0 482322023
A 111 150 31.46 53 0 687602272
A 111 80 53.59 52 0 398196739
A 112 110 29.10 -1 0 482322024
A 112 152 96.77 57 0 398196739
A 112 123 87.52 39 0 687602274
A 113 91 46.88 31 0 398210483
A 113 133 177.55 63 0 390938944
A 113 49 187.36 -1 0 390938944
A 114 159 21.34 -1 0 398211421
A 114 115 129.41 -1 0 498850368
A 115 114 129.41 -1 0 498850368
A 116 114 175.54 -1 0 398211421
A 116 158 101.53 7 0 498850369
A 117 89 20.43 71 0 411231587
A 117 118 42.97 36 0 499298729
A 117 32 64.51 58 2 411231587
A 118 90 68.51 68 2 390938948
A 118 88 19.64 36 0 390938948
A 118 117 42.97 58 2 499298729
A 119 120 17.95 -1 0 499298734
A 120 119 17.95 -1 0 499298734
A 120 51 7.75 -1 0 813793001
A 120 50 48.35 49 0 813793001
A 121 148 29.78 8 0 398207625
A 121 97 52.13 69 0 398207625
A 121 149 37.34 64 0 505368804
A 122 152 30.69 39 0 398207623
A 122 150 12.32 38 0 505368804
A 122 79 83.28 64 0 398207623
A 122 123 191.29 -1 0 505368804
A 123 122 191.29 39 0 505368804
A 123 147 63.39 -1 0 687602274
A 123 112 87.52 -1 0 687602274
A 124 25 50.04 -1 0 385267638
A 125 144 19.34 -1 0 691347762
A 125 145 38.32 -1 0 691347762
A 126 74 626.22 -1 0 813775522
A 127 94 46.93 67 0 398726237
A 127 95 27.42 70 3 398726237
A 127 93 73.96 5 0 813775524
A 128 77 56.69 -1 0 398207022
A 128 29 82.66 -1 0 448954516
A 128 67 3.64 44 0 448954516
A 129 72 87.99 4 0 527626005
A 129 3 95.11 43 0 527626005
A 129 73 87.53 11 0 385267637
A 130 61 13.53 66 0 411231587
A 130 58 75.64 33 0 411231587
A 130 60 137.80 -1 0 [448954512, 390938937]
A 131 69 148.49 -1 0 385267619
A 131 11 6.13 66 0 385267619
A 131 21 102.71 17 0 385267623
A 132 133 9.04 -1 0 390938944
A 132 100 58.95 -1 0 813793000
A 133 132 9.04 -1 0 390938944
A 133 113 177.55 -1 0 390938944
A 133 136 37.56 63 0 813792999
A 134 138 6.53 -1 0 813792997
A 134 135 38.17 -1 0 813792999
A 135 100 7.33 -1 0 813792998
A 135 133 59.85 -1 0 813792999
A 136 55 6.08 63 0 390938937
A 136 57 8.99 62 0 390938937
A 137 134 66.91 -1 0 813792999
A 137 62 55.41 -1 0 813814517
A 138 134 6.53 -1 0 813792997
A 138 137 66.31 -1 0 813793000
A 139 56 10.78 61 0 499298731
A 139 171 250.43 51 0 390938932
A 139 104 62.29 40 6 499298731
A 140 101 24.17 -1 0 398207627
A 140 82 59.26 55 0 398207627
A 140 143 48.14 37 0 813795006
A 141 48 8.66 48 0 390938937
A 141 91 166.83 50 0 390938937
A 141 49 71.16 31 0 813793001
A 142 1 26.49 -1 0 813795005
A 142 37 95.52 41 2 [390938944, 813795004]
A 142 98 125.67 2 0 [390938938, 813795005]
A 143 107 22.87 56 0 482322021
A 143 106 35.17 37 0 482322021
A 143 140 48.14 55 0 813795006
A 144 125 19.34 -1 0 691347762
A 145 147 16.27 -1 0 691347762
A 145 125 38.32 -1 0 691347762
A 146 65 2.93 -1 0 687602274
A 146 147 10.20 -1 0 687602274
A 147 146 10.20 -1 0 687602274
A 147 123 63.39 -1 0 687602274
A 147 145 16.27 -1 0 691347762
A 148 80 6.53 53 0 398207625
A 148 149 39.01 8 0 813795011
A 148 121 29.78 69 0 398207625
A 149 150 27.69 64 0 505368804
A 149 148 39.01 53 0 813795011
A 149 121 37.34 8 0 505368804
A 150 122 12.32 64 0 505368804
A 150 149 27.69 53 0 505368804
A 150 111 31.46 38 0 687602272
A 151 82 25.43 34 0 687602273
A 151 157 21.59 -1 0 498850370
A 151 107 88.77 55 0 687602273
A 152 111 27.40 57 0 398196739
A 152 122 30.69 38 0 398207623
A 152 112 96.77 39 0 398196739
A 153 82 29.61 65 0 813802891
A 153 157 27.34 34 0 813802893
A 153 155 56.42 -1 0 813802893
A 154 156 43.27 -1 0 398211422
A 154 0 462.32 -1 0 398211422
A 154 155 44.55 9 0 813802892
A 155 156 17.63 9 0 813802893
A 155 154 44.55 -1 0 813802892
A 155 153 56.42 65 0 813802893
A 156 154 43.27 9 0 398211422
A 156 164 25.53 -1 0 398211422
A 156 155 17.63 65 0 813802893
A 157 153 27.34 -1 0 813802893
A 157 151 21.59 34 0 498850370
A 158 83 6.87 7 0 498850369
A 158 116 101.53 -1 0 498850369
A 158 174 350.34 -1 0 813814522
A 159 160 46.58 -1 0 398211421
A 159 160 54.05 -1 0 813802894
A 160 161 44.47 -1 0 [398211421, 813808327]
A 161 165 7.88 -1 0 390938937
A 161 162 17.74 -1 0 813808327
A 162 94 39.99 -1 0 398726237
A 162 165 12.37 67 0 813808328
A 163 83 4.39 -1 0 448972770
A 163 82 89.52 -1 0 448972770
A 163 164 22.80 65 0 813808329
A 164 156 25.53 65 0 398211422
A 164 83 23.75 -1 0 813808330
A 165 161 7.88 -1 0 390938937
A 165 36 33.20 67 0 390938937
A 165 1 75.38 41 2 [813808328, 398211423]
A 166 168 85.50 -1 0 813814518
A 167 168 213.94 10 0 813814518
A 167 170 374.96 -1 0 813814520
A 168 166 85.50 -1 0 813814518
A 168 167 213.94 -1 0 813814518
A 168 169 99.15 10 0 813814519
A 169 172 7.76 -1 0 813814519
A 169 168 99.15 -1 0 813814519
A 169 167 144.76 10 0 813814520
A 170 104 249.78 -1 0 398207625
A 170 171 100.74 40 6 813814520
A 171 63 5.37 -1 0 390938932
A 171 173 10.57 51 0 813814520
A 171 139 250.43 40 6 390938932
A 172 169 7.76 -1 0 813814519
A 173 63 10.72 -1 0 813814521
A 173 62 25.03 51 0 813814517
A 174 158 350.34 -1 0 813814522
A 175 178 174.87 -1 0 [527625476, 398412556, 385267623]
A 175 176 229.76 -1 0 813858502
A 176 175 229.76 -1 0 813858502
A 177 178 75.54 -1 0 813858503
A 178 18 78.98 -1 0 385267623
A 178 175 174.87 -1 0 [398412556, 527625476, 385267623]
A 178 177 75.54 -1 0 813858503
