448 1178 130
N 0 -5.4937155 -38.2623634 31,118
N 1 -5.4966738 -38.2624868 78,118
N 2 -5.5102246 -38.2637883 -1
N 3 -5.5160187 -38.2686384 79
N 4 -5.5189381 -38.2707433 0,80,104,124
N 5 -5.5313231 -38.2723331 -1
N 6 -5.5178595 -38.2739358 32,81
N 7 -5.5179663 -38.273351 33,81
N 8 -5.5182116 -38.2726616 33,82,105
N 9 -5.5184027 -38.2721458 34,83,105
N 10 -5.5187376 -38.2712225 34,80,83,124
N 11 -5.5161426 -38.2701907 -1
N 12 -5.5203442 -38.2718186 35,36,80,125
N 13 -5.5209225 -38.2720443 35,37,125
N 14 -5.5216573 -38.2722983 37,38,119,125
N 15 -5.5232496 -38.2728676 -1
N 16 -5.5206241 -38.275521 -1
N 17 -5.5207496 -38.2749577 39,129
N 18 -5.5208417 -38.2745661 39,40,41,129
N 19 -5.5213276 -38.2731311 37,38,42,43
N 20 -5.5218281 -38.271845 44,84,119,125
N 21 -5.5216519 -38.2751072 39,129
N 22 -5.5216833 -38.2747123 39,41
N 23 -5.521696 -38.2738768 41,43
N 24 -5.521696 -38.2732451 38,43
N 25 -5.5198308 -38.2743666 1,126,129
N 26 -5.5201682 -38.2744267 40,126,129
N 27 -5.5221514 -38.2747479 -1
N 28 -5.5203882 -38.2736629 40,42,126
N 29 -5.5206227 -38.2729123 35,37,42,126
N 30 -5.5200316 -38.2727079 35,36,105,126
N 31 -5.5195572 -38.2725356 34,36,105
N 32 -5.5173761 -38.2718269 -1
N 33 -5.516455 -38.2720496 -1
N 34 -5.5198312 -38.2732116 33,105,126
N 35 -5.520519 -38.2713584 80,104,125
N 36 -5.5172088 -38.2732573 -1
N 37 -5.5196089 -38.2736059 33,81,126
N 38 -5.5227948 -38.2753528 -1
N 39 -5.5167855 -38.2692024 79,85,120
N 40 -5.5169878 -38.2686961 2,45,79,85
N 41 -5.5173229 -38.267633 46,47
N 42 -5.5175098 -38.2670948 47,48,49
N 43 -5.5176753 -38.2665651 3,48,49
N 44 -5.517876 -38.2695934 85,86,106
N 45 -5.5180558 -38.2690367 45,50,85,86
N 46 -5.5182146 -38.2684936 45,46,50,87
N 47 -5.5183828 -38.2679746 46,47,51,87
N 48 -5.5183596 -38.2703344 0,106,124
N 49 -5.518539 -38.2674421 47,48,51,107
N 50 -5.5186912 -38.266907 48,107
N 51 -5.5192118 -38.2700868 86,88,106
N 52 -5.519448 -38.26949 50,52,86
N 53 -5.5196402 -38.26891 50,87
N 54 -5.5197959 -38.2684279 51,87
N 55 -5.5199498 -38.267925 51,107
N 56 -5.5217974 -38.270878 53,109,121
N 57 -5.5219838 -38.2714681 44,53,84,108
N 58 -5.5221378 -38.2709706 53,108,109
N 59 -5.522272 -38.268686 89,107
N 60 -5.5222667 -38.2710128 108
N 61 -5.5224362 -38.2720676 44,54,119
N 62 -5.5225813 -38.2716656 44,54,108
N 63 -5.5230585 -38.2712908 54,108
N 64 -5.5231844 -38.2723573 119
N 65 -5.5240294 -38.2696764 89
N 66 -5.5242656 -38.2694585 -1
N 67 -5.5245386 -38.2688416 -1
N 68 -5.5246321 -38.2596879 90,110
N 69 -5.525702 -38.2603578 -1
N 70 -5.5265162 -38.2515916 114
N 71 -5.525736 -38.2608533 -1
N 72 -5.5244521 -38.2608444 55,90
N 73 -5.5250632 -38.2608607 55,56,90,95
N 74 -5.5250826 -38.2603021 56,90,110
N 75 -5.5244668 -38.2611684 4,55
N 76 -5.5250572 -38.2611939 4,55,95
N 77 -5.5243858 -38.2595672 90
N 78 -5.5163564 -38.2630728 5,111
N 79 -5.5162937 -38.2609633 111
N 80 -5.525808 -38.2591685 110
N 81 -5.5247455 -38.2590649 110
N 82 -5.5190409 -38.2705213 0,88,104,106
N 83 -5.5181105 -38.272079 82,83
N 84 -5.5186361 -38.2711806 83,124
N 85 -5.5229721 -38.2727529 119
N 86 -5.5211006 -38.2737735 40,41,42,43
N 87 -5.5229889 -38.274056 -1
N 88 -5.5194681 -38.2742885 1,6,81,126
N 89 -5.519396 -38.2744534 1,6,32,129
N 90 -5.5191891 -38.2749724 32,129
N 91 -5.5195288 -38.2750874 -1
N 92 -5.5198856 -38.2716417 34,36,80
N 93 -5.5179334 -38.2725591 82
N 94 -5.5166434 -38.2668118 49,122
N 95 -5.5170159 -38.265688 3,112
N 96 -5.5160561 -38.2661292 91,92,122
N 97 -5.516016 -38.2666214 93,122
N 98 -5.5146217 -38.2657846 57,94,115
N 99 -5.5142516 -38.2665466 13
N 100 -5.5166997 -38.2674391 -1
N 101 -5.5214364 -38.2717042 58,84,125
N 102 -5.5216618 -38.2713518 53,84,121
N 103 -5.5215645 -38.2713158 58,84,121
N 104 -5.5213551 -38.2712551 58,59,121
N 105 -5.5212335 -38.2716297 58,59,125
N 106 -5.5205951 -38.2710285 88,104,121
N 107 -5.5207234 -38.2705426 52,88,109,121
N 108 -5.5167254 -38.2704135 124
N 109 -5.5168755 -38.2701723 7,124
N 110 -5.5168851 -38.2693841 7,120
N 111 -5.5174457 -38.2697502 106,120,124
N 112 -5.5175775 -38.2694873 85,106,120
N 113 -5.521158 -38.2853003 129
N 114 -5.521138 -38.2833025 129
N 115 -5.5220564 -38.2833508 -1
N 116 -5.492185 -38.262012 118
N 117 -5.4918293 -38.2619181 8
N 118 -5.516829 -38.2662995 3,49,112,122
N 119 -5.5171536 -38.2681555 2,45,46
N 120 -5.5464882 -38.2806104 -1
N 121 -5.5183871 -38.2721919 82,83,105
N 122 -5.5228507 -38.2704851 -1
N 123 -5.5253349 -38.2622306 4,95
N 124 -5.5152578 -38.2661708 60,93
N 125 -5.5171833 -38.2737942 -1
N 126 -5.5148947 -38.2506394 -1
N 127 -5.4991099 -38.2615417 9,113
N 128 -5.4922858 -38.2617673 61,118
N 129 -5.4837771 -38.2615977 -1
N 130 -5.4899771 -38.2619482 8,62
N 131 -5.4886311 -38.2619641 62,63
N 132 -5.487297 -38.2619861 63,64
N 133 -5.4859427 -38.2620245 64,65
N 134 -5.4846044 -38.2620593 65
N 135 -5.4836205 -38.2620339 -1
N 136 -5.516545 -38.2670966 -1
N 137 -5.5224262 -38.2680443 73,107
N 138 -5.5160361 -38.2663411 91,93,122
N 139 -5.5154767 -38.2661815 60,93,96
N 140 -5.5154808 -38.2656571 10,94,96
N 141 -5.5158158 -38.2662593 91,93,96
N 142 -5.5158265 -38.2656531 10,91,96,97
N 143 -5.5158398 -38.2645239 10,97
N 144 -5.5160234 -38.2656464 66,91,92,97
N 145 -5.5161015 -38.2645286 67,97
N 146 -5.4967018 -38.2626209 68,78,118
N 147 -5.4978452 -38.2623258 68,69,78
N 148 -5.498263 -38.2622078 69,70
N 149 -5.498609 -38.2620807 70,113
N 150 -5.4967739 -38.2630534 11,68
N 151 -5.4970402 -38.2641987 -1
N 152 -5.496888 -38.2634068 11
N 153 -5.497962 -38.2627523 11,68
N 154 -5.4985109 -38.2631861 -1
N 155 -5.4969174 -38.2572109 -1
N 156 -5.4978025 -38.2621817 69,78
N 157 -5.4981903 -38.2620294 69,70
N 158 -5.49851 -38.2618705 70,113
N 159 -5.496862 -38.2624365 78
N 160 -5.4968584 -38.2623856 -1
N 161 -5.4960143 -38.2625138 -1
N 162 -5.4968326 -38.2620087 -1
N 163 -5.4959539 -38.26205 -1
N 164 -5.4959325 -38.2616417 -1
N 165 -5.5208469 -38.2701376 52,109
N 166 -5.4899709 -38.2612381 -1
N 167 -5.489973 -38.2614813 8,62
N 168 -5.4899788 -38.2621437 -1
N 169 -5.4886129 -38.2612421 -1
N 170 -5.4886197 -38.2615118 62,63
N 171 -5.4886366 -38.2621832 -1
N 172 -5.4873061 -38.2621951 -1
N 173 -5.4872776 -38.2615418 63,64
N 174 -5.4872668 -38.2612935 -1
N 175 -5.4859482 -38.2622307 -1
N 176 -5.4859308 -38.2615723 64,65
N 177 -5.4859245 -38.261333 -1
N 178 -5.4846059 -38.2622346 -1
N 179 -5.4846004 -38.2616025 65
N 180 -5.484598 -38.261337 -1
N 181 -5.4942502 -38.2593935 -1
N 182 -5.493839 -38.2625873 118
N 183 -5.4929446 -38.2702652 -1
N 184 -5.4910163 -38.2836817 12
N 185 -5.4910062 -38.283923 12
N 186 -5.5157451 -38.2683923 -1
N 187 -5.5146745 -38.2679638 -1
N 188 -5.5147392 -38.2671699 13
N 189 -5.5139737 -38.2604563 -1
N 190 -5.5210606 -38.2715674 59,104,125
N 191 -5.521187 -38.2712005 59,104,121
N 192 -5.5199294 -38.268539 -1
N 193 -5.5197742 -38.2684944 87
N 194 -5.5163791 -38.2661681 14,112,122
N 195 -5.516297 -38.2654774 66,67,112
N 196 -5.5162396 -38.2637501 67
N 197 -5.5199454 -38.2735821 -1
N 198 -5.5304301 -38.245035 -1
N 199 -5.5287241 -38.251377 98,114
N 200 -5.5258742 -38.2587752 -1
N 201 -5.5252448 -38.2579746 -1
N 202 -5.5260115 -38.2582833 -1
N 203 -5.5256352 -38.2587592 -1
N 204 -5.5256307 -38.2580168 -1
N 205 -5.5242463 -38.2561487 -1
N 206 -5.5246267 -38.2551992 -1
N 207 -5.5239386 -38.2542846 -1
N 208 -5.5244725 -38.2542551 99
N 209 -5.5250719 -38.2542477 99
N 210 -5.5252875 -38.2522119 99
N 211 -5.5248069 -38.2522883 99
N 212 -5.525694 -38.2534953 99
N 213 -5.5155008 -38.261607 -1
N 214 -5.5159153 -38.2629474 -1
N 215 -5.5158342 -38.261524 -1
N 216 -5.4996787 -38.2612576 113
N 217 -5.546589 -38.2808089 15
N 218 -5.5469955 -38.2829292 15
N 219 -5.5441523 -38.2908558 -1
N 220 -5.5420079 -38.2965069 16
N 221 -5.5428215 -38.2772483 17,123
N 222 -5.5436637 -38.2780248 17,18
N 223 -5.5408499 -38.2756852 71,123
N 224 -5.5394209 -38.2751087 100
N 225 -5.5394316 -38.2752065 100
N 226 -5.5398795 -38.2753909 71
N 227 -5.540651 -38.2763236 71,101,123
N 228 -5.5431979 -38.2796931 18,123
N 229 -5.5412744 -38.2838023 -1
N 230 -5.5412544 -38.2808995 123
N 231 -5.5377964 -38.2770398 -1
N 232 -5.538831 -38.2750321 100
N 233 -5.5382416 -38.2746875 100
N 234 -5.539714 -38.2768205 101
N 235 -5.5405382 -38.2766743 101
N 236 -5.5406103 -38.2766441 101,123
N 237 -5.5396672 -38.2759622 71,101
N 238 -5.5432286 -38.2784767 17,18,123
N 239 -5.5437772 -38.2780007 19
N 240 -5.5469247 -38.2721715 -1
N 241 -5.5444192 -38.278411 19
N 242 -5.545027 -38.2792126 19
N 243 -5.5458442 -38.2832819 -1
N 244 -5.5461966 -38.2828561 15
N 245 -5.5505227 -38.2640619 -1
N 246 -5.5407204 -38.3124167 20,102
N 247 -5.5410033 -38.3118905 20,102
N 248 -5.5399329 -38.3125462 -1
N 249 -5.5404081 -38.3123088 102
N 250 -5.5411252 -38.3105039 72,102
N 251 -5.5410007 -38.310097 72
N 252 -5.5392374 -38.306821 -1
N 253 -5.5425598 -38.2974762 -1
N 254 -5.5418897 -38.2973729 16
N 255 -5.5406216 -38.2976827 -1
N 256 -5.5416882 -38.2969666 16
N 257 -5.5399489 -38.3154456 -1
N 258 -5.5191837 -38.2805984 21,129
N 259 -5.5172401 -38.2696134 7,120,124
N 260 -5.5180795 -38.2720684 82
N 261 -5.5186925 -38.2741309 6,32,81
N 262 -5.5230723 -38.2723097 54,119
N 263 -5.5217091 -38.2723172 38,119
N 264 -5.522393 -38.2707534 -1
N 265 -5.5223403 -38.2706912 109
N 266 -5.523114 -38.2702675 -1
N 267 -5.522812 -38.2704315 -1
N 268 -5.5221898 -38.2709876 108,109
N 269 -5.5236529 -38.2700043 -1
N 270 -5.5231463 -38.2703168 -1
N 271 -5.5222954 -38.2685915 73,89,107
N 272 -5.5150963 -38.2660246 60,94
N 273 -5.5192859 -38.2701109 52,86,88
N 274 -5.5161647 -38.2684493 2,79
N 275 -5.5154792 -38.2658637 60,94,96
N 276 -5.5155073 -38.2620122 22
N 277 -5.5156974 -38.2620014 22
N 278 -5.515677 -38.2615587 -1
N 279 -5.5157414 -38.2629526 22
N 280 -5.5162123 -38.2630768 111
N 281 -5.5161188 -38.260915 111
N 282 -5.5143234 -38.2603437 -1
N 283 -5.5171547 -38.2611229 -1
N 284 -5.5163453 -38.2630968 5,111
N 285 -5.5175004 -38.2626222 5
N 286 -5.5163134 -38.2631831 111
N 287 -5.5161148 -38.2661319 14,92,122
N 288 -5.5163095 -38.2658387 14,92,112
N 289 -5.5163004 -38.2655887 66,92,112
N 290 -5.5146918 -38.2655659 57,94
N 291 -5.5160323 -38.265399 66,67,97
N 292 -5.5115561 -38.2597724 -1
N 293 -5.5143796 -38.2656731 57,115
N 294 -5.5137274 -38.2658985 23
N 295 -5.5140705 -38.2660772 23,115
N 296 -5.5139723 -38.2662023 23,115
N 297 -5.5145219 -38.2654716 57
N 298 -5.5142116 -38.2665939 13
N 299 -5.5158641 -38.2685436 -1
N 300 -5.5161415 -38.268859 -1
N 301 -5.4921703 -38.2616573 61
N 302 -5.4932323 -38.2622199 31,61,118
N 303 -5.4995245 -38.261324 9,113
N 304 -5.5164344 -38.2691313 -1
N 305 -5.516582 -38.2691896 120
N 306 -5.5142747 -38.2665144 115
N 307 -5.5141233 -38.2663761 115
N 308 -5.5165023 -38.2691125 79,120
N 309 -5.524897 -38.2632874 -1
N 310 -5.5251249 -38.2652513 24
N 311 -5.5245313 -38.2637615 24
N 312 -5.5256662 -38.2608524 56,95
N 313 -5.5257399 -38.2622873 95
N 314 -5.5253977 -38.2639724 24
N 315 -5.5245279 -38.2685854 73
N 316 -5.5242272 -38.2694291 73,89
N 317 -5.5256383 -38.2603547 56,110
N 318 -5.525465 -38.2639908 -1
N 319 -5.5241882 -38.2695162 89
N 320 -5.511137 -38.267072 -1
N 321 -5.5256833 -38.2602599 110
N 322 -5.5254283 -38.2579578 -1
N 323 -5.5254681 -38.2587543 -1
N 324 -5.5268813 -38.2505844 25,114
N 325 -5.5274566 -38.2504926 25,26,114
N 326 -5.5295161 -38.2499197 98,114
N 327 -5.5277049 -38.2502378 26,114
N 328 -5.5274693 -38.250095 25,26
N 329 -5.5261131 -38.2449518 -1
N 330 -5.5259983 -38.2466993 -1
N 331 -5.5299095 -38.2460167 98
N 332 -5.5291486 -38.2472277 74,98
N 333 -5.5293248 -38.2481329 74,98
N 334 -5.4991668 -38.2613958 9
N 335 -5.4989625 -38.2932611 -1
N 336 -5.4912519 -38.283876 12
N 337 -5.5277136 -38.2941878 27
N 338 -5.5253398 -38.2941915 27
N 339 -5.5276197 -38.2970438 27
N 340 -5.5210292 -38.2772812 129
N 341 -5.5182179 -38.2828085 75,103
N 342 -5.5187406 -38.2834703 103,116
N 343 -5.5192401 -38.2861177 116
N 344 -5.5196803 -38.2851125 116,129
N 345 -5.5323082 -38.2745728 -1
N 346 -5.5353784 -38.2682119 -1
N 347 -5.5384544 -38.2747672 100
N 348 -5.5223594 -38.2768232 -1
N 349 -5.521102 -38.2753949 -1
N 350 -5.5214378 -38.275786 129
N 351 -5.5289917 -38.2469447 74
N 352 -5.5275142 -38.2471769 74
N 353 -5.4933826 -38.2616218 31,61
N 354 -5.4938289 -38.2617187 31
N 355 -5.4944304 -38.2618323 -1
N 356 -5.5632315 -38.2307267 -1
N 357 -5.5430912 -38.2653326 -1
N 358 -5.542924 -38.2649911 -1
N 359 -5.5578494 -38.2339722 -1
N 360 -5.5075731 -38.2984686 127,128
N 361 -5.5015338 -38.3147764 -1
N 362 -5.5068469 -38.3066439 76
N 363 -5.555495 -38.2999819 -1
N 364 -5.5530709 -38.3115678 -1
N 365 -5.5443964 -38.3132154 -1
N 366 -5.5411735 -38.3122071 20
N 367 -5.5417765 -38.3106851 72
N 368 -5.5412929 -38.3109717 72,102
N 369 -5.539734 -38.3043332 -1
N 370 -5.5426854 -38.2928737 -1
N 371 -5.5427036 -38.2917471 -1
N 372 -5.5429595 -38.2902932 28
N 373 -5.5414956 -38.2896602 28
N 374 -5.5413309 -38.2884385 28
N 375 -5.5412882 -38.2881582 -1
N 376 -5.5300316 -38.2835931 -1
N 377 -5.528953 -38.2851863 -1
N 378 -5.5302772 -38.283062 -1
N 379 -5.5287822 -38.281045 -1
N 380 -5.5317607 -38.2924769 -1
N 381 -5.5279771 -38.2931143 -1
N 382 -5.5116799 -38.2860825 -1
N 383 -5.5122673 -38.2862059 127
N 384 -5.519106 -38.2835614 29,116,129
N 385 -5.5190319 -38.2835245 29,103,116
N 386 -5.5186064 -38.2823626 21,75,129
N 387 -5.5177682 -38.2821945 21,75
N 388 -5.5185195 -38.2824403 75,103,129
N 389 -5.5186108 -38.2829145 29,103,129
N 390 -5.5194105 -38.2860631 116
N 391 -5.5192829 -38.2864878 -1
N 392 -5.5124059 -38.2792689 -1
N 393 -5.5161068 -38.2867747 127
N 394 -5.5139227 -38.2952071 127
N 395 -5.5150069 -38.306821 76
N 396 -5.5148887 -38.2868653 -1
N 397 -5.514169 -38.2953251 -1
N 398 -5.5082993 -38.2986992 76,127
N 399 -5.513881 -38.2972115 76,127
N 400 -5.5173881 -38.3073507 30
N 401 -5.5176443 -38.3073843 30,77
N 402 -5.5208588 -38.3080227 77
N 403 -5.5175536 -38.3072018 30,77
N 404 -5.5194067 -38.305351 77
N 405 -5.5169875 -38.3028402 -1
N 406 -5.5229413 -38.310324 117
N 407 -5.5224233 -38.3086288 117
N 408 -5.5219 -38.3111394 -1
N 409 -5.5227223 -38.3143902 -1
N 410 -5.5210724 -38.3152485 -1
N 411 -5.5317517 -38.3043579 117
N 412 -5.5304539 -38.3107045 117
N 413 -5.5238566 -38.3107631 117
N 414 -5.5298821 -38.3016659 117
N 415 -5.5305611 -38.290599 -1
N 416 -5.4859007 -38.2895391 -1
N 417 -5.4860936 -38.2895624 -1
N 418 -5.4856108 -38.2894097 -1
N 419 -5.4896057 -38.2801869 -1
N 420 -5.4870209 -38.2790771 -1
N 421 -5.4986616 -38.262055 113
N 422 -5.502218 -38.2664163 128
N 423 -5.5045248 -38.2700425 128
N 424 -5.5046102 -38.2716358 128
N 425 -5.5046316 -38.2719147 128
N 426 -5.5071946 -38.2721239 128
N 427 -5.5043219 -38.2726014 -1
N 428 -5.5057102 -38.2670223 -1
N 429 -5.5077232 -38.2862431 127,128
N 430 -5.5072799 -38.2832068 128
N 431 -5.5069007 -38.2821071 128
N 432 -5.5105902 -38.2863558 127
N 433 -5.5113591 -38.2878042 -1
N 434 -5.5048504 -38.286275 128
N 435 -5.5054058 -38.2849177 128
N 436 -5.5057475 -38.2839414 128
N 437 -5.5056995 -38.283244 128
N 438 -5.5004398 -38.2763545 128
N 439 -5.5044393 -38.2792849 -1
N 440 -5.5010678 -38.2937571 128
N 441 -5.4963604 -38.2979965 -1
N 442 -5.4957036 -38.2980395 -1
N 443 -5.4975458 -38.2977712 -1
N 444 -5.4948813 -38.3044821 -1
N 445 -5.4939736 -38.3012796 -1
N 446 -5.4961842 -38.3076686 -1
N 447 -5.4966701 -38.3078617 -1
A 0 354 72.51 -1 0 490130721
A 0 302 56.03 31 0 691347898
A 0 1 335.61 118 0 691347898
A 1 146 15.17 118 0 486372306
A 1 159 21.66 78 0 691347898
A 1 0 335.61 -1 0 691347898
A 2 216 1229.82 -1 0 [691347897, 691347898, 398211422]
A 2 294 462.31 -1 0 398211422
A 2 292 574.31 -1 0 813802890
A 3 274 26.49 79 3 813795005
A 3 306 304.78 -1 0 398211423
A 4 82 27.10 104 0 527626004
A 4 10 57.53 124 0 527626004
A 4 48 78.66 0 0 411231587
A 4 35 188.60 80 2 411231587
A 5 64 932.16 -1 0 [411231588, 411231587, 499298732]
A 5 233 832.61 -1 0 499298732
A 5 345 346.18 -1 0 813845753
A 6 125 76.81 -1 0 385267627
A 6 261 95.11 32 0 527626005
A 6 90 222.00 -1 0 [385267617, 448954514]
A 6 7 65.85 81 24 527626004
A 7 37 184.81 81 24 385267635
A 7 36 84.87 -1 0 385267635
A 7 8 81.10 33 13 527626004
A 7 6 65.85 -1 0 527626004
A 8 34 190.10 33 13 385267632
A 8 93 32.95 82 0 385267632
A 8 121 55.53 105 0 527626004
A 8 7 81.10 -1 0 527626004
A 9 31 135.43 105 0 385267630
A 9 10 108.76 34 0 527626004
A 9 121 5.39 83 0 527626004
A 10 92 135.82 34 0 385267619
A 10 84 12.20 124 0 385267619
A 10 4 57.53 80 2 527626004
A 10 9 108.76 83 0 527626004
A 11 108 69.34 -1 0 385267619
A 12 13 68.99 35 0 385267619
A 12 92 54.62 80 2 385267619
A 12 35 54.52 125 2 385267634
A 12 30 104.39 36 2 385267634
A 13 14 86.41 37 0 385267619
A 13 12 68.99 125 2 385267619
A 13 29 101.69 35 0 482321455
A 14 263 6.13 38 6 385267619
A 14 13 86.41 125 2 385267619
A 14 20 53.65 119 1 385267622
A 14 19 99.20 37 0 385267622
A 15 85 33.37 -1 0 385267619
A 16 17 63.90 -1 0 385267622
A 17 18 44.53 39 1 385267622
A 17 21 101.69 129 47 385267625
A 17 16 63.90 -1 0 385267622
A 18 17 44.53 129 47 385267622
A 18 22 94.97 39 1 527626005
A 18 26 76.46 40 6 527626005
A 18 86 92.33 41 14 385267622
A 19 86 75.45 42 8 385267622
A 19 29 82.04 37 0 385267630
A 19 24 42.86 43 6 385267630
A 19 14 99.20 38 6 385267622
A 20 14 53.65 125 2 385267622
A 20 101 46.26 84 0 411231587
A 20 61 71.97 119 1 411231587
A 20 57 45.16 44 0 499298728
A 21 17 101.69 39 1 385267625
A 21 38 129.96 -1 0 385267625
A 21 22 43.86 -1 0 385267623
A 21 350 78.98 129 47 385267623
A 22 23 92.48 -1 0 385267623
A 22 27 52.20 -1 0 527626005
A 22 18 94.97 41 14 527626005
A 22 21 43.86 39 1 385267623
A 23 24 69.92 -1 0 385267623
A 23 22 92.48 41 14 385267623
A 23 86 67.19 43 6 385267638
A 23 87 145.13 -1 0 385267638
A 24 23 69.92 43 6 385267623
A 24 19 42.86 38 6 385267630
A 24 263 102.71 -1 0 385267623
A 25 26 38.10 129 47 527626005
A 25 88 41.25 126 23 527626005
A 25 89 62.78 1 3 [527626003, 385267637]
A 26 28 88.00 40 6 385267628
A 26 18 76.46 129 47 527626005
A 26 25 38.10 126 23 527626005
A 27 22 52.20 -1 0 527626005
A 28 26 88.00 126 23 385267628
A 28 197 50.04 -1 0 385267638
A 28 86 80.16 40 6 385267638
A 28 29 87.07 42 8 482321455
A 29 30 69.51 35 0 385267630
A 29 19 82.04 42 8 385267630
A 29 13 101.69 37 0 482321455
A 29 28 87.07 126 23 482321455
A 30 31 56.09 36 2 385267630
A 30 29 69.51 126 23 385267630
A 30 12 104.39 35 0 385267634
A 30 34 60.47 105 0 385267634
A 31 9 135.43 34 0 385267630
A 31 30 56.09 105 0 385267630
A 31 92 105.46 36 2 398206185
A 32 260 82.66 -1 0 448954516
A 33 93 173.79 -1 0 385267632
A 34 8 190.10 105 0 385267632
A 34 30 60.47 126 23 385267634
A 34 37 54.26 33 13 385267634
A 35 12 54.52 80 2 385267634
A 35 4 188.60 104 0 411231587
A 35 190 64.51 125 2 411231587
A 36 7 84.87 -1 0 385267635
A 37 7 184.81 33 13 385267635
A 37 34 54.26 126 23 385267634
A 37 88 80.70 81 24 385267634
A 38 21 129.96 -1 0 385267625
A 39 112 93.54 120 0 390938937
A 39 40 60.38 85 10 390938946
A 39 308 33.20 79 3 390938937
A 40 45 124.60 85 10 390938944
A 40 119 62.61 45 1 390938946
A 40 39 60.38 79 3 390938946
A 40 274 95.52 2 0 [390938944, 813795004]
A 41 47 123.77 46 13 390938942
A 41 100 72.54 -1 0 390938942
A 41 42 63.09 47 19 390938946
A 41 119 60.82 -1 0 390938946
A 42 43 61.45 48 0 390938946
A 42 41 63.09 -1 0 390938946
A 42 94 101.30 49 6 398207627
A 42 49 120.72 47 19 398207627
A 43 42 61.45 49 6 390938946
A 43 118 98.59 3 0 398207625
A 43 50 119.13 48 0 398207625
A 43 95 161.76 -1 0 [390938946, 398207623]
A 44 112 35.21 85 10 390938937
A 44 51 158.25 106 0 390938937
A 44 45 64.78 86 0 390938949
A 45 52 162.73 86 0 390938944
A 45 40 124.60 45 1 390938944
A 45 46 62.65 50 5 390938949
A 45 44 64.78 85 10 390938949
A 46 53 165.08 50 5 390938938
A 46 119 123.77 46 13 390938938
A 46 47 60.41 87 0 390938949
A 46 45 62.65 45 1 390938949
A 47 54 164.94 87 0 390938942
A 47 41 123.77 47 19 390938942
A 47 49 61.44 51 4 390938949
A 47 46 60.41 46 13 390938949
A 48 82 78.53 0 0 390938948
A 48 111 120.45 106 0 411231587
A 48 4 78.66 124 0 411231587
A 49 50 61.59 107 2 390938949
A 49 47 61.44 47 19 390938949
A 49 42 120.72 48 0 398207627
A 49 55 165.73 51 4 398207627
A 50 49 61.59 48 0 390938949
A 50 43 119.13 -1 0 398207625
A 50 137 437.28 107 2 398207625
A 51 44 158.25 86 0 390938937
A 51 273 8.66 88 2 390938937
A 51 82 51.71 106 0 527626004
A 52 45 162.73 50 5 390938944
A 52 53 67.66 -1 0 813793001
A 52 165 187.36 52 1 390938944
A 52 273 71.16 86 0 813793001
A 53 46 165.08 87 0 390938938
A 53 193 48.35 -1 0 813793001
A 53 52 67.66 50 5 813793001
A 54 47 164.94 51 4 390938942
A 54 55 58.23 -1 0 813793001
A 54 193 7.75 87 0 813793001
A 55 49 165.73 107 2 398207627
A 55 54 58.23 51 4 813793001
A 55 59 271.63 -1 0 398207627
A 56 102 54.56 121 3 390938936
A 56 107 125.06 109 0 390938937
A 56 58 39.21 53 0 390938937
A 57 102 38.05 53 0 390938948
A 57 62 69.94 44 0 390938948
A 57 58 57.66 108 2 448954513
A 57 20 45.16 84 0 499298728
A 58 56 39.21 109 0 390938937
A 58 268 6.08 108 2 390938937
A 58 57 57.66 53 0 448954513
A 59 271 10.78 89 0 499298731
A 59 55 271.63 107 2 398207627
A 59 65 236.95 -1 0 398207627
A 60 268 8.99 -1 0 390938937
A 60 63 93.27 108 2 390938937
A 60 264 32.60 -1 0 813793000
A 61 62 47.33 54 1 390938935
A 61 20 71.97 44 0 411231587
A 61 262 75.64 119 1 411231587
A 62 61 47.33 44 0 390938935
A 62 57 69.94 108 2 390938948
A 62 63 90.08 54 1 [390938948, 448954511]
A 63 60 93.27 -1 0 390938937
A 63 262 137.80 54 1 [448954512, 390938937]
A 63 62 90.08 108 2 [390938948, 448954511]
A 64 262 13.53 -1 0 411231587
A 64 85 49.75 119 1 398206425
A 64 5 932.16 -1 0 [499298732, 411231587, 411231588]
A 65 59 236.95 89 0 398207627
A 65 319 25.03 -1 0 813814517
A 65 269 55.41 -1 0 813814517
A 66 316 5.37 -1 0 390938932
A 66 67 76.18 -1 0 813814521
A 67 358 2352.55 -1 0 [787114672, 390938945]
A 67 318 546.76 -1 0 813814521
A 68 77 30.47 -1 0 505368805
A 68 81 70.13 110 0 390938940
A 68 74 88.73 90 0 390938940
A 69 317 7.09 -1 0 390938940
A 69 321 11.03 -1 0 813817635
A 70 199 255.81 -1 0 390938940
A 70 212 230.20 -1 0 390938940
A 70 324 120.46 114 0 813823413
A 71 312 7.76 -1 0 398196733
A 71 69 54.97 -1 0 813814521
A 72 75 35.90 -1 0 398196733
A 72 73 67.97 55 0 398196733
A 72 77 141.55 90 0 398196738
A 73 72 67.97 90 0 398196733
A 73 312 67.06 95 0 398196733
A 73 74 61.86 56 0 398196734
A 73 76 36.88 55 0 398196735
A 74 73 61.86 90 0 398196734
A 74 68 88.73 110 0 390938940
A 74 317 62.07 56 0 390938940
A 75 72 35.90 55 0 398196733
A 75 76 65.71 4 0 398196737
A 75 123 208.83 -1 0 [813817637, 398196733]
A 76 73 36.88 95 0 398196735
A 76 75 65.71 55 0 398196737
A 76 123 124.39 4 0 [398196736, 398196735]
A 77 72 141.55 -1 0 398196738
A 77 68 30.47 90 0 505368805
A 77 285 860.77 -1 0 505368805
A 78 284 2.93 111 0 687602274
A 78 79 233.59 -1 0 398196740
A 78 285 141.05 5 0 505368805
A 79 281 20.17 -1 0 813795009
A 79 78 233.59 111 0 398196740
A 79 283 98.08 -1 0 813795009
A 80 200 44.15 -1 0 691347755
A 80 81 118.74 -1 0 398196741
A 80 321 121.60 110 0 398196741
A 81 205 363.74 -1 0 390938940
A 81 68 70.13 -1 0 390938940
A 81 80 118.74 110 0 398196741
A 82 48 78.53 106 0 390938948
A 82 106 181.71 104 0 390938948
A 82 51 51.71 88 2 527626004
A 82 4 27.10 0 0 527626004
A 83 260 3.64 -1 0 448954516
A 83 121 33.20 82 0 448954516
A 83 84 115.34 83 0 398197990
A 84 10 12.20 83 0 385267619
A 84 108 228.80 124 0 385267619
A 84 83 115.34 -1 0 398197990
A 85 15 33.37 -1 0 385267619
A 85 263 148.49 119 1 385267619
A 85 64 49.75 -1 0 398206425
A 86 19 75.45 43 6 385267622
A 86 28 80.16 42 8 385267638
A 86 23 67.19 41 14 385267638
A 86 18 92.33 40 6 385267622
A 87 23 145.13 -1 0 385267638
A 88 89 19.93 6 0 385267634
A 88 25 41.25 1 3 527626005
A 88 261 87.99 81 24 527626005
A 88 37 80.70 126 23 385267634
A 89 88 19.93 1 3 385267634
A 89 90 61.88 32 0 385267634
A 89 25 62.78 129 47 [527626003, 385267637]
A 89 261 87.53 6 0 385267637
A 90 89 61.88 129 47 385267634
A 90 91 39.86 -1 0 448954514
A 90 6 222.00 32 0 [385267617, 448954514]
A 90 258 626.22 -1 0 813775522
A 91 90 39.86 -1 0 448954514
A 92 12 54.62 36 2 385267619
A 92 10 135.82 80 2 385267619
A 92 31 105.46 34 0 398206185
A 93 8 32.95 -1 0 385267632
A 93 33 173.79 -1 0 385267632
A 93 260 56.69 82 0 398207022
A 94 42 101.30 -1 0 398207627
A 94 118 60.34 49 6 482321454
A 94 136 33.37 -1 0 482321454
A 94 97 72.88 122 0 398207627
A 95 118 70.80 112 0 482321454
A 95 43 161.76 3 0 [390938946, 398207623]
A 95 195 83.28 -1 0 398207623
A 96 138 23.56 91 0 398196739
A 96 287 6.53 122 0 398207625
A 96 144 53.59 92 0 398196739
A 97 138 31.10 122 0 398196739
A 97 124 100.36 93 0 398207627
A 97 94 72.88 -1 0 398207627
A 98 306 89.52 115 0 448972770
A 98 290 25.43 94 0 687602273
A 98 293 29.61 57 0 813802891
A 98 272 59.26 -1 0 398207627
A 99 306 4.39 -1 0 448972770
A 99 188 87.75 13 0 398211421
A 99 298 6.87 -1 0 498850369
A 100 41 72.54 -1 0 390938942
A 101 103 45.29 84 0 398210263
A 101 105 24.02 58 0 411231587
A 101 20 46.26 125 2 411231587
A 102 56 54.56 53 0 390938936
A 102 103 11.53 121 3 390938948
A 102 57 38.05 84 0 390938948
A 103 104 24.23 121 3 390938948
A 103 102 11.53 84 0 390938948
A 103 101 45.29 58 0 398210263
A 104 191 19.64 121 3 390938948
A 104 103 24.23 58 0 390938948
A 104 105 43.61 59 0 398210457
A 105 104 43.61 58 0 398210457
A 105 190 20.43 59 0 411231587
A 105 101 24.02 125 2 411231587
A 106 82 181.71 88 2 390938948
A 106 191 68.51 104 0 390938948
A 106 107 55.64 121 3 398210483
A 107 273 166.83 52 1 390938937
A 107 56 125.06 121 3 390938937
A 107 165 46.88 109 0 398210483
A 107 106 55.64 88 2 398210483
A 108 84 228.80 -1 0 385267619
A 108 11 69.34 -1 0 385267619
A 108 109 31.48 124 0 813775523
A 109 108 31.48 -1 0 813775523
A 109 259 73.96 124 0 813775524
A 109 110 114.52 7 0 398210556
A 110 305 39.99 120 0 398726237
A 110 259 46.93 7 0 398726237
A 110 109 114.52 -1 0 398210556
A 111 112 32.58 106 0 398210521
A 111 259 27.42 120 0 398726237
A 111 48 120.45 124 0 411231587
A 112 39 93.54 85 10 390938937
A 112 44 35.21 106 0 390938937
A 112 111 32.58 120 0 398210521
A 113 338 1150.98 -1 0 398412559
A 113 114 221.20 -1 0 527625476
A 113 344 165.89 129 47 813845752
A 114 115 102.26 -1 0 398412557
A 114 113 221.20 129 47 527625476
A 114 340 666.77 -1 0 527625476
A 115 114 102.26 -1 0 398412557
A 116 128 29.31 118 0 398536368
A 116 117 44.35 -1 0 398536368
A 116 182 195.08 -1 0 486372305
A 117 167 224.45 -1 0 [398536368, 482320654]
A 117 116 44.35 -1 0 398536368
A 117 130 206.00 8 0 482320655
A 118 43 98.59 49 6 398207625
A 118 95 70.80 3 0 482321454
A 118 94 60.34 122 0 482321454
A 118 194 52.13 112 0 398207625
A 119 46 123.77 45 1 390938938
A 119 41 60.82 46 13 390938946
A 119 40 62.61 2 0 390938946
A 119 274 125.67 -1 0 [390938938, 813795005]
A 120 217 24.66 -1 0 786590588
A 120 242 224.35 -1 0 499298732
A 121 83 33.20 83 0 448954516
A 121 9 5.39 105 0 527626004
A 121 8 55.53 82 0 527626004
A 122 267 7.33 -1 0 813792998
A 122 270 37.78 -1 0 813793000
A 123 313 45.47 -1 0 448958592
A 123 76 124.39 95 0 [398196736, 398196735]
A 123 75 208.83 4 0 [398196733, 813817637]
A 124 272 24.17 60 0 398207627
A 124 139 24.37 93 0 482322021
A 124 97 100.36 -1 0 398207627
A 125 6 76.81 -1 0 385267627
A 126 155 3055.53 -1 0 479272122
A 127 303 52.02 113 0 691347898
A 127 158 75.99 -1 0 691347898
A 127 334 17.74 9 0 813839032
A 128 116 29.31 -1 0 398536368
A 128 301 17.70 61 0 691347898
A 128 302 117.90 118 0 691347898
A 129 179 91.55 -1 0 482320654
A 130 131 149.68 62 0 482320655
A 130 168 21.64 -1 0 490130716
A 130 167 51.68 8 0 490130716
A 130 117 206.00 -1 0 482320655
A 131 132 148.37 63 0 482320655
A 131 130 149.68 -1 0 482320655
A 131 171 24.26 -1 0 490130717
A 131 170 50.08 62 0 490130717
A 132 133 150.65 64 0 482320655
A 132 131 148.37 -1 0 482320655
A 132 173 49.23 63 0 490130718
A 132 172 23.16 -1 0 490130718
A 133 134 148.86 65 0 482320655
A 133 132 150.65 -1 0 482320655
A 133 176 50.07 64 0 490130719
A 133 175 22.83 -1 0 490130719
A 134 135 109.44 -1 0 482320655
A 134 133 148.86 -1 0 482320655
A 134 179 50.56 65 0 490130720
A 134 178 19.40 -1 0 490130720
A 135 134 109.44 -1 0 482320655
A 136 94 33.37 -1 0 482321454
A 137 50 437.28 -1 0 398207625
A 137 315 249.78 73 29 398207625
A 137 271 62.29 107 2 499298731
A 138 96 23.56 122 0 398196739
A 138 97 31.10 93 0 398196739
A 138 141 26.12 91 0 482322020
A 139 141 38.68 93 0 482322020
A 139 275 35.17 96 0 482322021
A 139 124 24.37 60 0 482322021
A 140 275 22.87 94 0 482322021
A 140 142 38.44 96 0 482322023
A 140 143 156.53 10 0 [482322024, 482322021]
A 140 290 88.77 -1 0 687602273
A 141 139 38.68 96 0 482322020
A 141 138 26.12 93 0 482322020
A 141 142 67.11 91 0 482322022
A 142 143 124.99 97 0 482322022
A 142 141 67.11 96 0 482322022
A 142 140 38.44 10 0 482322023
A 142 144 21.91 91 0 482322023
A 143 142 124.99 10 0 482322022
A 143 145 29.10 97 0 482322024
A 143 140 156.53 -1 0 [482322024, 482322021]
A 144 291 27.40 66 0 398196739
A 144 142 21.91 97 0 482322023
A 144 289 31.46 92 0 687602272
A 144 96 53.59 91 0 398196739
A 145 143 29.10 -1 0 482322024
A 145 291 96.77 97 0 398196739
A 145 196 87.52 67 0 687602274
A 146 147 131.27 68 0 486372305
A 146 150 48.54 -1 0 486372306
A 146 1 15.17 78 0 486372306
A 146 182 322.40 118 0 486372305
A 147 148 48.26 -1 0 486372305
A 147 146 131.27 78 0 486372305
A 147 156 16.64 69 0 486372309
A 147 153 48.96 68 0 486372309
A 148 147 48.26 69 0 486372305
A 148 157 21.34 70 0 486372310
A 148 154 111.73 -1 0 486372310
A 148 149 41.00 -1 0 486372305
A 149 421 6.50 -1 0 486372305
A 149 158 25.74 113 0 486372311
A 149 148 41.00 70 0 486372305
A 150 146 48.54 68 0 486372306
A 150 153 136.25 11 0 486372308
A 150 152 41.46 -1 0 486372306
A 151 152 89.43 -1 0 486372306
A 152 151 89.43 -1 0 486372306
A 152 150 41.46 11 0 486372306
A 152 153 173.59 -1 0 [486372307, 486372309]
A 153 150 136.25 68 0 486372308
A 153 147 48.96 -1 0 486372309
A 153 152 173.59 11 0 [486372307, 486372309]
A 154 148 111.73 -1 0 486372310
A 155 334 535.43 -1 0 479272122
A 155 126 3055.53 -1 0 479272122
A 156 147 16.64 78 0 486372309
A 156 159 108.32 -1 0 691347898
A 156 157 46.32 69 0 691347898
A 157 148 21.34 69 0 486372310
A 157 156 46.32 -1 0 691347898
A 157 158 39.67 70 0 691347898
A 158 149 25.74 70 0 486372311
A 158 157 39.67 -1 0 691347898
A 158 127 75.99 113 0 691347898
A 159 160 5.65 -1 0 486372312
A 159 1 21.66 -1 0 691347898
A 159 156 108.32 78 0 691347898
A 160 162 41.81 -1 0 486372312
A 160 159 5.65 -1 0 486372312
A 160 161 94.94 -1 0 486372313
A 161 160 94.94 -1 0 486372313
A 162 160 41.81 -1 0 486372312
A 162 163 97.81 -1 0 486372314
A 162 164 140.88 -1 0 [486372312, 486372315]
A 163 162 97.81 -1 0 486372314
A 164 162 140.88 -1 0 [486372312, 486372315]
A 165 107 46.88 52 1 398210483
A 165 265 177.55 109 0 390938944
A 165 52 187.36 -1 0 390938944
A 166 167 26.92 -1 0 490130716
A 167 170 150.52 -1 0 482320654
A 167 130 51.68 62 0 490130716
A 167 166 26.92 -1 0 490130716
A 167 117 224.45 8 0 [398536368, 482320654]
A 168 130 21.64 -1 0 490130716
A 169 170 29.86 -1 0 490130717
A 170 173 149.27 -1 0 482320654
A 170 167 150.52 62 0 482320654
A 170 131 50.08 63 0 490130717
A 170 169 29.86 -1 0 490130717
A 171 131 24.26 -1 0 490130717
A 172 132 23.16 -1 0 490130718
A 173 176 149.80 -1 0 482320654
A 173 170 149.27 63 0 482320654
A 173 174 27.51 -1 0 490130718
A 173 132 49.23 64 0 490130718
A 174 173 27.51 -1 0 490130718
A 175 133 22.83 -1 0 490130719
A 176 179 147.97 -1 0 482320654
A 176 173 149.80 64 0 482320654
A 176 177 26.50 -1 0 490130719
A 176 133 50.07 65 0 490130719
A 177 176 26.50 -1 0 490130719
A 178 134 19.40 -1 0 490130720
A 179 129 91.55 -1 0 482320654
A 179 176 147.97 65 0 482320654
A 179 180 29.39 -1 0 490130720
A 179 134 50.56 -1 0 490130720
A 180 179 29.39 -1 0 490130720
A 181 354 261.96 -1 0 490130721
A 182 146 322.40 -1 0 486372305
A 182 116 195.08 118 0 486372305
A 182 183 985.68 -1 0 490130722
A 183 419 1171.56 -1 0 [490130722, 490130723, 490130724, 490130725, 490130726]
A 183 182 985.68 -1 0 490130722
A 184 336 33.89 12 0 813845749
A 184 185 26.73 -1 0 490130726
A 184 419 440.20 -1 0 490130726
A 185 336 27.81 -1 0 813845750
A 185 417 878.10 -1 0 490130726
A 185 184 26.73 12 0 490130726
A 186 299 21.34 -1 0 398211421
A 186 187 129.41 -1 0 498850368
A 187 186 129.41 -1 0 498850368
A 188 186 175.54 -1 0 398211421
A 188 298 101.53 13 0 498850369
A 189 297 568.98 -1 0 [498850370, 498850371]
A 190 105 20.43 125 2 411231587
A 190 191 42.97 59 0 499298729
A 190 35 64.51 104 0 411231587
A 191 106 68.51 121 3 390938948
A 191 104 19.64 59 0 390938948
A 191 190 42.97 104 0 499298729
A 192 193 17.95 -1 0 499298734
A 193 192 17.95 -1 0 499298734
A 193 54 7.75 -1 0 813793001
A 193 53 48.35 87 0 813793001
A 194 287 29.78 14 0 398207625
A 194 118 52.13 122 0 398207625
A 194 288 37.34 112 0 505368804
A 195 291 30.69 67 0 398207623
A 195 289 12.32 66 0 505368804
A 195 95 83.28 112 0 398207623
A 195 196 191.29 -1 0 505368804
A 196 195 191.29 67 0 505368804
A 196 286 63.39 -1 0 687602274
A 196 145 87.52 -1 0 687602274
A 197 28 50.04 -1 0 385267638
A 198 331 126.19 -1 0 687602276
A 199 331 937.76 -1 0 [813823416, 390938940]
A 199 70 255.80 114 0 390938940
A 199 326 197.02 98 0 687602276
A 200 80 44.15 -1 0 691347755
A 200 203 26.64 -1 0 691347756
A 200 202 65.09 -1 0 691347756
A 201 323 103.43 -1 0 691347756
A 202 200 65.09 -1 0 691347756
A 203 200 26.64 -1 0 691347756
A 203 323 18.59 -1 0 691347756
A 203 204 82.17 -1 0 691347757
A 204 203 82.17 -1 0 691347757
A 205 206 114.52 -1 0 390938940
A 205 206 171.94 -1 0 691347758
A 205 81 363.74 -1 0 390938940
A 206 209 122.84 -1 0 390938940
A 206 205 114.52 -1 0 390938940
A 206 205 171.94 -1 0 691347758
A 207 208 59.46 -1 0 691347759
A 208 209 66.66 -1 0 691347759
A 208 207 59.46 -1 0 691347759
A 208 211 229.97 99 0 691347760
A 209 208 66.66 99 0 691347759
A 209 212 112.25 -1 0 390938940
A 209 206 122.84 -1 0 390938940
A 210 211 55.61 -1 0 691347760
A 210 211 245.36 -1 0 691347761
A 210 212 162.25 99 0 691347761
A 211 210 55.61 99 0 691347760
A 211 210 245.36 -1 0 691347761
A 211 208 229.98 -1 0 691347760
A 212 70 230.20 -1 0 390938940
A 212 209 112.25 99 0 390938940
A 212 210 162.25 -1 0 691347761
A 213 276 44.85 -1 0 691347762
A 214 279 19.34 -1 0 691347762
A 214 215 157.80 -1 0 691347763
A 214 280 38.32 -1 0 691347762
A 215 214 157.80 -1 0 691347763
A 216 303 18.66 -1 0 691347898
A 216 2 1229.82 -1 0 [691347897, 691347898, 398211422]
A 216 421 149.28 113 0 [486372305, 813840669]
A 217 120 24.66 -1 0 786590588
A 217 218 291.06 15 0 786590588
A 217 244 431.96 -1 0 [787078032, 787078033]
A 218 219 1208.84 -1 0 786590588
A 218 217 291.06 -1 0 786590588
A 218 244 103.70 15 0 787078033
A 219 371 217.64 -1 0 786590588
A 219 218 1208.84 -1 0 786590588
A 219 372 147.61 -1 0 944294271
A 220 256 62.86 -1 0 786590588
A 220 370 425.13 -1 0 786590588
A 220 254 96.75 16 0 944294267
A 221 222 127.11 17 0 787068187
A 221 223 282.55 -1 0 787068187
A 221 238 184.80 123 0 787071707
A 222 221 127.11 -1 0 787068187
A 222 228 333.64 18 0 787068187
A 222 238 69.58 17 0 787071708
A 223 226 112.76 -1 0 787068186
A 223 227 75.97 71 0 787068186
A 223 221 282.55 123 0 787068187
A 224 225 10.89 100 0 787068186
A 224 347 113.96 -1 0 499298732
A 224 239 592.76 -1 0 499298732
A 225 224 10.89 -1 0 787068186
A 225 226 55.29 -1 0 787068186
A 225 232 71.44 100 0 787071703
A 226 237 67.49 -1 0 787071705
A 226 225 55.29 -1 0 787068186
A 226 223 112.76 71 0 787068186
A 227 237 116.48 71 0 787071706
A 227 223 75.97 123 0 787068186
A 227 236 36.66 101 0 787068186
A 228 230 307.89 123 0 787068187
A 228 222 333.64 -1 0 787068187
A 228 238 163.03 18 0 787071708
A 229 230 401.82 -1 0 787071701
A 230 236 488.24 123 0 [787068186, 787068187]
A 230 228 307.89 -1 0 787068187
A 230 229 401.82 -1 0 787071701
A 231 232 276.87 -1 0 787071702
A 232 231 276.87 -1 0 787071702
A 232 233 76.83 100 0 787071703
A 232 225 71.44 -1 0 787071703
A 233 347 25.25 100 0 499298732
A 233 5 832.61 -1 0 499298732
A 233 232 76.83 -1 0 787071703
A 234 235 93.07 -1 0 787071704
A 234 235 189.23 -1 0 787071705
A 234 237 98.83 101 0 787071705
A 235 234 93.07 101 0 787071704
A 235 234 189.23 -1 0 787071705
A 235 236 8.98 -1 0 787071705
A 236 227 36.66 123 0 787068186
A 236 230 488.24 -1 0 [787068186, 787068187]
A 236 235 8.98 101 0 787071705
A 237 226 67.49 71 0 787071705
A 237 227 116.48 101 0 787071706
A 237 234 98.83 -1 0 787071705
A 238 221 184.80 17 0 787071707
A 238 222 69.58 18 0 787071708
A 238 228 163.03 123 0 787071708
A 239 224 592.76 -1 0 499298732
A 239 242 193.15 -1 0 499298732
A 239 241 85.82 19 0 787078029
A 240 241 767.56 -1 0 787078030
A 241 239 85.82 -1 0 787078029
A 241 240 767.56 -1 0 787078030
A 241 242 113.44 19 0 787078030
A 242 239 193.15 19 0 499298732
A 242 120 224.35 -1 0 499298732
A 242 241 113.44 -1 0 787078030
A 243 244 61.42 -1 0 787078031
A 244 243 61.42 -1 0 787078031
A 244 217 431.96 15 0 [787078032, 787078033]
A 244 218 103.70 -1 0 787078033
A 245 358 895.09 -1 0 787114672
A 246 247 66.19 20 0 789748336
A 246 249 36.72 102 0 944283470
A 246 366 55.47 -1 0 944283470
A 246 257 391.69 -1 0 [789748336, 789776941]
A 247 246 66.19 102 0 789748336
A 247 368 112.41 -1 0 789748336
A 247 366 44.86 20 0 944294258
A 248 249 59.04 -1 0 398412559
A 249 246 36.72 -1 0 944283470
A 249 248 59.04 -1 0 398412559
A 249 250 226.95 102 0 398412559
A 250 251 47.11 72 0 398412559
A 250 249 226.95 -1 0 398412559
A 250 368 55.16 102 0 789748336
A 251 250 47.11 -1 0 398412559
A 251 252 430.58 -1 0 398412559
A 251 367 109.61 72 0 944294259
A 252 251 430.58 -1 0 398412559
A 252 411 905.75 -1 0 398412559
A 252 369 285.42 -1 0 944294265
A 253 254 80.72 -1 0 789757555
A 254 253 80.72 -1 0 789757555
A 254 256 51.73 16 0 789757555
A 254 220 96.75 -1 0 944294267
A 255 367 2077.83 -1 0 [944294259, 786590588]
A 255 256 144.40 -1 0 786590588
A 255 380 1252.66 -1 0 944294266
A 256 255 144.40 -1 0 786590588
A 256 220 62.86 16 0 786590588
A 256 254 51.73 -1 0 789757555
A 257 246 391.69 -1 0 [789748336, 789776941]
A 258 90 626.22 129 47 813775522
A 258 387 249.64 -1 0 813775522
A 258 386 227.83 21 0 944294290
A 259 110 46.93 120 0 398726237
A 259 111 27.42 124 0 398726237
A 259 109 73.96 7 0 813775524
A 260 93 56.69 -1 0 398207022
A 260 32 82.66 -1 0 448954516
A 260 83 3.64 82 0 448954516
A 261 88 87.99 6 0 527626005
A 261 6 95.11 81 24 527626005
A 261 89 87.53 32 0 385267637
A 262 64 13.53 119 1 411231587
A 262 61 75.64 54 1 411231587
A 262 63 137.80 -1 0 [448954512, 390938937]
A 263 85 148.49 -1 0 385267619
A 263 14 6.13 119 1 385267619
A 263 24 102.71 38 6 385267623
A 264 265 9.04 -1 0 390938944
A 264 122 58.95 -1 0 813793000
A 265 264 9.04 -1 0 390938944
A 265 165 177.55 -1 0 390938944
A 265 268 37.56 109 0 813792999
A 266 270 6.53 -1 0 813792997
A 266 267 38.17 -1 0 813792999
A 267 122 7.33 -1 0 813792998
A 267 265 59.85 -1 0 813792999
A 268 58 6.08 109 0 390938937
A 268 60 8.99 108 2 390938937
A 269 266 66.91 -1 0 813792999
A 269 65 55.41 -1 0 813814517
A 270 266 6.53 -1 0 813792997
A 270 269 66.31 -1 0 813793000
A 271 59 10.78 107 2 499298731
A 271 316 250.43 89 0 390938932
A 271 137 62.29 73 29 499298731
A 272 124 24.17 -1 0 398207627
A 272 98 59.26 94 0 398207627
A 272 275 48.14 60 0 813795006
A 273 51 8.66 86 0 390938937
A 273 107 166.83 88 2 390938937
A 273 52 71.16 52 1 813793001
A 274 3 26.49 -1 0 813795005
A 274 40 95.52 79 3 [390938944, 813795004]
A 274 119 125.67 2 0 [390938938, 813795005]
A 275 140 22.87 96 0 482322021
A 275 139 35.17 60 0 482322021
A 275 272 48.14 94 0 813795006
A 276 213 44.85 -1 0 691347762
A 276 277 21.17 22 0 813795007
A 276 279 124.49 -1 0 691347762
A 277 276 21.17 -1 0 813795007
A 277 278 49.05 -1 0 813795008
A 277 279 105.39 22 0 813795008
A 278 277 49.05 -1 0 813795008
A 279 214 19.34 -1 0 691347762
A 279 277 105.39 -1 0 813795008
A 279 276 124.49 22 0 691347762
A 280 286 16.27 -1 0 691347762
A 280 214 38.32 -1 0 691347762
A 280 281 254.26 111 0 813858501
A 281 79 20.17 111 0 813795009
A 281 282 210.29 -1 0 813795009
A 281 280 254.26 -1 0 813858501
A 282 281 210.29 -1 0 813795009
A 283 79 98.08 -1 0 813795009
A 284 78 2.93 5 0 687602274
A 284 286 10.20 111 0 687602274
A 284 285 140.17 -1 0 813795010
A 285 77 860.77 -1 0 505368805
A 285 78 141.05 -1 0 505368805
A 285 284 140.17 5 0 813795010
A 286 284 10.20 -1 0 687602274
A 286 196 63.39 -1 0 687602274
A 286 280 16.27 111 0 691347762
A 287 96 6.53 92 0 398207625
A 287 288 39.01 14 0 813795011
A 287 194 29.78 122 0 398207625
A 288 289 27.69 112 0 505368804
A 288 287 39.01 92 0 813795011
A 288 194 37.34 14 0 505368804
A 289 195 12.32 112 0 505368804
A 289 288 27.69 92 0 505368804
A 289 144 31.46 66 0 687602272
A 290 98 25.43 57 0 687602273
A 290 297 21.59 -1 0 498850370
A 290 140 88.77 94 0 687602273
A 291 144 27.40 97 0 398196739
A 291 195 30.69 66 0 398207623
A 291 145 96.77 67 0 398196739
A 292 2 574.31 -1 0 813802890
A 293 98 29.61 115 0 813802891
A 293 297 27.34 57 0 813802893
A 293 295 56.42 -1 0 813802893
A 294 296 43.27 -1 0 398211422
A 294 2 462.32 -1 0 398211422
A 294 295 44.55 23 0 813802892
A 295 296 17.63 23 0 813802893
A 295 294 44.55 -1 0 813802892
A 295 293 56.42 115 0 813802893
A 296 294 43.27 23 0 398211422
A 296 307 25.53 -1 0 398211422
A 296 295 17.63 115 0 813802893
A 297 293 27.34 -1 0 813802893
A 297 189 568.98 -1 0 [498850370, 498850371]
A 297 290 21.59 57 0 498850370
A 298 99 6.87 13 0 498850369
A 298 188 101.53 -1 0 498850369
A 298 320 350.34 -1 0 813814522
A 299 300 46.58 -1 0 398211421
A 299 300 54.05 -1 0 813802894
A 300 304 44.47 -1 0 [398211421, 813808327]
A 301 128 17.70 -1 0 691347898
A 301 353 356.77 61 0 813860582
A 302 128 117.90 61 0 691347898
A 302 0 56.03 118 0 691347898
A 302 353 68.60 31 0 813860582
A 303 127 52.02 9 0 691347898
A 303 216 18.66 113 0 691347898
A 303 334 41.30 -1 0 813839032
A 304 308 7.88 -1 0 390938937
A 304 305 17.74 -1 0 813808327
A 305 110 39.99 -1 0 398726237
A 305 308 12.37 120 0 813808328
A 306 99 4.39 -1 0 448972770
A 306 98 89.52 -1 0 448972770
A 306 307 22.80 115 0 813808329
A 307 296 25.53 115 0 398211422
A 307 99 23.75 -1 0 813808330
A 308 304 7.88 -1 0 390938937
A 308 39 33.20 120 0 390938937
A 308 3 75.38 79 3 [813808328, 398211423]
A 309 311 85.50 -1 0 813814518
A 310 311 213.94 24 0 813814518
A 310 315 374.96 -1 0 813814520
A 311 309 85.50 -1 0 813814518
A 311 310 213.94 -1 0 813814518
A 311 314 99.15 24 0 813814519
A 312 73 67.06 56 0 398196733
A 312 71 7.76 -1 0 398196733
A 312 313 159.27 95 0 813814520
A 313 123 45.47 95 0 448958592
A 313 314 190.36 -1 0 813814520
A 314 318 7.76 -1 0 813814519
A 314 311 99.15 -1 0 813814519
A 314 310 144.76 24 0 813814520
A 315 137 249.78 -1 0 398207625
A 315 316 100.74 73 29 813814520
A 316 66 5.37 -1 0 390938932
A 316 319 10.57 89 0 813814520
A 316 271 250.43 73 29 390938932
A 317 69 7.09 -1 0 390938940
A 317 312 55.17 56 0 813814520
A 317 74 62.07 110 0 390938940
A 318 314 7.76 -1 0 813814519
A 318 71 351.52 -1 0 813814521
A 319 66 10.72 -1 0 813814521
A 319 65 25.03 89 0 813814517
A 320 298 350.34 -1 0 813814522
A 321 317 11.62 110 0 813817634
A 321 80 121.60 -1 0 398196741
A 322 323 88.27 -1 0 813817636
A 323 203 18.59 -1 0 691347756
A 323 322 88.27 -1 0 813817636
A 323 201 103.43 -1 0 691347756
A 324 325 66.22 114 0 813823412
A 324 328 115.78 25 0 813823413
A 324 70 120.46 -1 0 813823413
A 325 328 44.03 26 0 813823411
A 325 324 66.22 25 0 813823412
A 325 327 39.70 114 0 813823412
A 326 333 203.19 98 0 687602276
A 326 199 197.02 114 0 687602276
A 326 327 205.69 -1 0 813823413
A 327 325 39.70 26 0 813823412
A 327 326 205.69 114 0 813823413
A 327 328 31.72 -1 0 813823413
A 328 325 44.03 25 0 813823411
A 328 327 31.72 26 0 813823413
A 328 324 115.78 -1 0 813823413
A 329 351 399.73 -1 0 813823414
A 330 352 176.69 -1 0 813823415
A 331 198 126.19 -1 0 687602276
A 331 332 161.24 -1 0 687602276
A 331 199 937.76 98 0 [813823416, 390938940]
A 332 331 161.24 98 0 687602276
A 332 333 102.15 74 0 687602276
A 332 351 35.91 -1 0 813823414
A 333 332 102.15 98 0 687602276
A 333 326 203.19 -1 0 687602276
A 333 352 230.72 74 0 813823415
A 334 155 535.43 -1 0 479272122
A 334 303 41.30 9 0 813839032
A 334 127 17.74 -1 0 813839032
A 335 440 246.82 -1 0 813845748
A 335 441 667.65 -1 0 [944383313, 813845749]
A 335 336 1354.40 -1 0 813845749
A 336 184 33.89 -1 0 813845749
A 336 185 27.81 12 0 813845750
A 336 335 1354.40 -1 0 813845749
A 337 381 122.37 -1 0 944294281
A 337 338 281.63 -1 0 813845751
A 337 339 435.07 27 0 813845751
A 338 339 419.41 -1 0 398412559
A 338 113 1150.98 -1 0 398412559
A 338 337 281.63 27 0 813845751
A 339 414 591.80 -1 0 398412559
A 339 338 419.41 27 0 398412559
A 339 337 435.07 -1 0 813845751
A 340 114 666.77 129 47 527625476
A 340 350 174.87 -1 0 [527625476, 398412556, 385267623]
A 340 348 229.76 -1 0 813858502
A 341 387 85.92 75 0 813775522
A 341 342 95.95 -1 0 813775522
A 341 388 53.28 103 0 944294290
A 342 385 32.94 116 0 944294289
A 342 341 95.95 103 0 813775522
A 342 343 311.51 -1 0 813775522
A 343 342 311.51 116 0 813775522
A 343 390 20.75 -1 0 813845752
A 343 393 363.01 -1 0 944294288
A 344 390 113.92 116 0 813845752
A 344 113 165.89 -1 0 813845752
A 344 384 210.35 129 47 944294289
A 345 5 346.18 -1 0 813845753
A 346 347 928.60 -1 0 813858500
A 347 233 25.25 -1 0 499298732
A 347 224 113.96 100 0 499298732
A 347 346 928.60 -1 0 813858500
A 348 340 229.76 -1 0 813858502
A 349 350 75.54 -1 0 813858503
A 350 21 78.98 -1 0 385267623
A 350 340 174.87 129 47 [398412556, 527625476, 385267623]
A 350 349 75.54 -1 0 813858503
A 351 329 399.73 -1 0 813823414
A 351 332 35.91 74 0 813823414
A 351 352 167.99 -1 0 813858504
A 352 330 176.69 -1 0 813823415
A 352 333 230.72 -1 0 813823415
A 352 351 167.99 74 0 813858504
A 353 354 50.77 31 0 813860581
A 353 301 356.77 -1 0 813860582
A 353 302 68.60 61 0 813860582
A 354 353 50.77 -1 0 813860581
A 354 355 68.06 -1 0 813860583
A 354 181 261.95 -1 0 490130721
A 354 0 72.51 31 0 490130721
A 355 354 68.06 -1 0 813860583
A 356 359 721.27 -1 0 [942264366, 942264399]
A 357 358 42.12 -1 0 942264404
A 358 357 42.12 -1 0 942264404
A 358 67 2352.55 -1 0 [787114672, 390938945]
A 358 245 895.09 -1 0 787114672
A 358 359 4355.19 -1 0 [942264355, 942264388, 942264404, 942264373, 942264378]
A 359 358 4355.19 -1 0 [942264355, 942264388, 942264404, 942264373, 942264378]
A 359 356 721.27 -1 0 [942264366, 942264399]
A 360 440 916.20 128 0 [813845748, 942266310]
A 360 398 84.83 -1 0 942266320
A 360 429 1558.37 127 0 944383299
A 361 362 1378.50 -1 0 942266324
A 362 398 1078.28 76 0 [942266324, 942266309]
A 362 361 1378.50 -1 0 942266324
A 362 395 947.56 -1 0 944294304
A 363 364 1474.51 -1 0 944283464
A 364 365 1208.27 -1 0 [789748337, 944283467]
A 364 363 1474.51 -1 0 944283464
A 365 364 1208.27 -1 0 [789748337, 944283467]
A 365 366 382.85 -1 0 944283470
A 366 246 55.47 20 0 944283470
A 366 365 382.85 -1 0 944283470
A 366 247 44.86 -1 0 944294258
A 367 251 109.62 -1 0 944294259
A 367 255 2077.83 -1 0 [944294259, 786590588]
A 367 368 63.58 72 0 944294264
A 368 247 112.41 102 0 789748336
A 368 250 55.16 72 0 789748336
A 368 367 63.58 -1 0 944294264
A 369 252 285.42 -1 0 944294265
A 370 220 425.12 -1 0 786590588
A 370 371 125.47 -1 0 786590588
A 370 371 173.05 -1 0 944294270
A 371 370 125.47 -1 0 786590588
A 371 370 173.05 -1 0 944294270
A 371 219 217.64 -1 0 786590588
A 372 219 147.61 -1 0 944294271
A 372 374 306.02 -1 0 944294271
A 372 373 186.04 28 0 944294272
A 373 377 1617.13 -1 0 944294272
A 373 372 186.04 -1 0 944294272
A 373 374 136.48 28 0 944294273
A 374 375 31.38 -1 0 944294273
A 374 372 306.02 28 0 944294271
A 374 373 136.48 -1 0 944294273
A 375 374 31.38 -1 0 944294273
A 376 377 216.86 -1 0 944294274
A 376 378 65.09 -1 0 944294275
A 376 378 213.27 -1 0 944294279
A 377 373 1617.13 -1 0 944294272
A 377 415 1095.87 -1 0 [944294280, 944294274]
A 377 376 216.86 -1 0 944294274
A 378 376 65.09 -1 0 944294275
A 378 376 213.27 -1 0 944294279
A 378 379 290.90 -1 0 944294276
A 379 378 290.90 -1 0 944294276
A 380 255 1252.66 -1 0 944294266
A 381 337 122.37 -1 0 944294281
A 382 383 66.88 -1 0 944294288
A 383 393 431.85 127 0 944294288
A 383 382 66.88 -1 0 944294288
A 383 432 208.86 -1 0 944383301
A 384 385 9.20 29 0 944294289
A 384 344 210.35 116 0 944294289
A 384 389 94.08 129 47 944294293
A 385 342 32.94 103 0 944294289
A 385 384 9.20 116 0 944294289
A 385 389 86.42 29 0 944294292
A 386 388 12.94 75 0 944294290
A 386 258 227.83 129 47 944294290
A 386 387 98.85 21 0 944294291
A 387 258 249.64 21 0 813775522
A 387 341 85.92 -1 0 813775522
A 387 386 98.85 75 0 944294291
A 388 386 12.94 129 47 944294290
A 388 341 53.28 75 0 944294290
A 388 389 53.46 103 0 944294292
A 389 385 86.42 103 0 944294292
A 389 388 53.46 129 47 944294292
A 389 384 94.08 29 0 944294293
A 390 343 20.75 116 0 813845752
A 390 344 113.92 -1 0 813845752
A 390 391 50.55 -1 0 944294294
A 391 390 50.55 -1 0 944294294
A 392 393 1081.68 -1 0 944294295
A 393 343 363.01 -1 0 944294288
A 393 383 431.85 -1 0 944294288
A 393 392 1081.68 -1 0 944294295
A 393 394 1083.18 127 0 944294296
A 393 396 146.97 -1 0 944294297
A 394 397 30.34 -1 0 944294300
A 394 399 232.91 127 0 944294296
A 394 393 1083.18 -1 0 944294296
A 395 399 1207.52 -1 0 944294296
A 395 400 287.97 -1 0 944294304
A 395 362 947.57 76 0 944294304
A 396 393 146.97 -1 0 944294297
A 397 394 30.34 -1 0 944294300
A 398 362 1078.28 -1 0 [942266324, 942266309]
A 398 360 84.83 127 0 942266320
A 398 399 665.03 76 0 944294301
A 399 395 1207.52 76 0 944294296
A 399 394 232.91 -1 0 944294296
A 399 398 665.03 127 0 944294301
A 400 401 28.73 -1 0 944294304
A 400 403 24.70 30 0 944294306
A 400 395 287.97 -1 0 944294304
A 401 400 28.73 30 0 944294304
A 401 402 365.91 -1 0 944294304
A 401 403 23.14 77 0 944294305
A 402 401 365.91 77 0 944294304
A 402 404 359.58 -1 0 944294309
A 402 407 200.24 -1 0 944294319
A 403 400 24.70 -1 0 944294306
A 403 401 23.14 30 0 944294305
A 403 404 320.75 77 0 944294306
A 404 405 504.72 -1 0 944294306
A 404 403 320.75 -1 0 944294306
A 404 402 359.58 77 0 944294309
A 405 404 504.72 -1 0 944294306
A 406 408 462.02 -1 0 944294315
A 406 407 197.71 117 0 944294319
A 406 413 129.07 -1 0 944294319
A 407 414 1377.14 117 0 944294310
A 407 402 200.24 -1 0 944294319
A 407 406 197.71 -1 0 944294319
A 408 406 462.02 -1 0 944294315
A 409 413 486.52 -1 0 944294316
A 409 410 212.39 -1 0 944294317
A 410 409 212.39 -1 0 944294317
A 411 252 905.75 -1 0 398412559
A 411 414 364.91 -1 0 398412559
A 411 412 782.31 117 0 944294320
A 412 413 773.19 117 0 944294319
A 412 411 782.31 -1 0 944294320
A 413 409 486.52 -1 0 944294316
A 413 406 129.07 117 0 944294319
A 413 412 773.19 -1 0 944294319
A 414 411 364.91 117 0 398412559
A 414 339 591.79 -1 0 398412559
A 414 407 1377.14 -1 0 944294310
A 415 377 1095.87 -1 0 [944294280, 944294274]
A 416 417 21.60 -1 0 944383279
A 416 418 36.80 -1 0 944383282
A 417 416 21.60 -1 0 944383279
A 417 185 878.10 -1 0 490130726
A 418 416 36.80 -1 0 944383282
A 419 184 440.20 -1 0 490130726
A 419 183 1171.57 -1 0 [490130722, 490130723, 490130724, 490130725, 490130726]
A 419 420 321.27 -1 0 944383283
A 420 419 321.27 -1 0 944383283
A 421 149 6.50 113 0 486372305
A 421 216 149.28 -1 0 [486372305, 813840669]
A 421 422 670.19 -1 0 [944383284, 944383285]
A 422 421 670.19 -1 0 [944383284, 944383285]
A 422 438 1345.61 -1 0 [944383305, 944383285]
A 422 423 506.85 128 0 944383286
A 423 424 181.76 128 0 944383286
A 423 424 205.22 -1 0 944383287
A 423 422 506.85 -1 0 944383286
A 424 425 30.96 128 0 944383288
A 424 423 181.76 -1 0 944383286
A 424 423 205.22 -1 0 944383287
A 425 424 30.96 -1 0 944383288
A 425 426 301.98 128 0 944383289
A 425 427 103.66 -1 0 944383290
A 426 425 301.98 -1 0 944383289
A 426 428 610.23 -1 0 944383291
A 426 431 1164.83 128 0 944383298
A 427 425 103.66 -1 0 944383290
A 428 426 610.23 -1 0 944383291
A 429 430 345.37 -1 0 944383298
A 429 360 1558.37 128 0 944383299
A 429 432 367.33 127 0 944383299
A 430 431 132.65 -1 0 944383298
A 430 431 161.84 -1 0 944383300
A 430 429 345.37 128 0 944383298
A 431 426 1164.83 -1 0 944383298
A 431 430 132.65 128 0 944383298
A 431 430 161.84 -1 0 944383300
A 432 429 367.33 -1 0 944383299
A 432 383 208.86 127 0 944383301
A 432 433 183.19 -1 0 944383302
A 433 432 183.19 -1 0 944383302
A 434 435 178.57 128 0 944383307
A 434 435 169.80 -1 0 944383308
A 434 440 1301.28 -1 0 944383308
A 435 434 178.57 -1 0 944383307
A 435 434 169.80 -1 0 944383308
A 435 436 117.82 128 0 944383308
A 436 437 77.99 128 0 944383306
A 436 437 95.00 -1 0 944383308
A 436 435 117.82 -1 0 944383308
A 437 436 77.99 -1 0 944383306
A 437 436 95.00 -1 0 944383308
A 437 438 1108.10 128 0 944383308
A 438 422 1345.61 128 0 [944383305, 944383285]
A 438 439 616.12 -1 0 944383308
A 438 437 1108.10 -1 0 944383308
A 439 438 616.12 -1 0 944383308
A 440 335 246.82 -1 0 813845748
A 440 360 916.20 -1 0 [813845748, 942266310]
A 440 434 1301.28 128 0 944383308
A 441 335 667.65 -1 0 [944383313, 813845749]
A 441 442 75.18 -1 0 944383316
A 441 443 134.43 -1 0 944383317
A 441 444 1492.20 -1 0 944383318
A 442 441 75.18 -1 0 944383316
A 443 441 134.43 -1 0 944383317
A 444 441 1492.20 -1 0 944383318
A 444 445 372.35 -1 0 944383319
A 444 446 398.69 -1 0 944383320
A 445 444 372.35 -1 0 944383319
A 446 447 58.55 -1 0 944383320
A 446 444 398.69 -1 0 944383320
A 447 446 58.55 -1 0 944383320
