253 684 88
N 0 -5.5102246 -38.2637883 -1
N 1 -5.5160187 -38.2686384 49
N 2 -5.5189381 -38.2707433 0,50,69,84
N 3 -5.5313231 -38.2723331 -1
N 4 -5.5178595 -38.2739358 16,51
N 5 -5.5179663 -38.273351 17,51
N 6 -5.5182116 -38.2726616 17,52,70
N 7 -5.5184027 -38.2721458 18,53,70
N 8 -5.5187376 -38.2712225 18,50,53,84
N 9 -5.5161426 -38.2701907 -1
N 10 -5.5203442 -38.2718186 19,20,50,85
N 11 -5.5209225 -38.2720443 19,21,85
N 12 -5.5216573 -38.2722983 21,22,80,85
N 13 -5.5232496 -38.2728676 -1
N 14 -5.5206241 -38.275521 -1
N 15 -5.5207496 -38.2749577 23,87
N 16 -5.5208417 -38.2745661 23,24,25,87
N 17 -5.5213276 -38.2731311 21,22,26,27
N 18 -5.5218281 -38.271845 28,54,80,85
N 19 -5.5216519 -38.2751072 23,87
N 20 -5.5216833 -38.2747123 23,25
N 21 -5.521696 -38.2738768 25,27
N 22 -5.521696 -38.2732451 22,27
N 23 -5.5198308 -38.2743666 1,86,87
N 24 -5.5201682 -38.2744267 24,86,87
N 25 -5.5221514 -38.2747479 -1
N 26 -5.5203882 -38.2736629 24,26,86
N 27 -5.5206227 -38.2729123 19,21,26,86
N 28 -5.5200316 -38.2727079 19,20,70,86
N 29 -5.5195572 -38.2725356 18,20,70
N 30 -5.5173761 -38.2718269 -1
N 31 -5.516455 -38.2720496 -1
N 32 -5.5198312 -38.2732116 17,70,86
N 33 -5.520519 -38.2713584 50,69,85
N 34 -5.5172088 -38.2732573 -1
N 35 -5.5196089 -38.2736059 17,51,86
N 36 -5.5227948 -38.2753528 -1
N 37 -5.5167855 -38.2692024 49,55,81
N 38 -5.5169878 -38.2686961 2,29,49,55
N 39 -5.5173229 -38.267633 30,31
N 40 -5.5175098 -38.2670948 31,32,33
N 41 -5.5176753 -38.2665651 3,32,33
N 42 -5.517876 -38.2695934 55,56,71
N 43 -5.5180558 -38.2690367 29,34,55,56
N 44 -5.5182146 -38.2684936 29,30,34,57
N 45 -5.5183828 -38.2679746 30,31,35,57
N 46 -5.5183596 -38.2703344 0,71,84
N 47 -5.518539 -38.2674421 31,32,35,72
N 48 -5.5186912 -38.266907 32,72
N 49 -5.5192118 -38.2700868 56,58,71
N 50 -5.519448 -38.26949 34,36,56
N 51 -5.5196402 -38.26891 34,57
N 52 -5.5197959 -38.2684279 35,57
N 53 -5.5199498 -38.267925 35,72
N 54 -5.5217974 -38.270878 37,74,82
N 55 -5.5219838 -38.2714681 28,37,54,73
N 56 -5.5221378 -38.2709706 37,73,74
N 57 -5.522272 -38.268686 59,72
N 58 -5.5222667 -38.2710128 73
N 59 -5.5224362 -38.2720676 28,38,80
N 60 -5.5225813 -38.2716656 28,38,73
N 61 -5.5230585 -38.2712908 38,73
N 62 -5.5231844 -38.2723573 80
N 63 -5.5240294 -38.2696764 59
N 64 -5.5242656 -38.2694585 -1
N 65 -5.5245386 -38.2688416 -1
N 66 -5.5246321 -38.2596879 60,75
N 67 -5.525702 -38.2603578 -1
N 68 -5.525736 -38.2608533 -1
N 69 -5.5244521 -38.2608444 39,60
N 70 -5.5250632 -38.2608607 39,40,60,65
N 71 -5.5250826 -38.2603021 40,60,75
N 72 -5.5244668 -38.2611684 4,39
N 73 -5.5250572 -38.2611939 4,39,65
N 74 -5.5243858 -38.2595672 60
N 75 -5.5163564 -38.2630728 5,76
N 76 -5.5162937 -38.2609633 76
N 77 -5.525808 -38.2591685 75
N 78 -5.5247455 -38.2590649 75
N 79 -5.5190409 -38.2705213 0,58,69,71
N 80 -5.5181105 -38.272079 52,53
N 81 -5.5186361 -38.2711806 53,84
N 82 -5.5229721 -38.2727529 80
N 83 -5.5211006 -38.2737735 24,25,26,27
N 84 -5.5229889 -38.274056 -1
N 85 -5.5194681 -38.2742885 1,6,51,86
N 86 -5.519396 -38.2744534 1,6,16,87
N 87 -5.5191891 -38.2749724 16,87
N 88 -5.5195288 -38.2750874 -1
N 89 -5.5198856 -38.2716417 18,20,50
N 90 -5.5179334 -38.2725591 52
N 91 -5.5166434 -38.2668118 33,83
N 92 -5.5170159 -38.265688 3,77
N 93 -5.5160561 -38.2661292 61,62,83
N 94 -5.516016 -38.2666214 63,83
N 95 -5.5146217 -38.2657846 41,64,78
N 96 -5.5142516 -38.2665466 9
N 97 -5.5166997 -38.2674391 -1
N 98 -5.5214364 -38.2717042 42,54,85
N 99 -5.5216618 -38.2713518 37,54,82
N 100 -5.5215645 -38.2713158 42,54,82
N 101 -5.5213551 -38.2712551 42,43,82
N 102 -5.5212335 -38.2716297 42,43,85
N 103 -5.5205951 -38.2710285 58,69,82
N 104 -5.5207234 -38.2705426 36,58,74,82
N 105 -5.5167254 -38.2704135 84
N 106 -5.5168755 -38.2701723 7,84
N 107 -5.5168851 -38.2693841 7,81
N 108 -5.5174457 -38.2697502 71,81,84
N 109 -5.5175775 -38.2694873 55,71,81
N 110 -5.521158 -38.2853003 87
N 111 -5.521138 -38.2833025 87
N 112 -5.5220564 -38.2833508 -1
N 113 -5.516829 -38.2662995 3,33,77,83
N 114 -5.5171536 -38.2681555 2,29,30
N 115 -5.5183871 -38.2721919 52,53,70
N 116 -5.5228507 -38.2704851 -1
N 117 -5.5253349 -38.2622306 4,65
N 118 -5.5152578 -38.2661708 44,63
N 119 -5.5171833 -38.2737942 -1
N 120 -5.516545 -38.2670966 -1
N 121 -5.5224262 -38.2680443 47,72
N 122 -5.5160361 -38.2663411 61,63,83
N 123 -5.5154767 -38.2661815 44,63,66
N 124 -5.5154808 -38.2656571 8,64,66
N 125 -5.5158158 -38.2662593 61,63,66
N 126 -5.5158265 -38.2656531 8,61,66,67
N 127 -5.5158398 -38.2645239 8,67
N 128 -5.5160234 -38.2656464 45,61,62,67
N 129 -5.5161015 -38.2645286 46,67
N 130 -5.5208469 -38.2701376 36,74
N 131 -5.5157451 -38.2683923 -1
N 132 -5.5146745 -38.2679638 -1
N 133 -5.5147392 -38.2671699 9
N 134 -5.5139737 -38.2604563 -1
N 135 -5.5210606 -38.2715674 43,69,85
N 136 -5.521187 -38.2712005 43,69,82
N 137 -5.5199294 -38.268539 -1
N 138 -5.5197742 -38.2684944 57
N 139 -5.5163791 -38.2661681 10,77,83
N 140 -5.516297 -38.2654774 45,46,77
N 141 -5.5162396 -38.2637501 46
N 142 -5.5199454 -38.2735821 -1
N 143 -5.5258742 -38.2587752 -1
N 144 -5.5252448 -38.2579746 -1
N 145 -5.5260115 -38.2582833 -1
N 146 -5.5256352 -38.2587592 -1
N 147 -5.5256307 -38.2580168 -1
N 148 -5.5242463 -38.2561487 -1
N 149 -5.5246267 -38.2551992 -1
N 150 -5.5239386 -38.2542846 -1
N 151 -5.5244725 -38.2542551 -1
N 152 -5.5250719 -38.2542477 -1
N 153 -5.5155008 -38.261607 -1
N 154 -5.5159153 -38.2629474 -1
N 155 -5.5158342 -38.261524 -1
N 156 -5.5191837 -38.2805984 11,87
N 157 -5.5172401 -38.2696134 7,81,84
N 158 -5.5180795 -38.2720684 52
N 159 -5.5186925 -38.2741309 6,16,51
N 160 -5.5230723 -38.2723097 38,80
N 161 -5.5217091 -38.2723172 22,80
N 162 -5.522393 -38.2707534 -1
N 163 -5.5223403 -38.2706912 74
N 164 -5.523114 -38.2702675 -1
N 165 -5.522812 -38.2704315 -1
N 166 -5.5221898 -38.2709876 73,74
N 167 -5.5236529 -38.2700043 -1
N 168 -5.5231463 -38.2703168 -1
N 169 -5.5222954 -38.2685915 47,59,72
N 170 -5.5150963 -38.2660246 44,64
N 171 -5.5192859 -38.2701109 36,56,58
N 172 -5.5161647 -38.2684493 2,49
N 173 -5.5154792 -38.2658637 44,64,66
N 174 -5.5155073 -38.2620122 12
N 175 -5.5156974 -38.2620014 12
N 176 -5.515677 -38.2615587 -1
N 177 -5.5157414 -38.2629526 12
N 178 -5.5162123 -38.2630768 76
N 179 -5.5161188 -38.260915 76
N 180 -5.5143234 -38.2603437 -1
N 181 -5.5171547 -38.2611229 -1
N 182 -5.5163453 -38.2630968 5,76
N 183 -5.5175004 -38.2626222 5
N 184 -5.5163134 -38.2631831 76
N 185 -5.5161148 -38.2661319 10,62,83
N 186 -5.5163095 -38.2658387 10,62,77
N 187 -5.5163004 -38.2655887 45,62,77
N 188 -5.5146918 -38.2655659 41,64
N 189 -5.5160323 -38.265399 45,46,67
N 190 -5.5115561 -38.2597724 -1
N 191 -5.5143796 -38.2656731 41,78
N 192 -5.5137274 -38.2658985 13
N 193 -5.5140705 -38.2660772 13,78
N 194 -5.5139723 -38.2662023 13,78
N 195 -5.5145219 -38.2654716 41
N 196 -5.5142116 -38.2665939 9
N 197 -5.5158641 -38.2685436 -1
N 198 -5.5161415 -38.268859 -1
N 199 -5.5164344 -38.2691313 -1
N 200 -5.516582 -38.2691896 81
N 201 -5.5142747 -38.2665144 78
N 202 -5.5141233 -38.2663761 78
N 203 -5.5165023 -38.2691125 49,81
N 204 -5.524897 -38.2632874 -1
N 205 -5.5251249 -38.2652513 14
N 206 -5.5245313 -38.2637615 14
N 207 -5.5256662 -38.2608524 40,65
N 208 -5.5257399 -38.2622873 65
N 209 -5.5253977 -38.2639724 14
N 210 -5.5245279 -38.2685854 47
N 211 -5.5242272 -38.2694291 47,59
N 212 -5.5256383 -38.2603547 40,75
N 213 -5.525465 -38.2639908 -1
N 214 -5.5241882 -38.2695162 59
N 215 -5.511137 -38.267072 -1
N 216 -5.5256833 -38.2602599 75
N 217 -5.5254283 -38.2579578 -1
N 218 -5.5254681 -38.2587543 -1
N 219 -5.5210292 -38.2772812 87
N 220 -5.5182179 -38.2828085 48,68
N 221 -5.5187406 -38.2834703 68,79
N 222 -5.5192401 -38.2861177 79
N 223 -5.5196803 -38.2851125 79,87
N 224 -5.5323082 -38.2745728 -1
N 225 -5.5223594 -38.2768232 -1
N 226 -5.521102 -38.2753949 -1
N 227 -5.5214378 -38.275786 87
N 228 -5.5116799 -38.2860825 -1
N 229 -5.5122673 -38.2862059 -1
N 230 -5.519106 -38.2835614 15,79,87
N 231 -5.5190319 -38.2835245 15,68,79
N 232 -5.5186064 -38.2823626 11,48,87
N 233 -5.5177682 -38.2821945 11,48
N 234 -5.5185195 -38.2824403 48,68,87
N 235 -5.5186108 -38.2829145 15,68,87
N 236 -5.5194105 -38.2860631 79
N 237 -5.5192829 -38.2864878 -1
N 238 -5.5124059 -38.2792689 -1
N 239 -5.5161068 -38.2867747 -1
N 240 -5.5148887 -38.2868653 -1
N 241 -5.502218 -38.2664163 -1
N 242 -5.5045248 -38.2700425 -1
N 243 -5.5046102 -38.2716358 -1
N 244 -5.5046316 -38.2719147 -1
N 245 -5.5071946 -38.2721239 -1
N 246 -5.5043219 -38.2726014 -1
N 247 -5.5057102 -38.2670223 -1
N 248 -5.5077232 -38.2862431 -1
N 249 -5.5072799 -38.2832068 -1
N 250 -5.5069007 -38.2821071 -1
N 251 -5.5105902 -38.2863558 -1
N 252 -5.5113591 -38.2878042 -1
A 0 192 462.31 -1 0 398211422
A 0 190 574.31 -1 0 813802890
A 1 172 26.49 49 3 813795005
A 1 201 304.78 -1 0 398211423
A 2 79 27.10 69 5 527626004
A 2 8 57.53 84 0 527626004
A 2 46 78.66 0 0 411231587
A 2 33 188.60 50 2 411231587
A 3 62 932.16 -1 0 [411231588, 411231587, 499298732]
A 3 224 346.18 -1 0 813845753
A 4 119 76.81 -1 0 385267627
A 4 159 95.11 16 0 527626005
A 4 87 222.00 -1 0 [385267617, 448954514]
A 4 5 65.85 51 0 527626004
A 5 35 184.81 51 0 385267635
A 5 34 84.87 -1 0 385267635
A 5 6 81.10 17 13 527626004
A 5 4 65.85 -1 0 527626004
A 6 32 190.10 17 13 385267632
A 6 90 32.95 52 0 385267632
A 6 115 55.53 70 0 527626004
A 6 5 81.10 -1 0 527626004
A 7 29 135.43 70 0 385267630
A 7 8 108.76 18 0 527626004
A 7 115 5.39 53 0 527626004
A 8 89 135.82 18 0 385267619
A 8 81 12.20 84 0 385267619
A 8 2 57.53 50 2 527626004
A 8 7 108.76 53 0 527626004
A 9 105 69.34 -1 0 385267619
A 10 11 68.99 19 0 385267619
A 10 89 54.62 50 2 385267619
A 10 33 54.52 85 2 385267634
A 10 28 104.39 20 2 385267634
A 11 12 86.41 21 0 385267619
A 11 10 68.99 85 2 385267619
A 11 27 101.69 19 0 482321455
A 12 161 6.13 22 7 385267619
A 12 11 86.41 85 2 385267619
A 12 18 53.65 80 0 385267622
A 12 17 99.20 21 0 385267622
A 13 82 33.37 -1 0 385267619
A 14 15 63.90 -1 0 385267622
A 15 16 44.53 23 1 385267622
A 15 19 101.69 87 0 385267625
A 15 14 63.90 -1 0 385267622
A 16 15 44.53 87 0 385267622
A 16 20 94.97 23 1 527626005
A 16 24 76.46 24 6 527626005
A 16 83 92.33 25 5 385267622
A 17 83 75.45 26 8 385267622
A 17 27 82.04 21 0 385267630
A 17 22 42.86 27 6 385267630
A 17 12 99.20 22 7 385267622
A 18 12 53.65 85 2 385267622
A 18 98 46.26 54 0 411231587
A 18 59 71.97 80 0 411231587
A 18 55 45.16 28 0 499298728
A 19 15 101.69 23 1 385267625
A 19 36 129.96 -1 0 385267625
A 19 20 43.86 -1 0 385267623
A 19 227 78.98 87 0 385267623
A 20 21 92.48 -1 0 385267623
A 20 25 52.20 -1 0 527626005
A 20 16 94.97 25 5 527626005
A 20 19 43.86 23 1 385267623
A 21 22 69.92 -1 0 385267623
A 21 20 92.48 25 5 385267623
A 21 83 67.19 27 6 385267638
A 21 84 145.13 -1 0 385267638
A 22 21 69.92 27 6 385267623
A 22 17 42.86 22 7 385267630
A 22 161 102.71 -1 0 385267623
A 23 24 38.10 87 0 527626005
A 23 85 41.25 86 23 527626005
A 23 86 62.78 1 3 [527626003, 385267637]
A 24 26 88.00 24 6 385267628
A 24 16 76.46 87 0 527626005
A 24 23 38.10 86 23 527626005
A 25 20 52.20 -1 0 527626005
A 26 24 88.00 86 23 385267628
A 26 142 50.04 -1 0 385267638
A 26 83 80.16 24 6 385267638
A 26 27 87.07 26 8 482321455
A 27 28 69.51 19 0 385267630
A 27 17 82.04 26 8 385267630
A 27 11 101.69 21 0 482321455
A 27 26 87.07 86 23 482321455
A 28 29 56.09 20 2 385267630
A 28 27 69.51 86 23 385267630
A 28 10 104.39 19 0 385267634
A 28 32 60.47 70 0 385267634
A 29 7 135.43 18 0 385267630
A 29 28 56.09 70 0 385267630
A 29 89 105.46 20 2 398206185
A 30 158 82.66 -1 0 448954516
A 31 90 173.79 -1 0 385267632
A 32 6 190.10 70 0 385267632
A 32 28 60.47 86 23 385267634
A 32 35 54.26 17 13 385267634
A 33 10 54.52 50 2 385267634
A 33 2 188.60 69 5 411231587
A 33 135 64.51 85 2 411231587
A 34 5 84.87 -1 0 385267635
A 35 5 184.81 17 13 385267635
A 35 32 54.26 86 23 385267634
A 35 85 80.70 51 0 385267634
A 36 19 129.96 -1 0 385267625
A 37 109 93.54 81 0 390938937
A 37 38 60.38 55 10 390938946
A 37 203 33.20 49 3 390938937
A 38 43 124.60 55 10 390938944
A 38 114 62.61 29 0 390938946
A 38 37 60.38 49 3 390938946
A 38 172 95.52 2 0 [390938944, 813795004]
A 39 45 123.77 30 14 390938942
A 39 97 72.54 -1 0 390938942
A 39 40 63.09 31 21 390938946
A 39 114 60.82 -1 0 390938946
A 40 41 61.45 32 0 390938946
A 40 39 63.09 -1 0 390938946
A 40 91 101.30 33 0 398207627
A 40 47 120.72 31 21 398207627
A 41 40 61.45 33 0 390938946
A 41 113 98.59 3 0 398207625
A 41 48 119.13 32 0 398207625
A 41 92 161.76 -1 0 [390938946, 398207623]
A 42 109 35.21 55 10 390938937
A 42 49 158.25 71 0 390938937
A 42 43 64.78 56 5 390938949
A 43 50 162.73 56 5 390938944
A 43 38 124.60 29 0 390938944
A 43 44 62.65 34 5 390938949
A 43 42 64.78 55 10 390938949
A 44 51 165.08 34 5 390938938
A 44 114 123.77 30 14 390938938
A 44 45 60.41 57 0 390938949
A 44 43 62.65 29 0 390938949
A 45 52 164.94 57 0 390938942
A 45 39 123.77 31 21 390938942
A 45 47 61.44 35 4 390938949
A 45 44 60.41 30 14 390938949
A 46 79 78.53 0 0 390938948
A 46 108 120.45 71 0 411231587
A 46 2 78.66 84 0 411231587
A 47 48 61.59 72 2 390938949
A 47 45 61.44 31 21 390938949
A 47 40 120.72 32 0 398207627
A 47 53 165.73 35 4 398207627
A 48 47 61.59 32 0 390938949
A 48 41 119.13 -1 0 398207625
A 48 121 437.28 72 2 398207625
A 49 42 158.25 56 5 390938937
A 49 171 8.66 58 2 390938937
A 49 79 51.71 71 0 527626004
A 50 43 162.73 34 5 390938944
A 50 51 67.66 -1 0 813793001
A 50 130 187.36 36 28 390938944
A 50 171 71.16 56 5 813793001
A 51 44 165.08 57 0 390938938
A 51 138 48.35 -1 0 813793001
A 51 50 67.66 34 5 813793001
A 52 45 164.94 35 4 390938942
A 52 53 58.23 -1 0 813793001
A 52 138 7.75 57 0 813793001
A 53 47 165.73 72 2 398207627
A 53 52 58.23 35 4 813793001
A 53 57 271.63 -1 0 398207627
A 54 99 54.56 82 0 390938936
A 54 104 125.06 74 0 390938937
A 54 56 39.21 37 0 390938937
A 55 99 38.05 37 0 390938948
A 55 60 69.94 28 0 390938948
A 55 56 57.66 73 2 448954513
A 55 18 45.16 54 0 499298728
A 56 54 39.21 74 0 390938937
A 56 166 6.08 73 2 390938937
A 56 55 57.66 37 0 448954513
A 57 169 10.78 59 0 499298731
A 57 53 271.63 72 2 398207627
A 57 63 236.95 -1 0 398207627
A 58 166 8.99 -1 0 390938937
A 58 61 93.27 73 2 390938937
A 58 162 32.60 -1 0 813793000
A 59 60 47.33 38 1 390938935
A 59 18 71.97 28 0 411231587
A 59 160 75.64 80 0 411231587
A 60 59 47.33 28 0 390938935
A 60 55 69.94 73 2 390938948
A 60 61 90.08 38 1 [390938948, 448954511]
A 61 58 93.27 -1 0 390938937
A 61 160 137.80 38 1 [448954512, 390938937]
A 61 60 90.08 73 2 [390938948, 448954511]
A 62 160 13.53 -1 0 411231587
A 62 82 49.75 80 0 398206425
A 62 3 932.16 -1 0 [499298732, 411231587, 411231588]
A 63 57 236.95 59 0 398207627
A 63 214 25.03 -1 0 813814517
A 63 167 55.41 -1 0 813814517
A 64 211 5.37 -1 0 390938932
A 64 65 76.18 -1 0 813814521
A 65 213 546.76 -1 0 813814521
A 66 74 30.47 -1 0 505368805
A 66 78 70.13 75 0 390938940
A 66 71 88.73 60 0 390938940
A 67 212 7.09 -1 0 390938940
A 67 216 11.03 -1 0 813817635
A 68 207 7.76 -1 0 398196733
A 68 67 54.97 -1 0 813814521
A 69 72 35.90 -1 0 398196733
A 69 70 67.97 39 0 398196733
A 69 74 141.55 60 0 398196738
A 70 69 67.97 60 0 398196733
A 70 207 67.06 65 0 398196733
A 70 71 61.86 40 0 398196734
A 70 73 36.88 39 0 398196735
A 71 70 61.86 60 0 398196734
A 71 66 88.73 75 0 390938940
A 71 212 62.07 40 0 390938940
A 72 69 35.90 39 0 398196733
A 72 73 65.71 4 0 398196737
A 72 117 208.83 -1 0 [813817637, 398196733]
A 73 70 36.88 65 0 398196735
A 73 72 65.71 39 0 398196737
A 73 117 124.39 4 0 [398196736, 398196735]
A 74 69 141.55 -1 0 398196738
A 74 66 30.47 60 0 505368805
A 74 183 860.77 -1 0 505368805
A 75 182 2.93 76 0 687602274
A 75 76 233.59 -1 0 398196740
A 75 183 141.05 5 0 505368805
A 76 179 20.17 -1 0 813795009
A 76 75 233.59 76 0 398196740
A 76 181 98.08 -1 0 813795009
A 77 143 44.15 -1 0 691347755
A 77 78 118.74 -1 0 398196741
A 77 216 121.60 75 0 398196741
A 78 148 363.74 -1 0 390938940
A 78 66 70.13 -1 0 390938940
A 78 77 118.74 75 0 398196741
A 79 46 78.53 71 0 390938948
A 79 103 181.71 69 5 390938948
A 79 49 51.71 58 2 527626004
A 79 2 27.10 0 0 527626004
A 80 158 3.64 -1 0 448954516
A 80 115 33.20 52 0 448954516
A 80 81 115.34 53 0 398197990
A 81 8 12.20 53 0 385267619
A 81 105 228.80 84 0 385267619
A 81 80 115.34 -1 0 398197990
A 82 13 33.37 -1 0 385267619
A 82 161 148.49 80 0 385267619
A 82 62 49.75 -1 0 398206425
A 83 17 75.45 27 6 385267622
A 83 26 80.16 26 8 385267638
A 83 21 67.19 25 5 385267638
A 83 16 92.33 24 6 385267622
A 84 21 145.13 -1 0 385267638
A 85 86 19.93 6 0 385267634
A 85 23 41.25 1 3 527626005
A 85 159 87.99 51 0 527626005
A 85 35 80.70 86 23 385267634
A 86 85 19.93 1 3 385267634
A 86 87 61.88 16 0 385267634
A 86 23 62.78 87 0 [527626003, 385267637]
A 86 159 87.53 6 0 385267637
A 87 86 61.88 87 0 385267634
A 87 88 39.86 -1 0 448954514
A 87 4 222.00 16 0 [385267617, 448954514]
A 87 156 626.22 -1 0 813775522
A 88 87 39.86 -1 0 448954514
A 89 10 54.62 20 2 385267619
A 89 8 135.82 50 2 385267619
A 89 29 105.46 18 0 398206185
A 90 6 32.95 -1 0 385267632
A 90 31 173.79 -1 0 385267632
A 90 158 56.69 52 0 398207022
A 91 40 101.30 -1 0 398207627
A 91 113 60.34 33 0 482321454
A 91 120 33.37 -1 0 482321454
A 91 94 72.88 83 0 398207627
A 92 113 70.80 77 0 482321454
A 92 41 161.76 3 0 [390938946, 398207623]
A 92 140 83.28 -1 0 398207623
A 93 122 23.56 61 0 398196739
A 93 185 6.53 83 0 398207625
A 93 128 53.59 62 0 398196739
A 94 122 31.10 83 0 398196739
A 94 118 100.36 63 0 398207627
A 94 91 72.88 -1 0 398207627
A 95 201 89.52 78 0 448972770
A 95 188 25.43 64 0 687602273
A 95 191 29.61 41 0 813802891
A 95 170 59.26 -1 0 398207627
A 96 201 4.39 -1 0 448972770
A 96 133 87.75 9 0 398211421
A 96 196 6.87 -1 0 498850369
A 97 39 72.54 -1 0 390938942
A 98 100 45.29 54 0 398210263
A 98 102 24.02 42 0 411231587
A 98 18 46.26 85 2 411231587
A 99 54 54.56 37 0 390938936
A 99 100 11.53 82 0 390938948
A 99 55 38.05 54 0 390938948
A 100 101 24.23 82 0 390938948
A 100 99 11.53 54 0 390938948
A 100 98 45.29 42 0 398210263
A 101 136 19.64 82 0 390938948
A 101 100 24.23 42 0 390938948
A 101 102 43.61 43 0 398210457
A 102 101 43.61 42 0 398210457
A 102 135 20.43 43 0 411231587
A 102 98 24.02 85 2 411231587
A 103 79 181.71 58 2 390938948
A 103 136 68.51 69 5 390938948
A 103 104 55.64 82 0 398210483
A 104 171 166.83 36 28 390938937
A 104 54 125.06 82 0 390938937
A 104 130 46.88 74 0 398210483
A 104 103 55.64 58 2 398210483
A 105 81 228.80 -1 0 385267619
A 105 9 69.34 -1 0 385267619
A 105 106 31.48 84 0 813775523
A 106 105 31.48 -1 0 813775523
A 106 157 73.96 84 0 813775524
A 106 107 114.52 7 0 398210556
A 107 200 39.99 81 0 398726237
A 107 157 46.93 7 0 398726237
A 107 106 114.52 -1 0 398210556
A 108 109 32.58 71 0 398210521
A 108 157 27.42 81 0 398726237
A 108 46 120.45 84 0 411231587
A 109 37 93.54 55 10 390938937
A 109 42 35.21 71 0 390938937
A 109 108 32.58 81 0 398210521
A 110 111 221.20 -1 0 527625476
A 110 223 165.89 87 0 813845752
A 111 112 102.26 -1 0 398412557
A 111 110 221.20 87 0 527625476
A 111 219 666.77 -1 0 527625476
A 112 111 102.26 -1 0 398412557
A 113 41 98.59 33 0 398207625
A 113 92 70.80 3 0 482321454
A 113 91 60.34 83 0 482321454
A 113 139 52.13 77 0 398207625
A 114 44 123.77 29 0 390938938
A 114 39 60.82 30 14 390938946
A 114 38 62.61 2 0 390938946
A 114 172 125.67 -1 0 [390938938, 813795005]
A 115 80 33.20 53 0 448954516
A 115 7 5.39 70 0 527626004
A 115 6 55.53 52 0 527626004
A 116 165 7.33 -1 0 813792998
A 116 168 37.78 -1 0 813793000
A 117 208 45.47 -1 0 448958592
A 117 73 124.39 65 0 [398196736, 398196735]
A 117 72 208.83 4 0 [398196733, 813817637]
A 118 170 24.17 44 0 398207627
A 118 123 24.37 63 0 482322021
A 118 94 100.36 -1 0 398207627
A 119 4 76.81 -1 0 385267627
A 120 91 33.37 -1 0 482321454
A 121 48 437.28 -1 0 398207625
A 121 210 249.78 47 1 398207625
A 121 169 62.29 72 2 499298731
A 122 93 23.56 83 0 398196739
A 122 94 31.10 63 0 398196739
A 122 125 26.12 61 0 482322020
A 123 125 38.68 63 0 482322020
A 123 173 35.17 66 0 482322021
A 123 118 24.37 44 0 482322021
A 124 173 22.87 64 0 482322021
A 124 126 38.44 66 0 482322023
A 124 127 156.53 8 0 [482322024, 482322021]
A 124 188 88.77 -1 0 687602273
A 125 123 38.68 66 0 482322020
A 125 122 26.12 63 0 482322020
A 125 126 67.11 61 0 482322022
A 126 127 124.99 67 0 482322022
A 126 125 67.11 66 0 482322022
A 126 124 38.44 8 0 482322023
A 126 128 21.91 61 0 482322023
A 127 126 124.99 8 0 482322022
A 127 129 29.10 67 0 482322024
A 127 124 156.53 -1 0 [482322024, 482322021]
A 128 189 27.40 45 0 398196739
A 128 126 21.91 67 0 482322023
A 128 187 31.46 62 0 687602272
A 128 93 53.59 61 0 398196739
A 129 127 29.10 -1 0 482322024
A 129 189 96.77 67 0 398196739
A 129 141 87.52 46 0 687602274
A 130 104 46.88 36 28 398210483
A 130 163 177.55 74 0 390938944
A 130 50 187.36 -1 0 390938944
A 131 197 21.34 -1 0 398211421
A 131 132 129.41 -1 0 498850368
A 132 131 129.41 -1 0 498850368
A 133 131 175.54 -1 0 398211421
A 133 196 101.53 9 0 498850369
A 134 195 568.98 -1 0 [498850370, 498850371]
A 135 102 20.43 85 2 411231587
A 135 136 42.97 43 0 499298729
A 135 33 64.51 69 5 411231587
A 136 103 68.51 82 0 390938948
A 136 101 19.64 43 0 390938948
A 136 135 42.97 69 5 499298729
A 137 138 17.95 -1 0 499298734
A 138 137 17.95 -1 0 499298734
A 138 52 7.75 -1 0 813793001
A 138 51 48.35 57 0 813793001
A 139 185 29.78 10 0 398207625
A 139 113 52.13 83 0 398207625
A 139 186 37.34 77 0 505368804
A 140 189 30.69 46 0 398207623
A 140 187 12.32 45 0 505368804
A 140 92 83.28 77 0 398207623
A 140 141 191.29 -1 0 505368804
A 141 140 191.29 46 0 505368804
A 141 184 63.39 -1 0 687602274
A 141 129 87.52 -1 0 687602274
A 142 26 50.04 -1 0 385267638
A 143 77 44.15 -1 0 691347755
A 143 146 26.64 -1 0 691347756
A 143 145 65.09 -1 0 691347756
A 144 218 103.43 -1 0 691347756
A 145 143 65.09 -1 0 691347756
A 146 143 26.64 -1 0 691347756
A 146 218 18.59 -1 0 691347756
A 146 147 82.17 -1 0 691347757
A 147 146 82.17 -1 0 691347757
A 148 149 114.52 -1 0 390938940
A 148 149 171.94 -1 0 691347758
A 148 78 363.74 -1 0 390938940
A 149 152 122.84 -1 0 390938940
A 149 148 114.52 -1 0 390938940
A 149 148 171.94 -1 0 691347758
A 150 151 59.46 -1 0 691347759
A 151 152 66.66 -1 0 691347759
A 151 150 59.46 -1 0 691347759
A 152 151 66.66 -1 0 691347759
A 152 149 122.84 -1 0 390938940
A 153 174 44.85 -1 0 691347762
A 154 177 19.34 -1 0 691347762
A 154 155 157.80 -1 0 691347763
A 154 178 38.32 -1 0 691347762
A 155 154 157.80 -1 0 691347763
A 156 87 626.22 87 0 813775522
A 156 233 249.64 -1 0 813775522
A 156 232 227.83 11 0 944294290
A 157 107 46.93 81 0 398726237
A 157 108 27.42 84 0 398726237
A 157 106 73.96 7 0 813775524
A 158 90 56.69 -1 0 398207022
A 158 30 82.66 -1 0 448954516
A 158 80 3.64 52 0 448954516
A 159 85 87.99 6 0 527626005
A 159 4 95.11 51 0 527626005
A 159 86 87.53 16 0 385267637
A 160 62 13.53 80 0 411231587
A 160 59 75.64 38 1 411231587
A 160 61 137.80 -1 0 [448954512, 390938937]
A 161 82 148.49 -1 0 385267619
A 161 12 6.13 80 0 385267619
A 161 22 102.71 22 7 385267623
A 162 163 9.04 -1 0 390938944
A 162 116 58.95 -1 0 813793000
A 163 162 9.04 -1 0 390938944
A 163 130 177.55 -1 0 390938944
A 163 166 37.56 74 0 813792999
A 164 168 6.53 -1 0 813792997
A 164 165 38.17 -1 0 813792999
A 165 116 7.33 -1 0 813792998
A 165 163 59.85 -1 0 813792999
A 166 56 6.08 74 0 390938937
A 166 58 8.99 73 2 390938937
A 167 164 66.91 -1 0 813792999
A 167 63 55.41 -1 0 813814517
A 168 164 6.53 -1 0 813792997
A 168 167 66.31 -1 0 813793000
A 169 57 10.78 72 2 499298731
A 169 211 250.43 59 0 390938932
A 169 121 62.29 47 1 499298731
A 170 118 24.17 -1 0 398207627
A 170 95 59.26 64 0 398207627
A 170 173 48.14 44 0 813795006
A 171 49 8.66 56 5 390938937
A 171 104 166.83 58 2 390938937
A 171 50 71.16 36 28 813793001
A 172 1 26.49 -1 0 813795005
A 172 38 95.52 49 3 [390938944, 813795004]
A 172 114 125.67 2 0 [390938938, 813795005]
A 173 124 22.87 66 0 482322021
A 173 123 35.17 44 0 482322021
A 173 170 48.14 64 0 813795006
A 174 153 44.85 -1 0 691347762
A 174 175 21.17 12 0 813795007
A 174 177 124.49 -1 0 691347762
A 175 174 21.17 -1 0 813795007
A 175 176 49.05 -1 0 813795008
A 175 177 105.39 12 0 813795008
A 176 175 49.05 -1 0 813795008
A 177 154 19.34 -1 0 691347762
A 177 175 105.39 -1 0 813795008
A 177 174 124.49 12 0 691347762
A 178 184 16.27 -1 0 691347762
A 178 154 38.32 -1 0 691347762
A 178 179 254.26 76 0 813858501
A 179 76 20.17 76 0 813795009
A 179 180 210.29 -1 0 813795009
A 179 178 254.26 -1 0 813858501
A 180 179 210.29 -1 0 813795009
A 181 76 98.08 -1 0 813795009
A 182 75 2.93 5 0 687602274
A 182 184 10.20 76 0 687602274
A 182 183 140.17 -1 0 813795010
A 183 74 860.77 -1 0 505368805
A 183 75 141.05 -1 0 505368805
A 183 182 140.17 5 0 813795010
A 184 182 10.20 -1 0 687602274
A 184 141 63.39 -1 0 687602274
A 184 178 16.27 76 0 691347762
A 185 93 6.53 62 0 398207625
A 185 186 39.01 10 0 813795011
A 185 139 29.78 83 0 398207625
A 186 187 27.69 77 0 505368804
A 186 185 39.01 62 0 813795011
A 186 139 37.34 10 0 505368804
A 187 140 12.32 77 0 505368804
A 187 186 27.69 62 0 505368804
A 187 128 31.46 45 0 687602272
A 188 95 25.43 41 0 687602273
A 188 195 21.59 -1 0 498850370
A 188 124 88.77 64 0 687602273
A 189 128 27.40 67 0 398196739
A 189 140 30.69 45 0 398207623
A 189 129 96.77 46 0 398196739
A 190 0 574.31 -1 0 813802890
A 191 95 29.61 78 0 813802891
A 191 195 27.34 41 0 813802893
A 191 193 56.42 -1 0 813802893
A 192 194 43.27 -1 0 398211422
A 192 0 462.32 -1 0 398211422
A 192 193 44.55 13 0 813802892
A 193 194 17.63 13 0 813802893
A 193 192 44.55 -1 0 813802892
A 193 191 56.42 78 0 813802893
A 194 192 43.27 13 0 398211422
A 194 202 25.53 -1 0 398211422
A 194 193 17.63 78 0 813802893
A 195 191 27.34 -1 0 813802893
A 195 134 568.98 -1 0 [498850370, 498850371]
A 195 188 21.59 41 0 498850370
A 196 96 6.87 9 0 498850369
A 196 133 101.53 -1 0 498850369
A 196 215 350.34 -1 0 813814522
A 197 198 46.58 -1 0 398211421
A 197 198 54.05 -1 0 813802894
A 198 199 44.47 -1 0 [398211421, 813808327]
A 199 203 7.88 -1 0 390938937
A 199 200 17.74 -1 0 813808327
A 200 107 39.99 -1 0 398726237
A 200 203 12.37 81 0 813808328
A 201 96 4.39 -1 0 448972770
A 201 95 89.52 -1 0 448972770
A 201 202 22.80 78 0 813808329
A 202 194 25.53 78 0 398211422
A 202 96 23.75 -1 0 813808330
A 203 199 7.88 -1 0 390938937
A 203 37 33.20 81 0 390938937
A 203 1 75.38 49 3 [813808328, 398211423]
A 204 206 85.50 -1 0 813814518
A 205 206 213.94 14 0 813814518
A 205 210 374.96 -1 0 813814520
A 206 204 85.50 -1 0 813814518
A 206 205 213.94 -1 0 813814518
A 206 209 99.15 14 0 813814519
A 207 70 67.06 40 0 398196733
A 207 68 7.76 -1 0 398196733
A 207 208 159.27 65 0 813814520
A 208 117 45.47 65 0 448958592
A 208 209 190.36 -1 0 813814520
A 209 213 7.76 -1 0 813814519
A 209 206 99.15 -1 0 813814519
A 209 205 144.76 14 0 813814520
A 210 121 249.78 -1 0 398207625
A 210 211 100.74 47 1 813814520
A 211 64 5.37 -1 0 390938932
A 211 214 10.57 59 0 813814520
A 211 169 250.43 47 1 390938932
A 212 67 7.09 -1 0 390938940
A 212 207 55.17 40 0 813814520
A 212 71 62.07 75 0 390938940
A 213 209 7.76 -1 0 813814519
A 213 68 351.52 -1 0 813814521
A 214 64 10.72 -1 0 813814521
A 214 63 25.03 59 0 813814517
A 215 196 350.34 -1 0 813814522
A 216 212 11.62 75 0 813817634
A 216 77 121.60 -1 0 398196741
A 217 218 88.27 -1 0 813817636
A 218 146 18.59 -1 0 691347756
A 218 217 88.27 -1 0 813817636
A 218 144 103.43 -1 0 691347756
A 219 111 666.77 87 0 527625476
A 219 227 174.87 -1 0 [527625476, 398412556, 385267623]
A 219 225 229.76 -1 0 813858502
A 220 233 85.92 48 0 813775522
A 220 221 95.95 -1 0 813775522
A 220 234 53.28 68 0 944294290
A 221 231 32.94 79 0 944294289
A 221 220 95.95 68 0 813775522
A 221 222 311.51 -1 0 813775522
A 222 221 311.51 79 0 813775522
A 222 236 20.75 -1 0 813845752
A 222 239 363.01 -1 0 944294288
A 223 236 113.92 79 0 813845752
A 223 110 165.89 -1 0 813845752
A 223 230 210.35 87 0 944294289
A 224 3 346.18 -1 0 813845753
A 225 219 229.76 -1 0 813858502
A 226 227 75.54 -1 0 813858503
A 227 19 78.98 -1 0 385267623
A 227 219 174.87 87 0 [398412556, 527625476, 385267623]
A 227 226 75.54 -1 0 813858503
A 228 229 66.88 -1 0 944294288
A 229 239 431.85 -1 0 944294288
A 229 228 66.88 -1 0 944294288
A 229 251 208.86 -1 0 944383301
A 230 231 9.20 15 0 944294289
A 230 223 210.35 79 0 944294289
A 230 235 94.08 87 0 944294293
A 231 221 32.94 68 0 944294289
A 231 230 9.20 79 0 944294289
A 231 235 86.42 15 0 944294292
A 232 234 12.94 48 0 944294290
A 232 156 227.83 87 0 944294290
A 232 233 98.85 11 0 944294291
A 233 156 249.64 11 0 813775522
A 233 220 85.92 -1 0 813775522
A 233 232 98.85 48 0 944294291
A 234 232 12.94 87 0 944294290
A 234 220 53.28 48 0 944294290
A 234 235 53.46 68 0 944294292
A 235 231 86.42 68 0 944294292
A 235 234 53.46 87 0 944294292
A 235 230 94.08 15 0 944294293
A 236 222 20.75 79 0 813845752
A 236 223 113.92 -1 0 813845752
A 236 237 50.55 -1 0 944294294
A 237 236 50.55 -1 0 944294294
A 238 239 1081.68 -1 0 944294295
A 239 222 363.01 -1 0 944294288
A 239 229 431.85 -1 0 944294288
A 239 238 1081.68 -1 0 944294295
A 239 240 146.97 -1 0 944294297
A 240 239 146.97 -1 0 944294297
A 241 242 506.85 -1 0 944383286
A 242 243 181.76 -1 0 944383286
A 242 243 205.22 -1 0 944383287
A 242 241 506.85 -1 0 944383286
A 243 244 30.96 -1 0 944383288
A 243 242 181.76 -1 0 944383286
A 243 242 205.22 -1 0 944383287
A 244 243 30.96 -1 0 944383288
A 244 245 301.98 -1 0 944383289
A 244 246 103.66 -1 0 944383290
A 245 244 301.98 -1 0 944383289
A 245 247 610.23 -1 0 944383291
A 245 250 1164.83 -1 0 944383298
A 246 244 103.66 -1 0 944383290
A 247 245 610.23 -1 0 944383291
A 248 249 345.37 -1 0 944383298
A 248 251 367.33 -1 0 944383299
A 249 250 132.65 -1 0 944383298
A 249 250 161.84 -1 0 944383300
A 249 248 345.37 -1 0 944383298
A 250 245 1164.83 -1 0 944383298
A 250 249 132.65 -1 0 944383298
A 250 249 161.84 -1 0 944383300
A 251 248 367.33 -1 0 944383299
A 251 229 208.86 -1 0 944383301
A 251 252 183.19 -1 0 944383302
A 252 251 183.19 -1 0 944383302
