425 1120 126
N 0 -5.4937155 -38.2623634 30,114
N 1 -5.4966738 -38.2624868 76,114
N 2 -5.5102246 -38.2637883 -1
N 3 -5.5160187 -38.2686384 77
N 4 -5.5189381 -38.2707433 0,78,101,120
N 5 -5.5313231 -38.2723331 -1
N 6 -5.5178595 -38.2739358 31,79
N 7 -5.5179663 -38.273351 32,79
N 8 -5.5182116 -38.2726616 32,80,102
N 9 -5.5184027 -38.2721458 33,81,102
N 10 -5.5187376 -38.2712225 33,78,81,120
N 11 -5.5161426 -38.2701907 -1
N 12 -5.5203442 -38.2718186 34,35,78,121
N 13 -5.5209225 -38.2720443 34,36,121
N 14 -5.5216573 -38.2722983 36,37,115,121
N 15 -5.5232496 -38.2728676 -1
N 16 -5.5206241 -38.275521 -1
N 17 -5.5207496 -38.2749577 38,125
N 18 -5.5208417 -38.2745661 38,39,40,125
N 19 -5.5213276 -38.2731311 36,37,41,42
N 20 -5.5218281 -38.271845 43,82,115,121
N 21 -5.5216519 -38.2751072 38,125
N 22 -5.5216833 -38.2747123 38,40
N 23 -5.521696 -38.2738768 40,42
N 24 -5.521696 -38.2732451 37,42
N 25 -5.5198308 -38.2743666 1,122,125
N 26 -5.5201682 -38.2744267 39,122,125
N 27 -5.5221514 -38.2747479 -1
N 28 -5.5203882 -38.2736629 39,41,122
N 29 -5.5206227 -38.2729123 34,36,41,122
N 30 -5.5200316 -38.2727079 34,35,102,122
N 31 -5.5195572 -38.2725356 33,35,102
N 32 -5.5173761 -38.2718269 -1
N 33 -5.516455 -38.2720496 -1
N 34 -5.5198312 -38.2732116 32,102,122
N 35 -5.520519 -38.2713584 78,101,121
N 36 -5.5172088 -38.2732573 -1
N 37 -5.5196089 -38.2736059 32,79,122
N 38 -5.5227948 -38.2753528 -1
N 39 -5.5167855 -38.2692024 77,83,116
N 40 -5.5169878 -38.2686961 2,44,77,83
N 41 -5.5173229 -38.267633 45,46
N 42 -5.5175098 -38.2670948 46,47,48
N 43 -5.5176753 -38.2665651 3,47,48
N 44 -5.517876 -38.2695934 83,84,103
N 45 -5.5180558 -38.2690367 44,49,83,84
N 46 -5.5182146 -38.2684936 44,45,49,85
N 47 -5.5183828 -38.2679746 45,46,50,85
N 48 -5.5183596 -38.2703344 0,103,120
N 49 -5.518539 -38.2674421 46,47,50,104
N 50 -5.5186912 -38.266907 47,104
N 51 -5.5192118 -38.2700868 84,86,103
N 52 -5.519448 -38.26949 49,51,84
N 53 -5.5196402 -38.26891 49,85
N 54 -5.5197959 -38.2684279 50,85
N 55 -5.5199498 -38.267925 50,104
N 56 -5.5217974 -38.270878 52,106,117
N 57 -5.5219838 -38.2714681 43,52,82,105
N 58 -5.5221378 -38.2709706 52,105,106
N 59 -5.522272 -38.268686 87,104
N 60 -5.5222667 -38.2710128 105
N 61 -5.5224362 -38.2720676 43,53,115
N 62 -5.5225813 -38.2716656 43,53,105
N 63 -5.5230585 -38.2712908 53,105
N 64 -5.5231844 -38.2723573 115
N 65 -5.5240294 -38.2696764 87
N 66 -5.5242656 -38.2694585 -1
N 67 -5.5245386 -38.2688416 -1
N 68 -5.5246321 -38.2596879 88,107
N 69 -5.525702 -38.2603578 -1
N 70 -5.5265162 -38.2515916 111
N 71 -5.525736 -38.2608533 -1
N 72 -5.5244521 -38.2608444 54,88
N 73 -5.5250632 -38.2608607 54,55,88,93
N 74 -5.5250826 -38.2603021 55,88,107
N 75 -5.5244668 -38.2611684 4,54
N 76 -5.5250572 -38.2611939 4,54,93
N 77 -5.5243858 -38.2595672 88
N 78 -5.5163564 -38.2630728 5,108
N 79 -5.5162937 -38.2609633 108
N 80 -5.525808 -38.2591685 107
N 81 -5.5247455 -38.2590649 107
N 82 -5.5190409 -38.2705213 0,86,101,103
N 83 -5.5181105 -38.272079 80,81
N 84 -5.5186361 -38.2711806 81,120
N 85 -5.5229721 -38.2727529 115
N 86 -5.5211006 -38.2737735 39,40,41,42
N 87 -5.5229889 -38.274056 -1
N 88 -5.5194681 -38.2742885 1,6,79,122
N 89 -5.519396 -38.2744534 1,6,31,125
N 90 -5.5191891 -38.2749724 31,125
N 91 -5.5195288 -38.2750874 -1
N 92 -5.5198856 -38.2716417 33,35,78
N 93 -5.5179334 -38.2725591 80
N 94 -5.5166434 -38.2668118 48,118
N 95 -5.5170159 -38.265688 3,109
N 96 -5.5160561 -38.2661292 89,90,118
N 97 -5.516016 -38.2666214 91,118
N 98 -5.5146217 -38.2657846 56,92,112
N 99 -5.5142516 -38.2665466 13
N 100 -5.5166997 -38.2674391 -1
N 101 -5.5214364 -38.2717042 57,82,121
N 102 -5.5216618 -38.2713518 52,82,117
N 103 -5.5215645 -38.2713158 57,82,117
N 104 -5.5213551 -38.2712551 57,58,117
N 105 -5.5212335 -38.2716297 57,58,121
N 106 -5.5205951 -38.2710285 86,101,117
N 107 -5.5207234 -38.2705426 51,86,106,117
N 108 -5.5167254 -38.2704135 120
N 109 -5.5168755 -38.2701723 7,120
N 110 -5.5168851 -38.2693841 7,116
N 111 -5.5174457 -38.2697502 103,116,120
N 112 -5.5175775 -38.2694873 83,103,116
N 113 -5.521158 -38.2853003 125
N 114 -5.521138 -38.2833025 125
N 115 -5.5220564 -38.2833508 -1
N 116 -5.492185 -38.262012 114
N 117 -5.4918293 -38.2619181 8
N 118 -5.516829 -38.2662995 3,48,109,118
N 119 -5.5171536 -38.2681555 2,44,45
N 120 -5.5464882 -38.2806104 -1
N 121 -5.5183871 -38.2721919 80,81,102
N 122 -5.5228507 -38.2704851 -1
N 123 -5.5253349 -38.2622306 4,93
N 124 -5.5152578 -38.2661708 59,91
N 125 -5.5171833 -38.2737942 -1
N 126 -5.5148947 -38.2506394 -1
N 127 -5.4991099 -38.2615417 9,110
N 128 -5.4922858 -38.2617673 60,114
N 129 -5.4837771 -38.2615977 -1
N 130 -5.4899771 -38.2619482 8,61
N 131 -5.4886311 -38.2619641 61,62
N 132 -5.487297 -38.2619861 62,63
N 133 -5.4859427 -38.2620245 63,64
N 134 -5.4846044 -38.2620593 64
N 135 -5.4836205 -38.2620339 -1
N 136 -5.516545 -38.2670966 -1
N 137 -5.5224262 -38.2680443 71,104
N 138 -5.5160361 -38.2663411 89,91,118
N 139 -5.5154767 -38.2661815 59,91,94
N 140 -5.5154808 -38.2656571 10,92,94
N 141 -5.5158158 -38.2662593 89,91,94
N 142 -5.5158265 -38.2656531 10,89,94,95
N 143 -5.5158398 -38.2645239 10,95
N 144 -5.5160234 -38.2656464 65,89,90,95
N 145 -5.5161015 -38.2645286 66,95
N 146 -5.4967018 -38.2626209 67,76,114
N 147 -5.4978452 -38.2623258 67,68,76
N 148 -5.498263 -38.2622078 68,69
N 149 -5.498609 -38.2620807 69,110
N 150 -5.4967739 -38.2630534 11,67
N 151 -5.4970402 -38.2641987 -1
N 152 -5.496888 -38.2634068 11
N 153 -5.497962 -38.2627523 11,67
N 154 -5.4985109 -38.2631861 -1
N 155 -5.4969174 -38.2572109 -1
N 156 -5.4978025 -38.2621817 68,76
N 157 -5.4981903 -38.2620294 68,69
N 158 -5.49851 -38.2618705 69,110
N 159 -5.496862 -38.2624365 76
N 160 -5.4968584 -38.2623856 -1
N 161 -5.4960143 -38.2625138 -1
N 162 -5.4968326 -38.2620087 -1
N 163 -5.4959539 -38.26205 -1
N 164 -5.4959325 -38.2616417 -1
N 165 -5.5208469 -38.2701376 51,106
N 166 -5.4899709 -38.2612381 -1
N 167 -5.489973 -38.2614813 8,61
N 168 -5.4899788 -38.2621437 -1
N 169 -5.4886129 -38.2612421 -1
N 170 -5.4886197 -38.2615118 61,62
N 171 -5.4886366 -38.2621832 -1
N 172 -5.4873061 -38.2621951 -1
N 173 -5.4872776 -38.2615418 62,63
N 174 -5.4872668 -38.2612935 -1
N 175 -5.4859482 -38.2622307 -1
N 176 -5.4859308 -38.2615723 63,64
N 177 -5.4859245 -38.261333 -1
N 178 -5.4846059 -38.2622346 -1
N 179 -5.4846004 -38.2616025 64
N 180 -5.484598 -38.261337 -1
N 181 -5.4942502 -38.2593935 -1
N 182 -5.493839 -38.2625873 114
N 183 -5.4929446 -38.2702652 -1
N 184 -5.4910163 -38.2836817 12
N 185 -5.4910062 -38.283923 12
N 186 -5.5157451 -38.2683923 -1
N 187 -5.5146745 -38.2679638 -1
N 188 -5.5147392 -38.2671699 13
N 189 -5.5139737 -38.2604563 -1
N 190 -5.5210606 -38.2715674 58,101,121
N 191 -5.521187 -38.2712005 58,101,117
N 192 -5.5199294 -38.268539 -1
N 193 -5.5197742 -38.2684944 85
N 194 -5.5163791 -38.2661681 14,109,118
N 195 -5.516297 -38.2654774 65,66,109
N 196 -5.5162396 -38.2637501 66
N 197 -5.5199454 -38.2735821 -1
N 198 -5.5304301 -38.245035 -1
N 199 -5.5287241 -38.251377 96,111
N 200 -5.5258742 -38.2587752 -1
N 201 -5.5252448 -38.2579746 -1
N 202 -5.5260115 -38.2582833 -1
N 203 -5.5256352 -38.2587592 -1
N 204 -5.5256307 -38.2580168 -1
N 205 -5.5242463 -38.2561487 -1
N 206 -5.5246267 -38.2551992 -1
N 207 -5.5239386 -38.2542846 -1
N 208 -5.5244725 -38.2542551 97
N 209 -5.5250719 -38.2542477 97
N 210 -5.5252875 -38.2522119 97
N 211 -5.5248069 -38.2522883 97
N 212 -5.525694 -38.2534953 97
N 213 -5.5155008 -38.261607 -1
N 214 -5.5159153 -38.2629474 -1
N 215 -5.5158342 -38.261524 -1
N 216 -5.4996787 -38.2612576 110
N 217 -5.546589 -38.2808089 15
N 218 -5.5469955 -38.2829292 15
N 219 -5.5441523 -38.2908558 -1
N 220 -5.5420079 -38.2965069 16
N 221 -5.5428215 -38.2772483 17,119
N 222 -5.5436637 -38.2780248 17,18
N 223 -5.5408499 -38.2756852 70,119
N 224 -5.5394209 -38.2751087 98
N 225 -5.5394316 -38.2752065 98
N 226 -5.5398795 -38.2753909 70
N 227 -5.540651 -38.2763236 70,99,119
N 228 -5.5431979 -38.2796931 18,119
N 229 -5.5412744 -38.2838023 -1
N 230 -5.5412544 -38.2808995 119
N 231 -5.5377964 -38.2770398 -1
N 232 -5.538831 -38.2750321 98
N 233 -5.5382416 -38.2746875 98
N 234 -5.539714 -38.2768205 99
N 235 -5.5405382 -38.2766743 99
N 236 -5.5406103 -38.2766441 99,119
N 237 -5.5396672 -38.2759622 70,99
N 238 -5.5432286 -38.2784767 17,18,119
N 239 -5.5437772 -38.2780007 19
N 240 -5.5469247 -38.2721715 -1
N 241 -5.5444192 -38.278411 19
N 242 -5.545027 -38.2792126 19
N 243 -5.5458442 -38.2832819 -1
N 244 -5.5461966 -38.2828561 15
N 245 -5.5505227 -38.2640619 -1
N 246 -5.5392374 -38.306821 -1
N 247 -5.5425598 -38.2974762 -1
N 248 -5.5418897 -38.2973729 16
N 249 -5.5406216 -38.2976827 -1
N 250 -5.5416882 -38.2969666 16
N 251 -5.5191837 -38.2805984 20,125
N 252 -5.5172401 -38.2696134 7,116,120
N 253 -5.5180795 -38.2720684 80
N 254 -5.5186925 -38.2741309 6,31,79
N 255 -5.5230723 -38.2723097 53,115
N 256 -5.5217091 -38.2723172 37,115
N 257 -5.522393 -38.2707534 -1
N 258 -5.5223403 -38.2706912 106
N 259 -5.523114 -38.2702675 -1
N 260 -5.522812 -38.2704315 -1
N 261 -5.5221898 -38.2709876 105,106
N 262 -5.5236529 -38.2700043 -1
N 263 -5.5231463 -38.2703168 -1
N 264 -5.5222954 -38.2685915 71,87,104
N 265 -5.5150963 -38.2660246 59,92
N 266 -5.5192859 -38.2701109 51,84,86
N 267 -5.5161647 -38.2684493 2,77
N 268 -5.5154792 -38.2658637 59,92,94
N 269 -5.5155073 -38.2620122 21
N 270 -5.5156974 -38.2620014 21
N 271 -5.515677 -38.2615587 -1
N 272 -5.5157414 -38.2629526 21
N 273 -5.5162123 -38.2630768 108
N 274 -5.5161188 -38.260915 108
N 275 -5.5143234 -38.2603437 -1
N 276 -5.5171547 -38.2611229 -1
N 277 -5.5163453 -38.2630968 5,108
N 278 -5.5175004 -38.2626222 5
N 279 -5.5163134 -38.2631831 108
N 280 -5.5161148 -38.2661319 14,90,118
N 281 -5.5163095 -38.2658387 14,90,109
N 282 -5.5163004 -38.2655887 65,90,109
N 283 -5.5146918 -38.2655659 56,92
N 284 -5.5160323 -38.265399 65,66,95
N 285 -5.5115561 -38.2597724 -1
N 286 -5.5143796 -38.2656731 56,112
N 287 -5.5137274 -38.2658985 22
N 288 -5.5140705 -38.2660772 22,112
N 289 -5.5139723 -38.2662023 22,112
N 290 -5.5145219 -38.2654716 56
N 291 -5.5142116 -38.2665939 13
N 292 -5.5158641 -38.2685436 -1
N 293 -5.5161415 -38.268859 -1
N 294 -5.4921703 -38.2616573 60
N 295 -5.4932323 -38.2622199 30,60,114
N 296 -5.4995245 -38.261324 9,110
N 297 -5.5164344 -38.2691313 -1
N 298 -5.516582 -38.2691896 116
N 299 -5.5142747 -38.2665144 112
N 300 -5.5141233 -38.2663761 112
N 301 -5.5165023 -38.2691125 77,116
N 302 -5.524897 -38.2632874 -1
N 303 -5.5251249 -38.2652513 23
N 304 -5.5245313 -38.2637615 23
N 305 -5.5256662 -38.2608524 55,93
N 306 -5.5257399 -38.2622873 93
N 307 -5.5253977 -38.2639724 23
N 308 -5.5245279 -38.2685854 71
N 309 -5.5242272 -38.2694291 71,87
N 310 -5.5256383 -38.2603547 55,107
N 311 -5.525465 -38.2639908 -1
N 312 -5.5241882 -38.2695162 87
N 313 -5.511137 -38.267072 -1
N 314 -5.5256833 -38.2602599 107
N 315 -5.5254283 -38.2579578 -1
N 316 -5.5254681 -38.2587543 -1
N 317 -5.5268813 -38.2505844 24,111
N 318 -5.5274566 -38.2504926 24,25,111
N 319 -5.5295161 -38.2499197 96,111
N 320 -5.5277049 -38.2502378 25,111
N 321 -5.5274693 -38.250095 24,25
N 322 -5.5261131 -38.2449518 -1
N 323 -5.5259983 -38.2466993 -1
N 324 -5.5299095 -38.2460167 96
N 325 -5.5291486 -38.2472277 72,96
N 326 -5.5293248 -38.2481329 72,96
N 327 -5.4991668 -38.2613958 9
N 328 -5.4989625 -38.2932611 -1
N 329 -5.4912519 -38.283876 12
N 330 -5.5277136 -38.2941878 26
N 331 -5.5253398 -38.2941915 26
N 332 -5.5276197 -38.2970438 26
N 333 -5.5210292 -38.2772812 125
N 334 -5.5182179 -38.2828085 73,100
N 335 -5.5187406 -38.2834703 100,113
N 336 -5.5192401 -38.2861177 113
N 337 -5.5196803 -38.2851125 113,125
N 338 -5.5323082 -38.2745728 -1
N 339 -5.5353784 -38.2682119 -1
N 340 -5.5384544 -38.2747672 98
N 341 -5.5223594 -38.2768232 -1
N 342 -5.521102 -38.2753949 -1
N 343 -5.5214378 -38.275786 125
N 344 -5.5289917 -38.2469447 72
N 345 -5.5275142 -38.2471769 72
N 346 -5.4933826 -38.2616218 30,60
N 347 -5.4938289 -38.2617187 30
N 348 -5.4944304 -38.2618323 -1
N 349 -5.5430912 -38.2653326 -1
N 350 -5.542924 -38.2649911 -1
N 351 -5.5075731 -38.2984686 123,124
N 352 -5.5068469 -38.3066439 74
N 353 -5.539734 -38.3043332 -1
N 354 -5.5426854 -38.2928737 -1
N 355 -5.5427036 -38.2917471 -1
N 356 -5.5429595 -38.2902932 27
N 357 -5.5414956 -38.2896602 27
N 358 -5.5413309 -38.2884385 27
N 359 -5.5412882 -38.2881582 -1
N 360 -5.5300316 -38.2835931 -1
N 361 -5.528953 -38.2851863 -1
N 362 -5.5302772 -38.283062 -1
N 363 -5.5287822 -38.281045 -1
N 364 -5.5317607 -38.2924769 -1
N 365 -5.5279771 -38.2931143 -1
N 366 -5.5116799 -38.2860825 -1
N 367 -5.5122673 -38.2862059 123
N 368 -5.519106 -38.2835614 28,113,125
N 369 -5.5190319 -38.2835245 28,100,113
N 370 -5.5186064 -38.2823626 20,73,125
N 371 -5.5177682 -38.2821945 20,73
N 372 -5.5185195 -38.2824403 73,100,125
N 373 -5.5186108 -38.2829145 28,100,125
N 374 -5.5194105 -38.2860631 113
N 375 -5.5192829 -38.2864878 -1
N 376 -5.5124059 -38.2792689 -1
N 377 -5.5161068 -38.2867747 123
N 378 -5.5139227 -38.2952071 123
N 379 -5.5150069 -38.306821 74
N 380 -5.5148887 -38.2868653 -1
N 381 -5.514169 -38.2953251 -1
N 382 -5.5082993 -38.2986992 74,123
N 383 -5.513881 -38.2972115 74,123
N 384 -5.5173881 -38.3073507 29
N 385 -5.5176443 -38.3073843 29,75
N 386 -5.5208588 -38.3080227 75
N 387 -5.5175536 -38.3072018 29,75
N 388 -5.5194067 -38.305351 75
N 389 -5.5169875 -38.3028402 -1
N 390 -5.5317517 -38.3043579 -1
N 391 -5.5298821 -38.3016659 -1
N 392 -5.5305611 -38.290599 -1
N 393 -5.4859007 -38.2895391 -1
N 394 -5.4860936 -38.2895624 -1
N 395 -5.4856108 -38.2894097 -1
N 396 -5.4896057 -38.2801869 -1
N 397 -5.4870209 -38.2790771 -1
N 398 -5.4986616 -38.262055 110
N 399 -5.502218 -38.2664163 124
N 400 -5.5045248 -38.2700425 124
N 401 -5.5046102 -38.2716358 124
N 402 -5.5046316 -38.2719147 124
N 403 -5.5071946 -38.2721239 124
N 404 -5.5043219 -38.2726014 -1
N 405 -5.5057102 -38.2670223 -1
N 406 -5.5077232 -38.2862431 123,124
N 407 -5.5072799 -38.2832068 124
N 408 -5.5069007 -38.2821071 124
N 409 -5.5105902 -38.2863558 123
N 410 -5.5113591 -38.2878042 -1
N 411 -5.5048504 -38.286275 124
N 412 -5.5054058 -38.2849177 124
N 413 -5.5057475 -38.2839414 124
N 414 -5.5056995 -38.283244 124
N 415 -5.5004398 -38.2763545 124
N 416 -5.5044393 -38.2792849 -1
N 417 -5.5010678 -38.2937571 124
N 418 -5.4963604 -38.2979965 -1
N 419 -5.4957036 -38.2980395 -1
N 420 -5.4975458 -38.2977712 -1
N 421 -5.4948813 -38.3044821 -1
N 422 -5.4939736 -38.3012796 -1
N 423 -5.4961842 -38.3076686 -1
N 424 -5.4966701 -38.3078617 -1
A 0 347 72.51 -1 0 490130721
A 0 295 56.03 30 0 691347898
A 0 1 335.61 114 0 691347898
A 1 146 15.17 114 0 486372306
A 1 159 21.66 76 0 691347898
A 1 0 335.61 -1 0 691347898
A 2 216 1229.82 -1 0 [691347897, 691347898, 398211422]
A 2 287 462.31 -1 0 398211422
A 2 285 574.31 -1 0 813802890
A 3 267 26.49 77 4 813795005
A 3 299 304.78 -1 0 398211423
A 4 82 27.10 101 0 527626004
A 4 10 57.53 120 0 527626004
A 4 48 78.66 0 0 411231587
A 4 35 188.60 78 2 411231587
A 5 64 932.16 -1 0 [411231588, 411231587, 499298732]
A 5 233 832.61 -1 0 499298732
A 5 338 346.18 -1 0 813845753
A 6 125 76.81 -1 0 385267627
A 6 254 95.11 31 0 527626005
A 6 90 222.00 -1 0 [385267617, 448954514]
A 6 7 65.85 79 0 527626004
A 7 37 184.81 79 0 385267635
A 7 36 84.87 -1 0 385267635
A 7 8 81.10 32 14 527626004
A 7 6 65.85 -1 0 527626004
A 8 34 190.10 32 14 385267632
A 8 93 32.95 80 0 385267632
A 8 121 55.53 102 0 527626004
A 8 7 81.10 -1 0 527626004
A 9 31 135.43 102 0 385267630
A 9 10 108.76 33 0 527626004
A 9 121 5.39 81 0 527626004
A 10 92 135.82 33 0 385267619
A 10 84 12.20 120 0 385267619
A 10 4 57.53 78 2 527626004
A 10 9 108.76 81 0 527626004
A 11 108 69.34 -1 0 385267619
A 12 13 68.99 34 0 385267619
A 12 92 54.62 78 2 385267619
A 12 35 54.52 121 3 385267634
A 12 30 104.39 35 3 385267634
A 13 14 86.41 36 0 385267619
A 13 12 68.99 121 3 385267619
A 13 29 101.69 34 0 482321455
A 14 256 6.13 37 0 385267619
A 14 13 86.41 121 3 385267619
A 14 20 53.65 115 5 385267622
A 14 19 99.20 36 0 385267622
A 15 85 33.37 -1 0 385267619
A 16 17 63.90 -1 0 385267622
A 17 18 44.53 38 1 385267622
A 17 21 101.69 125 0 385267625
A 17 16 63.90 -1 0 385267622
A 18 17 44.53 125 0 385267622
A 18 22 94.97 38 1 527626005
A 18 26 76.46 39 6 527626005
A 18 86 92.33 40 16 385267622
A 19 86 75.45 41 8 385267622
A 19 29 82.04 36 0 385267630
A 19 24 42.86 42 7 385267630
A 19 14 99.20 37 0 385267622
A 20 14 53.65 121 3 385267622
A 20 101 46.26 82 0 411231587
A 20 61 71.97 115 5 411231587
A 20 57 45.16 43 0 499298728
A 21 17 101.69 38 1 385267625
A 21 38 129.96 -1 0 385267625
A 21 22 43.86 -1 0 385267623
A 21 343 78.98 125 0 385267623
A 22 23 92.48 -1 0 385267623
A 22 27 52.20 -1 0 527626005
A 22 18 94.97 40 16 527626005
A 22 21 43.86 38 1 385267623
A 23 24 69.92 -1 0 385267623
A 23 22 92.48 40 16 385267623
A 23 86 67.19 42 7 385267638
A 23 87 145.13 -1 0 385267638
A 24 23 69.92 42 7 385267623
A 24 19 42.86 37 0 385267630
A 24 256 102.71 -1 0 385267623
A 25 26 38.10 125 0 527626005
A 25 88 41.25 122 25 527626005
A 25 89 62.78 1 3 [527626003, 385267637]
A 26 28 88.00 39 6 385267628
A 26 18 76.46 125 0 527626005
A 26 25 38.10 122 25 527626005
A 27 22 52.20 -1 0 527626005
A 28 26 88.00 122 25 385267628
A 28 197 50.04 -1 0 385267638
A 28 86 80.16 39 6 385267638
A 28 29 87.07 41 8 482321455
A 29 30 69.51 34 0 385267630
A 29 19 82.04 41 8 385267630
A 29 13 101.69 36 0 482321455
A 29 28 87.07 122 25 482321455
A 30 31 56.09 35 3 385267630
A 30 29 69.51 122 25 385267630
A 30 12 104.39 34 0 385267634
A 30 34 60.47 102 0 385267634
A 31 9 135.43 33 0 385267630
A 31 30 56.09 102 0 385267630
A 31 92 105.46 35 3 398206185
A 32 253 82.66 -1 0 448954516
A 33 93 173.79 -1 0 385267632
A 34 8 190.10 102 0 385267632
A 34 30 60.47 122 25 385267634
A 34 37 54.26 32 14 385267634
A 35 12 54.52 78 2 385267634
A 35 4 188.60 101 0 411231587
A 35 190 64.51 121 3 411231587
A 36 7 84.87 -1 0 385267635
A 37 7 184.81 32 14 385267635
A 37 34 54.26 122 25 385267634
A 37 88 80.70 79 0 385267634
A 38 21 129.96 -1 0 385267625
A 39 112 93.54 116 0 390938937
A 39 40 60.38 83 11 390938946
A 39 301 33.20 77 4 390938937
A 40 45 124.60 83 11 390938944
A 40 119 62.61 44 1 390938946
A 40 39 60.38 77 4 390938946
A 40 267 95.52 2 0 [390938944, 813795004]
A 41 47 123.77 45 15 390938942
A 41 100 72.54 -1 0 390938942
A 41 42 63.09 46 21 390938946
A 41 119 60.82 -1 0 390938946
A 42 43 61.45 47 0 390938946
A 42 41 63.09 -1 0 390938946
A 42 94 101.30 48 6 398207627
A 42 49 120.72 46 21 398207627
A 43 42 61.45 48 6 390938946
A 43 118 98.59 3 0 398207625
A 43 50 119.13 47 0 398207625
A 43 95 161.76 -1 0 [390938946, 398207623]
A 44 112 35.21 83 11 390938937
A 44 51 158.25 103 0 390938937
A 44 45 64.78 84 5 390938949
A 45 52 162.73 84 5 390938944
A 45 40 124.60 44 1 390938944
A 45 46 62.65 49 5 390938949
A 45 44 64.78 83 11 390938949
A 46 53 165.08 49 5 390938938
A 46 119 123.77 45 15 390938938
A 46 47 60.41 85 0 390938949
A 46 45 62.65 44 1 390938949
A 47 54 164.94 85 0 390938942
A 47 41 123.77 46 21 390938942
A 47 49 61.44 50 4 390938949
A 47 46 60.41 45 15 390938949
A 48 82 78.53 0 0 390938948
A 48 111 120.45 103 0 411231587
A 48 4 78.66 120 0 411231587
A 49 50 61.59 104 2 390938949
A 49 47 61.44 46 21 390938949
A 49 42 120.72 47 0 398207627
A 49 55 165.73 50 4 398207627
A 50 49 61.59 47 0 390938949
A 50 43 119.13 -1 0 398207625
A 50 137 437.28 104 2 398207625
A 51 44 158.25 84 5 390938937
A 51 266 8.66 86 4 390938937
A 51 82 51.71 103 0 527626004
A 52 45 162.73 49 5 390938944
A 52 53 67.66 -1 0 813793001
A 52 165 187.36 51 1 390938944
A 52 266 71.16 84 5 813793001
A 53 46 165.08 85 0 390938938
A 53 193 48.35 -1 0 813793001
A 53 52 67.66 49 5 813793001
A 54 47 164.94 50 4 390938942
A 54 55 58.23 -1 0 813793001
A 54 193 7.75 85 0 813793001
A 55 49 165.73 104 2 398207627
A 55 54 58.23 50 4 813793001
A 55 59 271.63 -1 0 398207627
A 56 102 54.56 117 5 390938936
A 56 107 125.06 106 0 390938937
A 56 58 39.21 52 0 390938937
A 57 102 38.05 52 0 390938948
A 57 62 69.94 43 0 390938948
A 57 58 57.66 105 2 448954513
A 57 20 45.16 82 0 499298728
A 58 56 39.21 106 0 390938937
A 58 261 6.08 105 2 390938937
A 58 57 57.66 52 0 448954513
A 59 264 10.78 87 0 499298731
A 59 55 271.63 104 2 398207627
A 59 65 236.95 -1 0 398207627
A 60 261 8.99 -1 0 390938937
A 60 63 93.27 105 2 390938937
A 60 257 32.60 -1 0 813793000
A 61 62 47.33 53 1 390938935
A 61 20 71.97 43 0 411231587
A 61 255 75.64 115 5 411231587
A 62 61 47.33 43 0 390938935
A 62 57 69.94 105 2 390938948
A 62 63 90.08 53 1 [390938948, 448954511]
A 63 60 93.27 -1 0 390938937
A 63 255 137.80 53 1 [448954512, 390938937]
A 63 62 90.08 105 2 [390938948, 448954511]
A 64 255 13.53 -1 0 411231587
A 64 85 49.75 115 5 398206425
A 64 5 932.16 -1 0 [499298732, 411231587, 411231588]
A 65 59 236.95 87 0 398207627
A 65 312 25.03 -1 0 813814517
A 65 262 55.41 -1 0 813814517
A 66 309 5.37 -1 0 390938932
A 66 67 76.18 -1 0 813814521
A 67 350 2352.55 -1 0 [787114672, 390938945]
A 67 311 546.76 -1 0 813814521
A 68 77 30.47 -1 0 505368805
A 68 81 70.13 107 0 390938940
A 68 74 88.73 88 0 390938940
A 69 310 7.09 -1 0 390938940
A 69 314 11.03 -1 0 813817635
A 70 199 255.81 -1 0 390938940
A 70 212 230.20 -1 0 390938940
A 70 317 120.46 111 0 813823413
A 71 305 7.76 -1 0 398196733
A 71 69 54.97 -1 0 813814521
A 72 75 35.90 -1 0 398196733
A 72 73 67.97 54 0 398196733
A 72 77 141.55 88 0 398196738
A 73 72 67.97 88 0 398196733
A 73 305 67.06 93 0 398196733
A 73 74 61.86 55 0 398196734
A 73 76 36.88 54 0 398196735
A 74 73 61.86 88 0 398196734
A 74 68 88.73 107 0 390938940
A 74 310 62.07 55 0 390938940
A 75 72 35.90 54 0 398196733
A 75 76 65.71 4 0 398196737
A 75 123 208.83 -1 0 [813817637, 398196733]
A 76 73 36.88 93 0 398196735
A 76 75 65.71 54 0 398196737
A 76 123 124.39 4 0 [398196736, 398196735]
A 77 72 141.55 -1 0 398196738
A 77 68 30.47 88 0 505368805
A 77 278 860.77 -1 0 505368805
A 78 277 2.93 108 0 687602274
A 78 79 233.59 -1 0 398196740
A 78 278 141.05 5 0 505368805
A 79 274 20.17 -1 0 813795009
A 79 78 233.59 108 0 398196740
A 79 276 98.08 -1 0 813795009
A 80 200 44.15 -1 0 691347755
A 80 81 118.74 -1 0 398196741
A 80 314 121.60 107 0 398196741
A 81 205 363.74 -1 0 390938940
A 81 68 70.13 -1 0 390938940
A 81 80 118.74 107 0 398196741
A 82 48 78.53 103 0 390938948
A 82 106 181.71 101 0 390938948
A 82 51 51.71 86 4 527626004
A 82 4 27.10 0 0 527626004
A 83 253 3.64 -1 0 448954516
A 83 121 33.20 80 0 448954516
A 83 84 115.34 81 0 398197990
A 84 10 12.20 81 0 385267619
A 84 108 228.80 120 0 385267619
A 84 83 115.34 -1 0 398197990
A 85 15 33.37 -1 0 385267619
A 85 256 148.49 115 5 385267619
A 85 64 49.75 -1 0 398206425
A 86 19 75.45 42 7 385267622
A 86 28 80.16 41 8 385267638
A 86 23 67.19 40 16 385267638
A 86 18 92.33 39 6 385267622
A 87 23 145.13 -1 0 385267638
A 88 89 19.93 6 0 385267634
A 88 25 41.25 1 3 527626005
A 88 254 87.99 79 0 527626005
A 88 37 80.70 122 25 385267634
A 89 88 19.93 1 3 385267634
A 89 90 61.88 31 0 385267634
A 89 25 62.78 125 0 [527626003, 385267637]
A 89 254 87.53 6 0 385267637
A 90 89 61.88 125 0 385267634
A 90 91 39.86 -1 0 448954514
A 90 6 222.00 31 0 [385267617, 448954514]
A 90 251 626.22 -1 0 813775522
A 91 90 39.86 -1 0 448954514
A 92 12 54.62 35 3 385267619
A 92 10 135.82 78 2 385267619
A 92 31 105.46 33 0 398206185
A 93 8 32.95 -1 0 385267632
A 93 33 173.79 -1 0 385267632
A 93 253 56.69 80 0 398207022
A 94 42 101.30 -1 0 398207627
A 94 118 60.34 48 6 482321454
A 94 136 33.37 -1 0 482321454
A 94 97 72.88 118 0 398207627
A 95 118 70.80 109 0 482321454
A 95 43 161.76 3 0 [390938946, 398207623]
A 95 195 83.28 -1 0 398207623
A 96 138 23.56 89 0 398196739
A 96 280 6.53 118 0 398207625
A 96 144 53.59 90 0 398196739
A 97 138 31.10 118 0 398196739
A 97 124 100.36 91 0 398207627
A 97 94 72.88 -1 0 398207627
A 98 299 89.52 112 0 448972770
A 98 283 25.43 92 0 687602273
A 98 286 29.61 56 0 813802891
A 98 265 59.26 -1 0 398207627
A 99 299 4.39 -1 0 448972770
A 99 188 87.75 13 0 398211421
A 99 291 6.87 -1 0 498850369
A 100 41 72.54 -1 0 390938942
A 101 103 45.29 82 0 398210263
A 101 105 24.02 57 0 411231587
A 101 20 46.26 121 3 411231587
A 102 56 54.56 52 0 390938936
A 102 103 11.53 117 5 390938948
A 102 57 38.05 82 0 390938948
A 103 104 24.23 117 5 390938948
A 103 102 11.53 82 0 390938948
A 103 101 45.29 57 0 398210263
A 104 191 19.64 117 5 390938948
A 104 103 24.23 57 0 390938948
A 104 105 43.61 58 0 398210457
A 105 104 43.61 57 0 398210457
A 105 190 20.43 58 0 411231587
A 105 101 24.02 121 3 411231587
A 106 82 181.71 86 4 390938948
A 106 191 68.51 101 0 390938948
A 106 107 55.64 117 5 398210483
A 107 266 166.83 51 1 390938937
A 107 56 125.06 117 5 390938937
A 107 165 46.88 106 0 398210483
A 107 106 55.64 86 4 398210483
A 108 84 228.80 -1 0 385267619
A 108 11 69.34 -1 0 385267619
A 108 109 31.48 120 0 813775523
A 109 108 31.48 -1 0 813775523
A 109 252 73.96 120 0 813775524
A 109 110 114.52 7 0 398210556
A 110 298 39.99 116 0 398726237
A 110 252 46.93 7 0 398726237
A 110 109 114.52 -1 0 398210556
A 111 112 32.58 103 0 398210521
A 111 252 27.42 116 0 398726237
A 111 48 120.45 120 0 411231587
A 112 39 93.54 83 11 390938937
A 112 44 35.21 103 0 390938937
A 112 111 32.58 116 0 398210521
A 113 331 1150.98 -1 0 398412559
A 113 114 221.20 -1 0 527625476
A 113 337 165.89 125 0 813845752
A 114 115 102.26 -1 0 398412557
A 114 113 221.20 125 0 527625476
A 114 333 666.77 -1 0 527625476
A 115 114 102.26 -1 0 398412557
A 116 128 29.31 114 0 398536368
A 116 117 44.35 -1 0 398536368
A 116 182 195.08 -1 0 486372305
A 117 167 224.45 -1 0 [398536368, 482320654]
A 117 116 44.35 -1 0 398536368
A 117 130 206.00 8 0 482320655
A 118 43 98.59 48 6 398207625
A 118 95 70.80 3 0 482321454
A 118 94 60.34 118 0 482321454
A 118 194 52.13 109 0 398207625
A 119 46 123.77 44 1 390938938
A 119 41 60.82 45 15 390938946
A 119 40 62.61 2 0 390938946
A 119 267 125.67 -1 0 [390938938, 813795005]
A 120 217 24.66 -1 0 786590588
A 120 242 224.35 -1 0 499298732
A 121 83 33.20 81 0 448954516
A 121 9 5.39 102 0 527626004
A 121 8 55.53 80 0 527626004
A 122 260 7.33 -1 0 813792998
A 122 263 37.78 -1 0 813793000
A 123 306 45.47 -1 0 448958592
A 123 76 124.39 93 0 [398196736, 398196735]
A 123 75 208.83 4 0 [398196733, 813817637]
A 124 265 24.17 59 0 398207627
A 124 139 24.37 91 0 482322021
A 124 97 100.36 -1 0 398207627
A 125 6 76.81 -1 0 385267627
A 126 155 3055.53 -1 0 479272122
A 127 296 52.02 110 0 691347898
A 127 158 75.99 -1 0 691347898
A 127 327 17.74 9 0 813839032
A 128 116 29.31 -1 0 398536368
A 128 294 17.70 60 0 691347898
A 128 295 117.90 114 0 691347898
A 129 179 91.55 -1 0 482320654
A 130 131 149.68 61 0 482320655
A 130 168 21.64 -1 0 490130716
A 130 167 51.68 8 0 490130716
A 130 117 206.00 -1 0 482320655
A 131 132 148.37 62 0 482320655
A 131 130 149.68 -1 0 482320655
A 131 171 24.26 -1 0 490130717
A 131 170 50.08 61 0 490130717
A 132 133 150.65 63 0 482320655
A 132 131 148.37 -1 0 482320655
A 132 173 49.23 62 0 490130718
A 132 172 23.16 -1 0 490130718
A 133 134 148.86 64 0 482320655
A 133 132 150.65 -1 0 482320655
A 133 176 50.07 63 0 490130719
A 133 175 22.83 -1 0 490130719
A 134 135 109.44 -1 0 482320655
A 134 133 148.86 -1 0 482320655
A 134 179 50.56 64 0 490130720
A 134 178 19.40 -1 0 490130720
A 135 134 109.44 -1 0 482320655
A 136 94 33.37 -1 0 482321454
A 137 50 437.28 -1 0 398207625
A 137 308 249.78 71 36 398207625
A 137 264 62.29 104 2 499298731
A 138 96 23.56 118 0 398196739
A 138 97 31.10 91 0 398196739
A 138 141 26.12 89 0 482322020
A 139 141 38.68 91 0 482322020
A 139 268 35.17 94 0 482322021
A 139 124 24.37 59 0 482322021
A 140 268 22.87 92 0 482322021
A 140 142 38.44 94 0 482322023
A 140 143 156.53 10 0 [482322024, 482322021]
A 140 283 88.77 -1 0 687602273
A 141 139 38.68 94 0 482322020
A 141 138 26.12 91 0 482322020
A 141 142 67.11 89 0 482322022
A 142 143 124.99 95 0 482322022
A 142 141 67.11 94 0 482322022
A 142 140 38.44 10 0 482322023
A 142 144 21.91 89 0 482322023
A 143 142 124.99 10 0 482322022
A 143 145 29.10 95 0 482322024
A 143 140 156.53 -1 0 [482322024, 482322021]
A 144 284 27.40 65 0 398196739
A 144 142 21.91 95 0 482322023
A 144 282 31.46 90 0 687602272
A 144 96 53.59 89 0 398196739
A 145 143 29.10 -1 0 482322024
A 145 284 96.77 95 0 398196739
A 145 196 87.52 66 0 687602274
A 146 147 131.27 67 0 486372305
A 146 150 48.54 -1 0 486372306
A 146 1 15.17 76 0 486372306
A 146 182 322.40 114 0 486372305
A 147 148 48.26 -1 0 486372305
A 147 146 131.27 76 0 486372305
A 147 156 16.64 68 0 486372309
A 147 153 48.96 67 0 486372309
A 148 147 48.26 68 0 486372305
A 148 157 21.34 69 0 486372310
A 148 154 111.73 -1 0 486372310
A 148 149 41.00 -1 0 486372305
A 149 398 6.50 -1 0 486372305
A 149 158 25.74 110 0 486372311
A 149 148 41.00 69 0 486372305
A 150 146 48.54 67 0 486372306
A 150 153 136.25 11 0 486372308
A 150 152 41.46 -1 0 486372306
A 151 152 89.43 -1 0 486372306
A 152 151 89.43 -1 0 486372306
A 152 150 41.46 11 0 486372306
A 152 153 173.59 -1 0 [486372307, 486372309]
A 153 150 136.25 67 0 486372308
A 153 147 48.96 -1 0 486372309
A 153 152 173.59 11 0 [486372307, 486372309]
A 154 148 111.73 -1 0 486372310
A 155 327 535.43 -1 0 479272122
A 155 126 3055.53 -1 0 479272122
A 156 147 16.64 76 0 486372309
A 156 159 108.32 -1 0 691347898
A 156 157 46.32 68 0 691347898
A 157 148 21.34 68 0 486372310
A 157 156 46.32 -1 0 691347898
A 157 158 39.67 69 0 691347898
A 158 149 25.74 69 0 486372311
A 158 157 39.67 -1 0 691347898
A 158 127 75.99 110 0 691347898
A 159 160 5.65 -1 0 486372312
A 159 1 21.66 -1 0 691347898
A 159 156 108.32 76 0 691347898
A 160 162 41.81 -1 0 486372312
A 160 159 5.65 -1 0 486372312
A 160 161 94.94 -1 0 486372313
A 161 160 94.94 -1 0 486372313
A 162 160 41.81 -1 0 486372312
A 162 163 97.81 -1 0 486372314
A 162 164 140.88 -1 0 [486372312, 486372315]
A 163 162 97.81 -1 0 486372314
A 164 162 140.88 -1 0 [486372312, 486372315]
A 165 107 46.88 51 1 398210483
A 165 258 177.55 106 0 390938944
A 165 52 187.36 -1 0 390938944
A 166 167 26.92 -1 0 490130716
A 167 170 150.52 -1 0 482320654
A 167 130 51.68 61 0 490130716
A 167 166 26.92 -1 0 490130716
A 167 117 224.45 8 0 [398536368, 482320654]
A 168 130 21.64 -1 0 490130716
A 169 170 29.86 -1 0 490130717
A 170 173 149.27 -1 0 482320654
A 170 167 150.52 61 0 482320654
A 170 131 50.08 62 0 490130717
A 170 169 29.86 -1 0 490130717
A 171 131 24.26 -1 0 490130717
A 172 132 23.16 -1 0 490130718
A 173 176 149.80 -1 0 482320654
A 173 170 149.27 62 0 482320654
A 173 174 27.51 -1 0 490130718
A 173 132 49.23 63 0 490130718
A 174 173 27.51 -1 0 490130718
A 175 133 22.83 -1 0 490130719
A 176 179 147.97 -1 0 482320654
A 176 173 149.80 63 0 482320654
A 176 177 26.50 -1 0 490130719
A 176 133 50.07 64 0 490130719
A 177 176 26.50 -1 0 490130719
A 178 134 19.40 -1 0 490130720
A 179 129 91.55 -1 0 482320654
A 179 176 147.97 64 0 482320654
A 179 180 29.39 -1 0 490130720
A 179 134 50.56 -1 0 490130720
A 180 179 29.39 -1 0 490130720
A 181 347 261.96 -1 0 490130721
A 182 146 322.40 -1 0 486372305
A 182 116 195.08 114 0 486372305
A 182 183 985.68 -1 0 490130722
A 183 396 1171.56 -1 0 [490130722, 490130723, 490130724, 490130725, 490130726]
A 183 182 985.68 -1 0 490130722
A 184 329 33.89 12 0 813845749
A 184 185 26.73 -1 0 490130726
A 184 396 440.20 -1 0 490130726
A 185 329 27.81 -1 0 813845750
A 185 394 878.10 -1 0 490130726
A 185 184 26.73 12 0 490130726
A 186 292 21.34 -1 0 398211421
A 186 187 129.41 -1 0 498850368
A 187 186 129.41 -1 0 498850368
A 188 186 175.54 -1 0 398211421
A 188 291 101.53 13 0 498850369
A 189 290 568.98 -1 0 [498850370, 498850371]
A 190 105 20.43 121 3 411231587
A 190 191 42.97 58 0 499298729
A 190 35 64.51 101 0 411231587
A 191 106 68.51 117 5 390938948
A 191 104 19.64 58 0 390938948
A 191 190 42.97 101 0 499298729
A 192 193 17.95 -1 0 499298734
A 193 192 17.95 -1 0 499298734
A 193 54 7.75 -1 0 813793001
A 193 53 48.35 85 0 813793001
A 194 280 29.78 14 0 398207625
A 194 118 52.13 118 0 398207625
A 194 281 37.34 109 0 505368804
A 195 284 30.69 66 0 398207623
A 195 282 12.32 65 0 505368804
A 195 95 83.28 109 0 398207623
A 195 196 191.29 -1 0 505368804
A 196 195 191.29 66 0 505368804
A 196 279 63.39 -1 0 687602274
A 196 145 87.52 -1 0 687602274
A 197 28 50.04 -1 0 385267638
A 198 324 126.19 -1 0 687602276
A 199 324 937.76 -1 0 [813823416, 390938940]
A 199 70 255.80 111 0 390938940
A 199 319 197.02 96 0 687602276
A 200 80 44.15 -1 0 691347755
A 200 203 26.64 -1 0 691347756
A 200 202 65.09 -1 0 691347756
A 201 316 103.43 -1 0 691347756
A 202 200 65.09 -1 0 691347756
A 203 200 26.64 -1 0 691347756
A 203 316 18.59 -1 0 691347756
A 203 204 82.17 -1 0 691347757
A 204 203 82.17 -1 0 691347757
A 205 206 114.52 -1 0 390938940
A 205 206 171.94 -1 0 691347758
A 205 81 363.74 -1 0 390938940
A 206 209 122.84 -1 0 390938940
A 206 205 114.52 -1 0 390938940
A 206 205 171.94 -1 0 691347758
A 207 208 59.46 -1 0 691347759
A 208 209 66.66 -1 0 691347759
A 208 207 59.46 -1 0 691347759
A 208 211 229.97 97 0 691347760
A 209 208 66.66 97 0 691347759
A 209 212 112.25 -1 0 390938940
A 209 206 122.84 -1 0 390938940
A 210 211 55.61 -1 0 691347760
A 210 211 245.36 -1 0 691347761
A 210 212 162.25 97 0 691347761
A 211 210 55.61 97 0 691347760
A 211 210 245.36 -1 0 691347761
A 211 208 229.98 -1 0 691347760
A 212 70 230.20 -1 0 390938940
A 212 209 112.25 97 0 390938940
A 212 210 162.25 -1 0 691347761
A 213 269 44.85 -1 0 691347762
A 214 272 19.34 -1 0 691347762
A 214 215 157.80 -1 0 691347763
A 214 273 38.32 -1 0 691347762
A 215 214 157.80 -1 0 691347763
A 216 296 18.66 -1 0 691347898
A 216 2 1229.82 -1 0 [691347897, 691347898, 398211422]
A 216 398 149.28 110 0 [486372305, 813840669]
A 217 120 24.66 -1 0 786590588
A 217 218 291.06 15 0 786590588
A 217 244 431.96 -1 0 [787078032, 787078033]
A 218 219 1208.84 -1 0 786590588
A 218 217 291.06 -1 0 786590588
A 218 244 103.70 15 0 787078033
A 219 355 217.64 -1 0 786590588
A 219 218 1208.84 -1 0 786590588
A 219 356 147.61 -1 0 944294271
A 220 250 62.86 -1 0 786590588
A 220 354 425.13 -1 0 786590588
A 220 248 96.75 16 0 944294267
A 221 222 127.11 17 0 787068187
A 221 223 282.55 -1 0 787068187
A 221 238 184.80 119 0 787071707
A 222 221 127.11 -1 0 787068187
A 222 228 333.64 18 0 787068187
A 222 238 69.58 17 0 787071708
A 223 226 112.76 -1 0 787068186
A 223 227 75.97 70 0 787068186
A 223 221 282.55 119 0 787068187
A 224 225 10.89 98 0 787068186
A 224 340 113.96 -1 0 499298732
A 224 239 592.76 -1 0 499298732
A 225 224 10.89 -1 0 787068186
A 225 226 55.29 -1 0 787068186
A 225 232 71.44 98 0 787071703
A 226 237 67.49 -1 0 787071705
A 226 225 55.29 -1 0 787068186
A 226 223 112.76 70 0 787068186
A 227 237 116.48 70 0 787071706
A 227 223 75.97 119 0 787068186
A 227 236 36.66 99 0 787068186
A 228 230 307.89 119 0 787068187
A 228 222 333.64 -1 0 787068187
A 228 238 163.03 18 0 787071708
A 229 230 401.82 -1 0 787071701
A 230 236 488.24 119 0 [787068186, 787068187]
A 230 228 307.89 -1 0 787068187
A 230 229 401.82 -1 0 787071701
A 231 232 276.87 -1 0 787071702
A 232 231 276.87 -1 0 787071702
A 232 233 76.83 98 0 787071703
A 232 225 71.44 -1 0 787071703
A 233 340 25.25 98 0 499298732
A 233 5 832.61 -1 0 499298732
A 233 232 76.83 -1 0 787071703
A 234 235 93.07 -1 0 787071704
A 234 235 189.23 -1 0 787071705
A 234 237 98.83 99 0 787071705
A 235 234 93.07 99 0 787071704
A 235 234 189.23 -1 0 787071705
A 235 236 8.98 -1 0 787071705
A 236 227 36.66 119 0 787068186
A 236 230 488.24 -1 0 [787068186, 787068187]
A 236 235 8.98 99 0 787071705
A 237 226 67.49 70 0 787071705
A 237 227 116.48 99 0 787071706
A 237 234 98.83 -1 0 787071705
A 238 221 184.80 17 0 787071707
A 238 222 69.58 18 0 787071708
A 238 228 163.03 119 0 787071708
A 239 224 592.76 -1 0 499298732
A 239 242 193.15 -1 0 499298732
A 239 241 85.82 19 0 787078029
A 240 241 767.56 -1 0 787078030
A 241 239 85.82 -1 0 787078029
A 241 240 767.56 -1 0 787078030
A 241 242 113.44 19 0 787078030
A 242 239 193.15 19 0 499298732
A 242 120 224.35 -1 0 499298732
A 242 241 113.44 -1 0 787078030
A 243 244 61.42 -1 0 787078031
A 244 243 61.42 -1 0 787078031
A 244 217 431.96 15 0 [787078032, 787078033]
A 244 218 103.70 -1 0 787078033
A 245 350 895.09 -1 0 787114672
A 246 390 905.75 -1 0 398412559
A 246 353 285.42 -1 0 944294265
A 247 248 80.72 -1 0 789757555
A 248 247 80.72 -1 0 789757555
A 248 250 51.73 16 0 789757555
A 248 220 96.75 -1 0 944294267
A 249 250 144.40 -1 0 786590588
A 249 364 1252.66 -1 0 944294266
A 250 249 144.40 -1 0 786590588
A 250 220 62.86 16 0 786590588
A 250 248 51.73 -1 0 789757555
A 251 90 626.22 125 0 813775522
A 251 371 249.64 -1 0 813775522
A 251 370 227.83 20 0 944294290
A 252 110 46.93 116 0 398726237
A 252 111 27.42 120 0 398726237
A 252 109 73.96 7 0 813775524
A 253 93 56.69 -1 0 398207022
A 253 32 82.66 -1 0 448954516
A 253 83 3.64 80 0 448954516
A 254 88 87.99 6 0 527626005
A 254 6 95.11 79 0 527626005
A 254 89 87.53 31 0 385267637
A 255 64 13.53 115 5 411231587
A 255 61 75.64 53 1 411231587
A 255 63 137.80 -1 0 [448954512, 390938937]
A 256 85 148.49 -1 0 385267619
A 256 14 6.13 115 5 385267619
A 256 24 102.71 37 0 385267623
A 257 258 9.04 -1 0 390938944
A 257 122 58.95 -1 0 813793000
A 258 257 9.04 -1 0 390938944
A 258 165 177.55 -1 0 390938944
A 258 261 37.56 106 0 813792999
A 259 263 6.53 -1 0 813792997
A 259 260 38.17 -1 0 813792999
A 260 122 7.33 -1 0 813792998
A 260 258 59.85 -1 0 813792999
A 261 58 6.08 106 0 390938937
A 261 60 8.99 105 2 390938937
A 262 259 66.91 -1 0 813792999
A 262 65 55.41 -1 0 813814517
A 263 259 6.53 -1 0 813792997
A 263 262 66.31 -1 0 813793000
A 264 59 10.78 104 2 499298731
A 264 309 250.43 87 0 390938932
A 264 137 62.29 71 36 499298731
A 265 124 24.17 -1 0 398207627
A 265 98 59.26 92 0 398207627
A 265 268 48.14 59 0 813795006
A 266 51 8.66 84 5 390938937
A 266 107 166.83 86 4 390938937
A 266 52 71.16 51 1 813793001
A 267 3 26.49 -1 0 813795005
A 267 40 95.52 77 4 [390938944, 813795004]
A 267 119 125.67 2 0 [390938938, 813795005]
A 268 140 22.87 94 0 482322021
A 268 139 35.17 59 0 482322021
A 268 265 48.14 92 0 813795006
A 269 213 44.85 -1 0 691347762
A 269 270 21.17 21 0 813795007
A 269 272 124.49 -1 0 691347762
A 270 269 21.17 -1 0 813795007
A 270 271 49.05 -1 0 813795008
A 270 272 105.39 21 0 813795008
A 271 270 49.05 -1 0 813795008
A 272 214 19.34 -1 0 691347762
A 272 270 105.39 -1 0 813795008
A 272 269 124.49 21 0 691347762
A 273 279 16.27 -1 0 691347762
A 273 214 38.32 -1 0 691347762
A 273 274 254.26 108 0 813858501
A 274 79 20.17 108 0 813795009
A 274 275 210.29 -1 0 813795009
A 274 273 254.26 -1 0 813858501
A 275 274 210.29 -1 0 813795009
A 276 79 98.08 -1 0 813795009
A 277 78 2.93 5 0 687602274
A 277 279 10.20 108 0 687602274
A 277 278 140.17 -1 0 813795010
A 278 77 860.77 -1 0 505368805
A 278 78 141.05 -1 0 505368805
A 278 277 140.17 5 0 813795010
A 279 277 10.20 -1 0 687602274
A 279 196 63.39 -1 0 687602274
A 279 273 16.27 108 0 691347762
A 280 96 6.53 90 0 398207625
A 280 281 39.01 14 0 813795011
A 280 194 29.78 118 0 398207625
A 281 282 27.69 109 0 505368804
A 281 280 39.01 90 0 813795011
A 281 194 37.34 14 0 505368804
A 282 195 12.32 109 0 505368804
A 282 281 27.69 90 0 505368804
A 282 144 31.46 65 0 687602272
A 283 98 25.43 56 0 687602273
A 283 290 21.59 -1 0 498850370
A 283 140 88.77 92 0 687602273
A 284 144 27.40 95 0 398196739
A 284 195 30.69 65 0 398207623
A 284 145 96.77 66 0 398196739
A 285 2 574.31 -1 0 813802890
A 286 98 29.61 112 0 813802891
A 286 290 27.34 56 0 813802893
A 286 288 56.42 -1 0 813802893
A 287 289 43.27 -1 0 398211422
A 287 2 462.32 -1 0 398211422
A 287 288 44.55 22 0 813802892
A 288 289 17.63 22 0 813802893
A 288 287 44.55 -1 0 813802892
A 288 286 56.42 112 0 813802893
A 289 287 43.27 22 0 398211422
A 289 300 25.53 -1 0 398211422
A 289 288 17.63 112 0 813802893
A 290 286 27.34 -1 0 813802893
A 290 189 568.98 -1 0 [498850370, 498850371]
A 290 283 21.59 56 0 498850370
A 291 99 6.87 13 0 498850369
A 291 188 101.53 -1 0 498850369
A 291 313 350.34 -1 0 813814522
A 292 293 46.58 -1 0 398211421
A 292 293 54.05 -1 0 813802894
A 293 297 44.47 -1 0 [398211421, 813808327]
A 294 128 17.70 -1 0 691347898
A 294 346 356.77 60 0 813860582
A 295 128 117.90 60 0 691347898
A 295 0 56.03 114 0 691347898
A 295 346 68.60 30 0 813860582
A 296 127 52.02 9 0 691347898
A 296 216 18.66 110 0 691347898
A 296 327 41.30 -1 0 813839032
A 297 301 7.88 -1 0 390938937
A 297 298 17.74 -1 0 813808327
A 298 110 39.99 -1 0 398726237
A 298 301 12.37 116 0 813808328
A 299 99 4.39 -1 0 448972770
A 299 98 89.52 -1 0 448972770
A 299 300 22.80 112 0 813808329
A 300 289 25.53 112 0 398211422
A 300 99 23.75 -1 0 813808330
A 301 297 7.88 -1 0 390938937
A 301 39 33.20 116 0 390938937
A 301 3 75.38 77 4 [813808328, 398211423]
A 302 304 85.50 -1 0 813814518
A 303 304 213.94 23 0 813814518
A 303 308 374.96 -1 0 813814520
A 304 302 85.50 -1 0 813814518
A 304 303 213.94 -1 0 813814518
A 304 307 99.15 23 0 813814519
A 305 73 67.06 55 0 398196733
A 305 71 7.76 -1 0 398196733
A 305 306 159.27 93 0 813814520
A 306 123 45.47 93 0 448958592
A 306 307 190.36 -1 0 813814520
A 307 311 7.76 -1 0 813814519
A 307 304 99.15 -1 0 813814519
A 307 303 144.76 23 0 813814520
A 308 137 249.78 -1 0 398207625
A 308 309 100.74 71 36 813814520
A 309 66 5.37 -1 0 390938932
A 309 312 10.57 87 0 813814520
A 309 264 250.43 71 36 390938932
A 310 69 7.09 -1 0 390938940
A 310 305 55.17 55 0 813814520
A 310 74 62.07 107 0 390938940
A 311 307 7.76 -1 0 813814519
A 311 71 351.52 -1 0 813814521
A 312 66 10.72 -1 0 813814521
A 312 65 25.03 87 0 813814517
A 313 291 350.34 -1 0 813814522
A 314 310 11.62 107 0 813817634
A 314 80 121.60 -1 0 398196741
A 315 316 88.27 -1 0 813817636
A 316 203 18.59 -1 0 691347756
A 316 315 88.27 -1 0 813817636
A 316 201 103.43 -1 0 691347756
A 317 318 66.22 111 0 813823412
A 317 321 115.78 24 0 813823413
A 317 70 120.46 -1 0 813823413
A 318 321 44.03 25 0 813823411
A 318 317 66.22 24 0 813823412
A 318 320 39.70 111 0 813823412
A 319 326 203.19 96 0 687602276
A 319 199 197.02 111 0 687602276
A 319 320 205.69 -1 0 813823413
A 320 318 39.70 25 0 813823412
A 320 319 205.69 111 0 813823413
A 320 321 31.72 -1 0 813823413
A 321 318 44.03 24 0 813823411
A 321 320 31.72 25 0 813823413
A 321 317 115.78 -1 0 813823413
A 322 344 399.73 -1 0 813823414
A 323 345 176.69 -1 0 813823415
A 324 198 126.19 -1 0 687602276
A 324 325 161.24 -1 0 687602276
A 324 199 937.76 96 0 [813823416, 390938940]
A 325 324 161.24 96 0 687602276
A 325 326 102.15 72 0 687602276
A 325 344 35.91 -1 0 813823414
A 326 325 102.15 96 0 687602276
A 326 319 203.19 -1 0 687602276
A 326 345 230.72 72 0 813823415
A 327 155 535.43 -1 0 479272122
A 327 296 41.30 9 0 813839032
A 327 127 17.74 -1 0 813839032
A 328 417 246.82 -1 0 813845748
A 328 418 667.65 -1 0 [944383313, 813845749]
A 328 329 1354.40 -1 0 813845749
A 329 184 33.89 -1 0 813845749
A 329 185 27.81 12 0 813845750
A 329 328 1354.40 -1 0 813845749
A 330 365 122.37 -1 0 944294281
A 330 331 281.63 -1 0 813845751
A 330 332 435.07 26 0 813845751
A 331 332 419.41 -1 0 398412559
A 331 113 1150.98 -1 0 398412559
A 331 330 281.63 26 0 813845751
A 332 391 591.80 -1 0 398412559
A 332 331 419.41 26 0 398412559
A 332 330 435.07 -1 0 813845751
A 333 114 666.77 125 0 527625476
A 333 343 174.87 -1 0 [527625476, 398412556, 385267623]
A 333 341 229.76 -1 0 813858502
A 334 371 85.92 73 0 813775522
A 334 335 95.95 -1 0 813775522
A 334 372 53.28 100 0 944294290
A 335 369 32.94 113 0 944294289
A 335 334 95.95 100 0 813775522
A 335 336 311.51 -1 0 813775522
A 336 335 311.51 113 0 813775522
A 336 374 20.75 -1 0 813845752
A 336 377 363.01 -1 0 944294288
A 337 374 113.92 113 0 813845752
A 337 113 165.89 -1 0 813845752
A 337 368 210.35 125 0 944294289
A 338 5 346.18 -1 0 813845753
A 339 340 928.60 -1 0 813858500
A 340 233 25.25 -1 0 499298732
A 340 224 113.96 98 0 499298732
A 340 339 928.60 -1 0 813858500
A 341 333 229.76 -1 0 813858502
A 342 343 75.54 -1 0 813858503
A 343 21 78.98 -1 0 385267623
A 343 333 174.87 125 0 [398412556, 527625476, 385267623]
A 343 342 75.54 -1 0 813858503
A 344 322 399.73 -1 0 813823414
A 344 325 35.91 72 0 813823414
A 344 345 167.99 -1 0 813858504
A 345 323 176.69 -1 0 813823415
A 345 326 230.72 -1 0 813823415
A 345 344 167.99 72 0 813858504
A 346 347 50.77 30 0 813860581
A 346 294 356.77 -1 0 813860582
A 346 295 68.60 60 0 813860582
A 347 346 50.77 -1 0 813860581
A 347 348 68.06 -1 0 813860583
A 347 181 261.95 -1 0 490130721
A 347 0 72.51 30 0 490130721
A 348 347 68.06 -1 0 813860583
A 349 350 42.12 -1 0 942264404
A 350 349 42.12 -1 0 942264404
A 350 67 2352.55 -1 0 [787114672, 390938945]
A 350 245 895.09 -1 0 787114672
A 351 417 916.20 124 0 [813845748, 942266310]
A 351 382 84.83 -1 0 942266320
A 351 406 1558.37 123 0 944383299
A 352 382 1078.28 74 0 [942266324, 942266309]
A 352 379 947.56 -1 0 944294304
A 353 246 285.42 -1 0 944294265
A 354 220 425.12 -1 0 786590588
A 354 355 125.47 -1 0 786590588
A 354 355 173.05 -1 0 944294270
A 355 354 125.47 -1 0 786590588
A 355 354 173.05 -1 0 944294270
A 355 219 217.64 -1 0 786590588
A 356 219 147.61 -1 0 944294271
A 356 358 306.02 -1 0 944294271
A 356 357 186.04 27 0 944294272
A 357 361 1617.13 -1 0 944294272
A 357 356 186.04 -1 0 944294272
A 357 358 136.48 27 0 944294273
A 358 359 31.38 -1 0 944294273
A 358 356 306.02 27 0 944294271
A 358 357 136.48 -1 0 944294273
A 359 358 31.38 -1 0 944294273
A 360 361 216.86 -1 0 944294274
A 360 362 65.09 -1 0 944294275
A 360 362 213.27 -1 0 944294279
A 361 357 1617.13 -1 0 944294272
A 361 392 1095.87 -1 0 [944294280, 944294274]
A 361 360 216.86 -1 0 944294274
A 362 360 65.09 -1 0 944294275
A 362 360 213.27 -1 0 944294279
A 362 363 290.90 -1 0 944294276
A 363 362 290.90 -1 0 944294276
A 364 249 1252.66 -1 0 944294266
A 365 330 122.37 -1 0 944294281
A 366 367 66.88 -1 0 944294288
A 367 377 431.85 123 0 944294288
A 367 366 66.88 -1 0 944294288
A 367 409 208.86 -1 0 944383301
A 368 369 9.20 28 0 944294289
A 368 337 210.35 113 0 944294289
A 368 373 94.08 125 0 944294293
A 369 335 32.94 100 0 944294289
A 369 368 9.20 113 0 944294289
A 369 373 86.42 28 0 944294292
A 370 372 12.94 73 0 944294290
A 370 251 227.83 125 0 944294290
A 370 371 98.85 20 0 944294291
A 371 251 249.64 20 0 813775522
A 371 334 85.92 -1 0 813775522
A 371 370 98.85 73 0 944294291
A 372 370 12.94 125 0 944294290
A 372 334 53.28 73 0 944294290
A 372 373 53.46 100 0 944294292
A 373 369 86.42 100 0 944294292
A 373 372 53.46 125 0 944294292
A 373 368 94.08 28 0 944294293
A 374 336 20.75 113 0 813845752
A 374 337 113.92 -1 0 813845752
A 374 375 50.55 -1 0 944294294
A 375 374 50.55 -1 0 944294294
A 376 377 1081.68 -1 0 944294295
A 377 336 363.01 -1 0 944294288
A 377 367 431.85 -1 0 944294288
A 377 376 1081.68 -1 0 944294295
A 377 378 1083.18 123 0 944294296
A 377 380 146.97 -1 0 944294297
A 378 381 30.34 -1 0 944294300
A 378 383 232.91 123 0 944294296
A 378 377 1083.18 -1 0 944294296
A 379 383 1207.52 -1 0 944294296
A 379 384 287.97 -1 0 944294304
A 379 352 947.57 74 0 944294304
A 380 377 146.97 -1 0 944294297
A 381 378 30.34 -1 0 944294300
A 382 352 1078.28 -1 0 [942266324, 942266309]
A 382 351 84.83 123 0 942266320
A 382 383 665.03 74 0 944294301
A 383 379 1207.52 74 0 944294296
A 383 378 232.91 -1 0 944294296
A 383 382 665.03 123 0 944294301
A 384 385 28.73 -1 0 944294304
A 384 387 24.70 29 0 944294306
A 384 379 287.97 -1 0 944294304
A 385 384 28.73 29 0 944294304
A 385 386 365.91 -1 0 944294304
A 385 387 23.14 75 0 944294305
A 386 385 365.91 75 0 944294304
A 386 388 359.58 -1 0 944294309
A 387 384 24.70 -1 0 944294306
A 387 385 23.14 29 0 944294305
A 387 388 320.75 75 0 944294306
A 388 389 504.72 -1 0 944294306
A 388 387 320.75 -1 0 944294306
A 388 386 359.58 75 0 944294309
A 389 388 504.72 -1 0 944294306
A 390 246 905.75 -1 0 398412559
A 390 391 364.91 -1 0 398412559
A 391 390 364.91 -1 0 398412559
A 391 332 591.79 -1 0 398412559
A 392 361 1095.87 -1 0 [944294280, 944294274]
A 393 394 21.60 -1 0 944383279
A 393 395 36.80 -1 0 944383282
A 394 393 21.60 -1 0 944383279
A 394 185 878.10 -1 0 490130726
A 395 393 36.80 -1 0 944383282
A 396 184 440.20 -1 0 490130726
A 396 183 1171.57 -1 0 [490130722, 490130723, 490130724, 490130725, 490130726]
A 396 397 321.27 -1 0 944383283
A 397 396 321.27 -1 0 944383283
A 398 149 6.50 110 0 486372305
A 398 216 149.28 -1 0 [486372305, 813840669]
A 398 399 670.19 -1 0 [944383284, 944383285]
A 399 398 670.19 -1 0 [944383284, 944383285]
A 399 415 1345.61 -1 0 [944383305, 944383285]
A 399 400 506.85 124 0 944383286
A 400 401 181.76 124 0 944383286
A 400 401 205.22 -1 0 944383287
A 400 399 506.85 -1 0 944383286
A 401 402 30.96 124 0 944383288
A 401 400 181.76 -1 0 944383286
A 401 400 205.22 -1 0 944383287
A 402 401 30.96 -1 0 944383288
A 402 403 301.98 124 0 944383289
A 402 404 103.66 -1 0 944383290
A 403 402 301.98 -1 0 944383289
A 403 405 610.23 -1 0 944383291
A 403 408 1164.83 124 0 944383298
A 404 402 103.66 -1 0 944383290
A 405 403 610.23 -1 0 944383291
A 406 407 345.37 -1 0 944383298
A 406 351 1558.37 124 0 944383299
A 406 409 367.33 123 0 944383299
A 407 408 132.65 -1 0 944383298
A 407 408 161.84 -1 0 944383300
A 407 406 345.37 124 0 944383298
A 408 403 1164.83 -1 0 944383298
A 408 407 132.65 124 0 944383298
A 408 407 161.84 -1 0 944383300
A 409 406 367.33 -1 0 944383299
A 409 367 208.86 123 0 944383301
A 409 410 183.19 -1 0 944383302
A 410 409 183.19 -1 0 944383302
A 411 412 178.57 124 0 944383307
A 411 412 169.80 -1 0 944383308
A 411 417 1301.28 -1 0 944383308
A 412 411 178.57 -1 0 944383307
A 412 411 169.80 -1 0 944383308
A 412 413 117.82 124 0 944383308
A 413 414 77.99 124 0 944383306
A 413 414 95.00 -1 0 944383308
A 413 412 117.82 -1 0 944383308
A 414 413 77.99 -1 0 944383306
A 414 413 95.00 -1 0 944383308
A 414 415 1108.10 124 0 944383308
A 415 399 1345.61 124 0 [944383305, 944383285]
A 415 416 616.12 -1 0 944383308
A 415 414 1108.10 -1 0 944383308
A 416 415 616.12 -1 0 944383308
A 417 328 246.82 -1 0 813845748
A 417 351 916.20 -1 0 [813845748, 942266310]
A 417 411 1301.28 124 0 944383308
A 418 328 667.65 -1 0 [944383313, 813845749]
A 418 419 75.18 -1 0 944383316
A 418 420 134.43 -1 0 944383317
A 418 421 1492.20 -1 0 944383318
A 419 418 75.18 -1 0 944383316
A 420 418 134.43 -1 0 944383317
A 421 418 1492.20 -1 0 944383318
A 421 422 372.35 -1 0 944383319
A 421 423 398.69 -1 0 944383320
A 422 421 372.35 -1 0 944383319
A 423 424 58.55 -1 0 944383320
A 423 421 398.69 -1 0 944383320
A 424 423 58.55 -1 0 944383320
