100
P 0 0.010
B 0 0 1
B 0 1 1
B 0 2 2
B 0 5 5
B 0 6 3
B 0 8 3
B 0 15 1
B 0 16 1
B 0 17 2
B 0 18 1
B 0 21 1
B 0 22 3
B 0 24 3
B 0 25 1
B 0 26 1
B 0 27 1
B 0 29 1
B 0 31 1
B 0 36 1
B 0 38 3
B 0 41 3
B 0 42 3
B 0 43 1
B 0 49 3
B 0 50 2
B 0 51 1
B 0 52 1
B 0 53 2
B 0 54 1
B 0 55 1
B 0 56 2
B 0 57 1
B 0 60 3
B 0 61 2
B 0 62 3
B 0 64 2
B 0 65 1
B 0 66 1
B 0 67 1
B 0 68 1
B 0 69 1
B 0 70 2
B 0 71 1
B 0 72 3
B 0 74 2
B 0 75 1
B 0 76 4
B 0 77 2
B 0 78 2
B 0 80 1
B 0 81 3
B 0 82 1
B 0 83 3
B 0 84 1
B 0 85 1
B 0 87 2
B 0 88 1
B 0 90 2
B 0 91 3
B 0 92 1
B 0 97 1
B 0 99 1
B 0 100 1
B 0 102 1
B 0 103 1
B 0 104 2
B 0 105 4
B 0 106 1
B 0 107 1
B 0 110 1
B 0 114 1
B 0 115 1
B 0 119 1
B 0 120 1
B 0 121 4
B 0 122 3
B 0 123 2
B 0 127 3
B 0 128 4
B 0 129 2
B 0 130 2
B 0 132 2
B 0 133 1
B 0 134 1
B 0 135 3
B 0 136 1
B 0 138 1
B 0 142 2
B 0 150 1
B 0 151 1
B 0 152 3
B 0 153 3
B 0 154 3
B 0 158 3
B 0 159 3
B 0 160 3
B 0 162 1
B 0 163 3
B 0 164 1
B 0 168 1
B 0 174 2
B 0 175 1
B 0 178 1
B 0 179 1
B 0 180 1
B 0 181 4
B 0 183 1
B 0 185 1
B 0 186 3
B 0 187 1
B 0 188 1
B 0 190 1
B 0 191 4
B 0 192 4
B 0 193 2
B 0 194 1
B 0 196 1
B 0 197 8
B 0 198 1
B 0 200 1
B 0 202 3
B 0 203 4
B 0 204 2
B 0 205 2
B 0 206 1
B 0 207 1
B 0 208 3
B 0 210 2
B 0 211 2
B 0 212 4
B 0 213 2
B 0 215 4
B 0 216 2
B 0 222 2
B 0 223 1
B 0 225 3
B 0 226 2
B 0 227 2
B 0 229 1
B 0 234 3
B 0 235 1
B 0 239 1
B 0 240 2
B 0 241 1
B 0 242 1
B 0 244 2
B 0 246 1
B 0 247 2
B 0 248 1
B 0 250 2
B 0 251 3
B 0 252 1
B 0 253 2
B 0 254 1
B 0 256 2
B 0 257 1
B 0 258 2
B 0 259 1
B 0 261 1
B 0 263 1
B 0 264 1
B 0 267 2
B 0 272 4
B 0 276 1
B 0 277 4
B 0 278 1
B 0 279 1
B 0 280 2
B 0 283 2
B 0 284 3
B 0 288 1
B 0 289 1
B 0 290 1
B 0 293 2
B 0 294 2
B 0 297 3
B 0 298 1
B 0 299 2
B 0 301 1
B 0 302 2
B 0 303 1
B 0 304 1
B 0 309 1
B 0 310 1
B 0 311 1
B 0 312 2
B 0 313 1
B 0 314 4
B 0 316 2
B 0 318 3
B 0 322 1
B 0 325 2
B 0 327 2
B 0 328 2
B 0 329 1
B 0 331 2
B 0 332 1
B 0 333 1
B 0 334 1
B 0 339 1
B 0 341 1
B 0 344 1
B 0 346 1
B 0 347 2
B 0 348 1
B 0 353 1
B 0 355 1
B 0 356 1
B 0 358 1
B 0 359 3
B 0 360 1
B 0 361 2
B 0 363 1
B 0 364 1
B 0 370 2
B 0 371 1
B 0 372 1
B 0 373 2
B 0 374 1
B 0 377 1
B 0 378 2
B 0 379 1
B 0 382 1
B 0 383 2
B 0 384 1
B 0 385 3
B 0 387 1
B 0 388 2
B 0 389 1
B 0 393 1
B 0 394 1
B 0 400 2
B 0 403 1
B 0 404 1
B 0 405 2
B 0 409 1
B 0 410 2
B 0 414 1
B 0 416 2
B 0 419 1
B 0 420 1
B 0 423 1
B 0 424 2
B 0 426 1
B 0 428 1
B 0 429 3
B 0 430 1
B 0 433 1
B 0 434 2
B 0 437 1
B 0 438 4
B 0 440 2
B 0 442 2
B 0 445 1
B 0 448 1
B 0 449 1
B 0 450 2
B 0 453 1
B 0 454 1
B 0 455 2
B 0 457 2
B 0 458 1
B 0 460 1
B 0 461 1
B 0 464 1
B 0 473 1
B 0 474 2
B 0 477 3
B 0 482 1
B 0 483 4
B 0 484 3
B 0 487 2
B 0 493 2
B 0 495 3
B 0 497 1
B 0 500 3
B 0 502 1
B 0 503 1
B 0 504 2
B 0 508 1
B 0 512 2
B 0 515 1
B 0 516 1
B 0 519 1
B 0 520 1
B 0 526 1
B 0 528 1
B 0 529 1
B 0 530 1
B 0 532 1
B 0 538 1
B 0 539 1
B 0 540 1
B 0 541 2
B 0 545 1
P 1 0.010
B 1 10 1
B 1 21 2
B 1 24 1
B 1 26 1
B 1 27 1
B 1 42 2
B 1 43 1
B 1 44 1
B 1 55 1
B 1 57 1
B 1 60 1
B 1 67 1
B 1 71 1
B 1 72 2
B 1 74 1
B 1 79 1
B 1 85 3
B 1 103 1
B 1 104 1
B 1 105 1
B 1 128 1
B 1 132 1
B 1 133 2
B 1 137 1
B 1 139 1
B 1 152 1
B 1 153 1
B 1 179 1
B 1 181 2
B 1 185 1
B 1 186 2
B 1 192 1
B 1 195 1
B 1 197 1
B 1 198 1
B 1 214 1
B 1 216 1
B 1 219 2
B 1 223 1
B 1 224 1
B 1 230 1
B 1 234 1
B 1 235 1
B 1 241 2
B 1 250 1
B 1 255 1
B 1 256 1
B 1 278 1
B 1 287 1
B 1 303 2
B 1 304 2
B 1 306 2
B 1 311 1
B 1 317 1
B 1 318 1
B 1 327 1
B 1 332 1
B 1 333 1
B 1 337 1
B 1 341 1
B 1 353 1
B 1 354 2
B 1 356 1
B 1 378 1
B 1 380 1
B 1 383 1
B 1 416 1
B 1 434 1
B 1 440 1
B 1 450 1
B 1 451 2
B 1 454 1
B 1 470 1
B 1 472 1
B 1 474 1
B 1 494 1
B 1 500 1
B 1 501 1
B 1 502 1
B 1 506 1
B 1 512 1
B 1 515 1
B 1 521 1
B 1 526 1
B 1 541 1
B 1 545 1
B 1 547 1
P 2 0.010
B 2 1 1
B 2 3 1
B 2 8 1
B 2 24 1
B 2 25 1
B 2 33 1
B 2 35 1
B 2 37 1
B 2 38 2
B 2 42 2
B 2 55 1
B 2 74 1
B 2 76 3
B 2 89 1
B 2 92 1
B 2 110 1
B 2 119 2
B 2 124 1
B 2 125 1
B 2 126 1
B 2 127 1
B 2 129 1
B 2 131 1
B 2 134 1
B 2 142 1
B 2 149 1
B 2 153 3
B 2 154 1
B 2 156 1
B 2 159 1
B 2 163 2
B 2 165 1
B 2 178 1
B 2 186 1
B 2 190 1
B 2 192 1
B 2 193 1
B 2 194 1
B 2 197 1
B 2 205 2
B 2 212 1
B 2 213 1
B 2 217 1
B 2 218 1
B 2 224 1
B 2 234 1
B 2 237 1
B 2 245 1
B 2 247 1
B 2 248 1
B 2 251 1
B 2 259 1
B 2 272 2
B 2 275 1
B 2 279 1
B 2 286 1
B 2 288 1
B 2 292 1
B 2 294 1
B 2 299 1
B 2 301 1
B 2 313 1
B 2 315 1
B 2 323 1
B 2 324 1
B 2 331 1
B 2 344 1
B 2 349 1
B 2 360 1
B 2 371 1
B 2 374 1
B 2 384 1
B 2 400 1
B 2 416 1
B 2 427 1
B 2 431 1
B 2 438 1
B 2 440 1
B 2 442 1
B 2 448 1
B 2 450 2
B 2 458 1
B 2 465 1
B 2 467 1
B 2 470 1
B 2 474 1
B 2 477 1
B 2 482 1
B 2 498 1
B 2 501 1
B 2 502 1
B 2 503 1
B 2 523 1
B 2 540 1
B 2 542 1
P 3 0.010
B 3 1 1
B 3 7 3
B 3 18 1
B 3 21 1
B 3 41 1
B 3 45 1
B 3 53 1
B 3 54 1
B 3 55 1
B 3 57 1
B 3 65 1
B 3 72 2
B 3 78 1
B 3 83 1
B 3 84 1
B 3 90 1
B 3 97 1
B 3 99 1
B 3 101 1
B 3 119 2
B 3 123 2
B 3 127 2
B 3 128 1
B 3 130 1
B 3 131 1
B 3 134 1
B 3 137 1
B 3 140 1
B 3 159 2
B 3 161 1
B 3 162 1
B 3 163 1
B 3 174 1
B 3 178 1
B 3 181 2
B 3 183 1
B 3 190 1
B 3 194 1
B 3 196 2
B 3 199 1
B 3 219 1
B 3 234 1
B 3 236 1
B 3 237 1
B 3 239 1
B 3 247 1
B 3 248 1
B 3 249 1
B 3 253 2
B 3 261 1
B 3 262 1
B 3 276 1
B 3 280 1
B 3 294 1
B 3 296 1
B 3 297 1
B 3 298 1
B 3 301 1
B 3 307 1
B 3 315 1
B 3 332 1
B 3 333 1
B 3 339 1
B 3 341 1
B 3 349 1
B 3 354 2
B 3 362 1
B 3 371 1
B 3 376 1
B 3 389 2
B 3 400 1
B 3 420 1
B 3 429 1
B 3 434 2
B 3 438 1
B 3 449 1
B 3 450 1
B 3 452 1
B 3 455 1
B 3 457 1
B 3 461 1
B 3 466 1
B 3 472 1
B 3 482 2
B 3 495 1
B 3 518 1
B 3 545 1
P 4 0.010
B 4 7 1
B 4 21 1
B 4 25 1
B 4 38 1
B 4 40 1
B 4 43 1
B 4 47 1
B 4 50 1
B 4 52 1
B 4 71 1
B 4 75 1
B 4 85 1
B 4 87 1
B 4 90 1
B 4 123 1
B 4 125 1
B 4 127 2
B 4 128 1
B 4 137 1
B 4 140 1
B 4 150 1
B 4 152 1
B 4 159 1
B 4 160 1
B 4 179 1
B 4 181 1
B 4 186 1
B 4 193 1
B 4 199 2
B 4 203 1
B 4 204 1
B 4 205 1
B 4 208 1
B 4 233 1
B 4 234 1
B 4 236 1
B 4 237 1
B 4 243 1
B 4 250 1
B 4 258 1
B 4 262 1
B 4 272 1
B 4 277 2
B 4 280 2
B 4 284 1
B 4 287 1
B 4 302 1
B 4 304 1
B 4 311 1
B 4 315 1
B 4 318 1
B 4 319 1
B 4 326 1
B 4 332 1
B 4 337 3
B 4 349 1
B 4 375 1
B 4 385 1
B 4 388 1
B 4 395 1
B 4 398 1
B 4 403 2
B 4 405 1
B 4 406 1
B 4 413 1
B 4 418 1
B 4 447 1
B 4 449 2
B 4 464 1
B 4 470 1
B 4 471 1
B 4 480 1
B 4 483 1
B 4 496 1
B 4 507 1
B 4 517 1
B 4 523 1
P 5 0.010
B 5 1 1
B 5 5 1
B 5 6 1
B 5 34 1
B 5 38 1
B 5 39 1
B 5 41 1
B 5 42 1
B 5 43 2
B 5 49 1
B 5 53 1
B 5 61 1
B 5 62 1
B 5 71 1
B 5 73 1
B 5 82 1
B 5 83 1
B 5 84 1
B 5 89 1
B 5 90 1
B 5 97 1
B 5 123 1
B 5 129 1
B 5 130 1
B 5 133 1
B 5 134 1
B 5 137 1
B 5 140 2
B 5 158 1
B 5 164 1
B 5 177 1
B 5 179 1
B 5 188 1
B 5 190 1
B 5 191 1
B 5 195 1
B 5 196 2
B 5 199 1
B 5 202 1
B 5 205 1
B 5 212 1
B 5 215 2
B 5 216 1
B 5 221 1
B 5 239 1
B 5 241 1
B 5 244 1
B 5 251 1
B 5 253 1
B 5 254 1
B 5 255 1
B 5 259 2
B 5 262 1
B 5 265 1
B 5 277 1
B 5 280 1
B 5 283 1
B 5 286 1
B 5 298 1
B 5 300 1
B 5 312 1
B 5 313 1
B 5 314 1
B 5 318 1
B 5 325 1
B 5 326 1
B 5 330 1
B 5 331 1
B 5 332 1
B 5 341 1
B 5 359 1
B 5 360 1
B 5 361 1
B 5 374 1
B 5 385 1
B 5 388 1
B 5 392 1
B 5 400 1
B 5 421 1
B 5 424 1
B 5 426 1
B 5 440 1
B 5 472 1
B 5 481 1
B 5 497 1
B 5 504 1
B 5 512 1
B 5 525 1
P 6 0.010
B 6 5 1
B 6 17 1
B 6 21 1
B 6 24 1
B 6 42 1
B 6 43 1
B 6 49 1
B 6 50 1
B 6 54 1
B 6 61 1
B 6 62 1
B 6 67 2
B 6 70 1
B 6 73 1
B 6 74 1
B 6 78 2
B 6 81 1
B 6 82 1
B 6 83 1
B 6 91 1
B 6 99 1
B 6 101 1
B 6 103 1
B 6 116 1
B 6 122 1
B 6 125 1
B 6 126 1
B 6 130 1
B 6 136 1
B 6 137 1
B 6 153 1
B 6 156 1
B 6 158 1
B 6 159 1
B 6 163 1
B 6 177 1
B 6 179 1
B 6 190 1
B 6 191 1
B 6 197 1
B 6 202 1
B 6 203 1
B 6 211 1
B 6 212 1
B 6 223 1
B 6 226 1
B 6 227 1
B 6 235 1
B 6 246 2
B 6 250 1
B 6 251 1
B 6 253 1
B 6 254 1
B 6 278 1
B 6 297 2
B 6 298 1
B 6 300 1
B 6 342 1
B 6 356 1
B 6 380 1
B 6 396 1
B 6 417 1
B 6 424 1
B 6 427 1
B 6 432 1
B 6 434 1
B 6 435 1
B 6 438 1
B 6 447 1
B 6 453 1
B 6 455 1
B 6 457 1
B 6 470 1
B 6 482 2
B 6 483 1
B 6 495 1
B 6 498 1
B 6 514 1
B 6 516 1
P 7 0.010
B 7 10 1
B 7 21 1
B 7 28 1
B 7 29 1
B 7 38 1
B 7 41 1
B 7 45 1
B 7 46 1
B 7 50 2
B 7 53 1
B 7 55 3
B 7 57 1
B 7 61 1
B 7 62 2
B 7 72 1
B 7 74 1
B 7 76 1
B 7 84 1
B 7 99 1
B 7 113 1
B 7 119 1
B 7 121 1
B 7 133 1
B 7 152 1
B 7 153 1
B 7 158 2
B 7 161 1
B 7 170 1
B 7 175 1
B 7 182 1
B 7 183 1
B 7 200 1
B 7 203 1
B 7 207 1
B 7 209 1
B 7 212 2
B 7 219 1
B 7 222 2
B 7 228 1
B 7 234 1
B 7 237 1
B 7 241 1
B 7 250 1
B 7 253 1
B 7 265 1
B 7 272 1
B 7 278 1
B 7 279 1
B 7 291 1
B 7 294 1
B 7 299 1
B 7 310 2
B 7 311 1
B 7 325 1
B 7 341 1
B 7 350 1
B 7 370 1
B 7 373 1
B 7 375 1
B 7 387 1
B 7 408 1
B 7 414 2
B 7 416 1
B 7 420 1
B 7 438 1
B 7 442 1
B 7 466 1
B 7 497 1
B 7 502 1
B 7 541 1
P 8 0.010
B 8 18 1
B 8 21 1
B 8 24 1
B 8 26 1
B 8 27 1
B 8 37 1
B 8 39 1
B 8 41 1
B 8 45 1
B 8 46 1
B 8 49 1
B 8 52 1
B 8 60 1
B 8 63 1
B 8 69 2
B 8 76 1
B 8 79 2
B 8 81 1
B 8 86 1
B 8 93 1
B 8 102 1
B 8 113 1
B 8 114 1
B 8 119 1
B 8 122 1
B 8 130 1
B 8 131 1
B 8 133 1
B 8 135 1
B 8 138 1
B 8 147 1
B 8 153 1
B 8 156 1
B 8 158 1
B 8 179 2
B 8 189 1
B 8 190 1
B 8 191 1
B 8 192 1
B 8 195 1
B 8 203 1
B 8 207 1
B 8 228 1
B 8 232 1
B 8 234 2
B 8 247 1
B 8 249 1
B 8 253 2
B 8 255 1
B 8 258 1
B 8 262 1
B 8 278 1
B 8 279 1
B 8 280 2
B 8 283 1
B 8 290 1
B 8 294 1
B 8 299 1
B 8 300 1
B 8 306 1
B 8 308 2
B 8 311 1
B 8 321 1
B 8 322 1
B 8 327 1
B 8 341 1
B 8 370 1
B 8 374 1
B 8 377 1
B 8 389 1
B 8 416 1
B 8 417 1
B 8 429 1
B 8 434 1
B 8 449 1
B 8 451 2
B 8 455 2
B 8 472 1
B 8 473 1
B 8 474 1
B 8 476 1
B 8 500 2
B 8 501 1
B 8 507 1
B 8 521 1
P 9 0.010
B 9 17 1
B 9 26 1
B 9 27 1
B 9 28 1
B 9 42 1
B 9 49 1
B 9 56 1
B 9 60 1
B 9 61 1
B 9 64 1
B 9 66 1
B 9 75 1
B 9 77 1
B 9 79 1
B 9 84 1
B 9 85 1
B 9 97 1
B 9 100 1
B 9 114 1
B 9 122 1
B 9 126 1
B 9 128 1
B 9 148 1
B 9 153 1
B 9 158 1
B 9 160 1
B 9 174 1
B 9 178 1
B 9 181 1
B 9 183 1
B 9 192 2
B 9 195 1
B 9 196 1
B 9 197 1
B 9 198 1
B 9 204 2
B 9 207 3
B 9 211 2
B 9 215 1
B 9 218 1
B 9 226 1
B 9 237 1
B 9 243 1
B 9 251 2
B 9 258 1
B 9 262 1
B 9 272 1
B 9 280 1
B 9 289 1
B 9 293 2
B 9 294 1
B 9 297 1
B 9 298 2
B 9 321 1
B 9 323 1
B 9 332 2
B 9 341 1
B 9 355 1
B 9 362 1
B 9 363 1
B 9 383 1
B 9 405 1
B 9 416 1
B 9 420 1
B 9 437 1
B 9 470 1
B 9 477 2
B 9 479 1
B 9 483 1
B 9 485 1
B 9 493 1
B 9 497 1
B 9 501 1
B 9 512 1
B 9 518 1
B 9 530 1
P 10 0.010
B 10 8 1
B 10 9 1
B 10 17 1
B 10 22 2
B 10 27 1
B 10 32 2
B 10 45 2
B 10 50 1
B 10 53 1
B 10 56 1
B 10 64 2
B 10 69 2
B 10 77 1
B 10 86 1
B 10 90 1
B 10 93 1
B 10 108 2
B 10 112 1
B 10 115 1
B 10 123 1
B 10 129 1
B 10 131 1
B 10 133 1
B 10 137 2
B 10 138 1
B 10 148 1
B 10 152 1
B 10 191 1
B 10 195 1
B 10 198 2
B 10 208 1
B 10 218 1
B 10 234 1
B 10 248 1
B 10 249 1
B 10 262 1
B 10 274 1
B 10 278 1
B 10 306 1
B 10 310 1
B 10 312 1
B 10 321 2
B 10 325 1
B 10 327 1
B 10 331 2
B 10 333 1
B 10 338 1
B 10 344 1
B 10 347 1
B 10 358 1
B 10 377 1
B 10 383 1
B 10 403 1
B 10 410 1
B 10 426 1
B 10 444 1
B 10 449 1
B 10 450 1
B 10 451 1
B 10 455 1
B 10 460 1
B 10 471 1
B 10 472 1
B 10 473 1
B 10 512 2
P 11 0.010
B 11 5 1
B 11 9 1
B 11 11 1
B 11 24 2
B 11 28 1
B 11 41 1
B 11 44 1
B 11 46 1
B 11 48 1
B 11 52 1
B 11 54 1
B 11 67 1
B 11 73 1
B 11 76 1
B 11 79 1
B 11 97 1
B 11 99 1
B 11 100 1
B 11 103 1
B 11 121 1
B 11 122 1
B 11 124 1
B 11 127 1
B 11 133 1
B 11 135 3
B 11 137 1
B 11 138 1
B 11 144 1
B 11 153 1
B 11 154 1
B 11 162 1
B 11 178 1
B 11 192 1
B 11 193 1
B 11 194 1
B 11 195 1
B 11 197 2
B 11 201 1
B 11 210 1
B 11 219 1
B 11 220 1
B 11 222 1
B 11 224 1
B 11 233 1
B 11 234 1
B 11 241 1
B 11 242 1
B 11 243 1
B 11 246 1
B 11 258 1
B 11 259 1
B 11 270 1
B 11 272 1
B 11 279 2
B 11 280 1
B 11 282 1
B 11 292 1
B 11 305 1
B 11 308 1
B 11 311 1
B 11 325 1
B 11 356 1
B 11 359 1
B 11 360 1
B 11 370 1
B 11 380 1
B 11 391 1
B 11 392 1
B 11 398 1
B 11 401 1
B 11 405 1
B 11 408 1
B 11 411 1
B 11 434 1
B 11 440 1
B 11 461 2
B 11 464 1
B 11 497 1
B 11 500 1
B 11 502 1
B 11 510 1
B 11 513 2
B 11 518 1
B 11 521 1
B 11 523 1
B 11 525 1
B 11 536 1
P 12 0.010
B 12 16 1
B 12 17 1
B 12 22 1
B 12 44 1
B 12 46 1
B 12 54 1
B 12 61 1
B 12 75 1
B 12 87 1
B 12 92 2
B 12 102 1
B 12 117 1
B 12 128 1
B 12 129 1
B 12 130 1
B 12 132 1
B 12 133 2
B 12 153 1
B 12 156 1
B 12 158 1
B 12 161 1
B 12 162 1
B 12 163 1
B 12 176 1
B 12 186 1
B 12 190 1
B 12 191 1
B 12 194 1
B 12 195 1
B 12 198 1
B 12 199 1
B 12 205 1
B 12 207 1
B 12 210 1
B 12 217 1
B 12 219 1
B 12 220 1
B 12 233 1
B 12 237 1
B 12 244 1
B 12 246 1
B 12 248 1
B 12 252 1
B 12 253 1
B 12 254 1
B 12 255 1
B 12 259 2
B 12 266 1
B 12 279 1
B 12 283 1
B 12 294 3
B 12 298 1
B 12 308 1
B 12 309 1
B 12 312 2
B 12 314 1
B 12 323 1
B 12 332 1
B 12 344 1
B 12 345 1
B 12 359 1
B 12 361 1
B 12 378 1
B 12 380 1
B 12 381 1
B 12 382 1
B 12 389 1
B 12 391 1
B 12 400 1
B 12 403 1
B 12 435 1
B 12 438 2
B 12 452 1
B 12 454 1
B 12 458 1
B 12 500 1
B 12 501 1
B 12 507 1
B 12 508 1
B 12 521 1
B 12 523 1
P 13 0.010
B 13 5 1
B 13 23 1
B 13 24 1
B 13 29 2
B 13 34 1
B 13 35 1
B 13 37 1
B 13 38 2
B 13 48 1
B 13 52 1
B 13 57 1
B 13 61 1
B 13 69 1
B 13 75 1
B 13 76 1
B 13 78 1
B 13 81 3
B 13 98 1
B 13 99 1
B 13 101 1
B 13 109 1
B 13 110 1
B 13 114 1
B 13 136 1
B 13 137 1
B 13 138 1
B 13 139 1
B 13 140 1
B 13 148 1
B 13 159 1
B 13 160 2
B 13 162 1
B 13 163 1
B 13 177 1
B 13 179 1
B 13 183 2
B 13 184 2
B 13 197 1
B 13 207 1
B 13 211 1
B 13 216 1
B 13 237 1
B 13 247 1
B 13 248 2
B 13 250 1
B 13 258 1
B 13 278 3
B 13 280 2
B 13 292 1
B 13 304 1
B 13 311 1
B 13 318 1
B 13 320 2
B 13 331 1
B 13 345 2
B 13 346 1
B 13 349 2
B 13 365 1
B 13 368 1
B 13 377 1
B 13 384 1
B 13 385 1
B 13 403 1
B 13 406 1
B 13 420 1
B 13 437 1
B 13 450 1
B 13 460 1
B 13 470 1
B 13 473 1
B 13 483 1
B 13 512 1
B 13 521 1
B 13 530 1
B 13 532 1
P 14 0.010
B 14 24 1
B 14 26 1
B 14 29 1
B 14 32 1
B 14 36 1
B 14 41 1
B 14 42 1
B 14 44 1
B 14 46 1
B 14 61 1
B 14 64 1
B 14 69 1
B 14 73 1
B 14 85 1
B 14 86 1
B 14 88 1
B 14 91 2
B 14 102 1
B 14 104 1
B 14 106 1
B 14 107 1
B 14 121 1
B 14 126 1
B 14 128 1
B 14 131 1
B 14 133 1
B 14 137 1
B 14 142 1
B 14 148 1
B 14 156 1
B 14 171 1
B 14 177 1
B 14 179 1
B 14 182 1
B 14 193 1
B 14 194 1
B 14 198 1
B 14 200 1
B 14 202 1
B 14 208 1
B 14 211 1
B 14 212 1
B 14 213 1
B 14 217 1
B 14 218 1
B 14 219 1
B 14 221 1
B 14 222 1
B 14 225 1
B 14 227 1
B 14 237 1
B 14 256 1
B 14 259 1
B 14 272 2
B 14 283 1
B 14 286 1
B 14 288 1
B 14 290 1
B 14 303 1
B 14 304 1
B 14 311 1
B 14 313 1
B 14 315 1
B 14 329 1
B 14 333 1
B 14 377 1
B 14 380 1
B 14 424 1
B 14 434 1
B 14 455 1
B 14 457 1
B 14 476 1
B 14 483 1
B 14 489 1
P 15 0.010
B 15 18 1
B 15 24 1
B 15 37 1
B 15 42 1
B 15 49 1
B 15 52 1
B 15 55 2
B 15 61 1
B 15 69 1
B 15 72 1
B 15 73 1
B 15 74 1
B 15 85 1
B 15 87 1
B 15 90 1
B 15 91 1
B 15 93 1
B 15 94 1
B 15 100 1
B 15 103 1
B 15 109 1
B 15 119 1
B 15 129 1
B 15 133 1
B 15 136 1
B 15 138 1
B 15 144 1
B 15 145 1
B 15 152 2
B 15 154 1
B 15 179 1
B 15 190 1
B 15 192 1
B 15 194 1
B 15 197 2
B 15 200 1
B 15 203 1
B 15 207 1
B 15 210 1
B 15 211 1
B 15 219 1
B 15 225 1
B 15 229 2
B 15 234 1
B 15 244 1
B 15 246 1
B 15 249 1
B 15 256 2
B 15 257 1
B 15 262 1
B 15 270 1
B 15 280 1
B 15 301 1
B 15 316 1
B 15 318 2
B 15 322 1
B 15 331 1
B 15 345 1
B 15 353 1
B 15 354 1
B 15 360 1
B 15 379 1
B 15 400 1
B 15 401 1
B 15 403 1
B 15 419 1
B 15 420 1
B 15 426 1
B 15 437 1
B 15 455 2
B 15 456 1
B 15 470 1
B 15 482 1
B 15 485 1
B 15 490 1
B 15 491 1
B 15 495 1
B 15 500 1
B 15 501 1
B 15 506 1
B 15 516 1
B 15 518 1
P 16 0.010
B 16 17 1
B 16 21 1
B 16 27 1
B 16 32 1
B 16 41 1
B 16 43 1
B 16 44 1
B 16 45 1
B 16 46 1
B 16 50 1
B 16 60 1
B 16 61 1
B 16 64 1
B 16 68 1
B 16 79 1
B 16 84 1
B 16 87 1
B 16 89 1
B 16 105 1
B 16 114 1
B 16 119 1
B 16 128 1
B 16 133 1
B 16 137 1
B 16 144 1
B 16 148 1
B 16 152 1
B 16 158 1
B 16 160 1
B 16 174 1
B 16 194 1
B 16 197 1
B 16 207 1
B 16 212 3
B 16 219 1
B 16 222 1
B 16 227 1
B 16 230 1
B 16 239 1
B 16 245 1
B 16 246 1
B 16 251 1
B 16 253 1
B 16 254 1
B 16 257 1
B 16 258 1
B 16 262 1
B 16 270 1
B 16 271 1
B 16 275 1
B 16 282 1
B 16 283 1
B 16 285 1
B 16 287 1
B 16 293 1
B 16 299 1
B 16 301 1
B 16 302 1
B 16 322 1
B 16 354 1
B 16 361 1
B 16 362 1
B 16 363 1
B 16 367 1
B 16 373 2
B 16 380 1
B 16 383 1
B 16 389 1
B 16 418 1
B 16 420 1
B 16 422 1
B 16 428 1
B 16 450 2
B 16 462 2
B 16 465 1
B 16 482 1
B 16 495 1
B 16 509 1
B 16 523 1
B 16 530 1
B 16 541 1
P 17 0.010
B 17 5 1
B 17 11 2
B 17 17 1
B 17 24 1
B 17 26 1
B 17 55 1
B 17 60 1
B 17 73 1
B 17 85 2
B 17 87 1
B 17 100 1
B 17 109 1
B 17 119 1
B 17 128 1
B 17 148 1
B 17 155 1
B 17 159 1
B 17 177 1
B 17 181 1
B 17 191 1
B 17 192 1
B 17 205 1
B 17 213 1
B 17 217 1
B 17 222 1
B 17 229 1
B 17 234 1
B 17 243 2
B 17 244 1
B 17 252 1
B 17 258 1
B 17 264 2
B 17 269 1
B 17 272 1
B 17 274 1
B 17 277 1
B 17 278 1
B 17 279 1
B 17 285 1
B 17 288 1
B 17 293 1
B 17 296 1
B 17 297 1
B 17 305 1
B 17 321 1
B 17 325 1
B 17 327 1
B 17 341 1
B 17 343 1
B 17 344 2
B 17 346 1
B 17 352 1
B 17 375 1
B 17 378 1
B 17 409 1
B 17 416 1
B 17 420 1
B 17 451 1
B 17 454 1
B 17 472 1
B 17 477 1
B 17 478 1
B 17 487 1
B 17 512 1
B 17 541 1
P 18 0.010
B 18 1 1
B 18 6 1
B 18 11 1
B 18 26 1
B 18 32 1
B 18 37 1
B 18 38 1
B 18 42 1
B 18 44 1
B 18 54 1
B 18 57 1
B 18 68 1
B 18 75 1
B 18 83 2
B 18 84 1
B 18 85 1
B 18 90 1
B 18 94 1
B 18 131 1
B 18 146 1
B 18 155 1
B 18 158 1
B 18 159 1
B 18 163 1
B 18 176 1
B 18 178 1
B 18 187 1
B 18 190 1
B 18 193 1
B 18 195 1
B 18 212 2
B 18 213 1
B 18 221 2
B 18 231 2
B 18 235 1
B 18 239 1
B 18 244 1
B 18 247 1
B 18 255 1
B 18 276 1
B 18 288 2
B 18 289 1
B 18 294 1
B 18 298 1
B 18 301 1
B 18 314 1
B 18 320 1
B 18 341 1
B 18 359 1
B 18 409 1
B 18 429 1
B 18 438 4
B 18 448 1
B 18 458 1
B 18 493 1
B 18 496 1
B 18 518 1
B 18 522 1
B 18 527 1
B 18 532 1
B 18 546 1
P 19 0.010
B 19 5 2
B 19 6 1
B 19 17 2
B 19 18 1
B 19 21 1
B 19 28 1
B 19 53 1
B 19 55 1
B 19 70 1
B 19 73 2
B 19 76 3
B 19 77 1
B 19 78 1
B 19 102 1
B 19 114 1
B 19 122 1
B 19 123 1
B 19 126 1
B 19 127 1
B 19 128 1
B 19 129 1
B 19 133 1
B 19 135 1
B 19 137 2
B 19 148 1
B 19 158 1
B 19 160 1
B 19 161 1
B 19 162 1
B 19 179 1
B 19 186 1
B 19 187 1
B 19 188 2
B 19 193 1
B 19 194 1
B 19 202 1
B 19 203 1
B 19 204 1
B 19 206 1
B 19 207 1
B 19 212 2
B 19 213 1
B 19 225 1
B 19 227 1
B 19 234 1
B 19 240 1
B 19 251 1
B 19 262 2
B 19 278 1
B 19 290 1
B 19 294 1
B 19 298 1
B 19 302 1
B 19 303 1
B 19 310 1
B 19 312 1
B 19 314 1
B 19 316 1
B 19 332 1
B 19 341 1
B 19 362 1
B 19 371 1
B 19 379 3
B 19 390 1
B 19 396 1
B 19 400 1
B 19 407 1
B 19 414 1
B 19 417 1
B 19 449 1
B 19 453 1
B 19 457 1
B 19 476 1
B 19 478 1
B 19 496 1
B 19 514 1
P 20 0.010
B 20 1 1
B 20 11 1
B 20 17 1
B 20 32 1
B 20 41 1
B 20 42 1
B 20 50 1
B 20 55 1
B 20 57 1
B 20 60 1
B 20 64 1
B 20 67 1
B 20 77 1
B 20 81 1
B 20 82 2
B 20 83 1
B 20 99 1
B 20 111 1
B 20 121 1
B 20 128 1
B 20 131 1
B 20 136 1
B 20 137 1
B 20 153 1
B 20 154 2
B 20 158 1
B 20 160 2
B 20 185 1
B 20 186 2
B 20 188 1
B 20 193 1
B 20 202 1
B 20 207 2
B 20 208 1
B 20 214 1
B 20 215 1
B 20 218 1
B 20 228 1
B 20 234 1
B 20 252 1
B 20 253 1
B 20 276 1
B 20 294 1
B 20 297 1
B 20 299 2
B 20 303 1
B 20 313 1
B 20 318 1
B 20 327 1
B 20 337 1
B 20 355 2
B 20 371 2
B 20 378 1
B 20 394 1
B 20 417 1
B 20 424 1
B 20 429 1
B 20 447 1
B 20 449 1
B 20 461 2
B 20 468 1
B 20 469 2
B 20 470 1
B 20 473 1
B 20 477 1
B 20 494 1
B 20 512 2
B 20 525 1
B 20 530 1
P 21 0.010
B 21 6 1
B 21 7 1
B 21 17 1
B 21 24 1
B 21 38 1
B 21 41 1
B 21 42 4
B 21 46 1
B 21 50 1
B 21 53 1
B 21 72 1
B 21 73 1
B 21 76 1
B 21 77 2
B 21 78 1
B 21 80 1
B 21 84 1
B 21 86 1
B 21 122 1
B 21 138 1
B 21 140 1
B 21 179 1
B 21 182 1
B 21 184 1
B 21 190 1
B 21 192 1
B 21 195 1
B 21 202 2
B 21 205 2
B 21 210 1
B 21 213 2
B 21 217 1
B 21 219 1
B 21 226 1
B 21 227 1
B 21 255 1
B 21 262 1
B 21 264 1
B 21 270 1
B 21 288 1
B 21 294 1
B 21 299 1
B 21 300 1
B 21 301 2
B 21 302 1
B 21 319 1
B 21 325 1
B 21 327 1
B 21 339 1
B 21 346 1
B 21 357 1
B 21 363 1
B 21 370 1
B 21 379 1
B 21 400 1
B 21 403 1
B 21 405 1
B 21 411 1
B 21 414 1
B 21 418 1
B 21 426 1
B 21 438 2
B 21 469 1
B 21 482 1
B 21 495 1
B 21 499 1
B 21 501 1
B 21 502 1
B 21 512 1
B 21 513 1
B 21 518 1
B 21 525 1
B 21 536 1
B 21 540 1
P 22 0.010
B 22 3 1
B 22 17 1
B 22 18 1
B 22 24 2
B 22 46 1
B 22 49 1
B 22 50 1
B 22 60 1
B 22 69 1
B 22 72 1
B 22 73 2
B 22 79 1
B 22 82 1
B 22 85 1
B 22 90 1
B 22 102 1
B 22 104 1
B 22 114 1
B 22 120 1
B 22 126 1
B 22 127 1
B 22 134 1
B 22 137 1
B 22 156 1
B 22 159 2
B 22 161 2
B 22 177 1
B 22 178 1
B 22 179 1
B 22 181 1
B 22 184 1
B 22 186 1
B 22 187 1
B 22 195 1
B 22 196 1
B 22 206 1
B 22 208 2
B 22 211 1
B 22 216 1
B 22 227 1
B 22 237 2
B 22 240 1
B 22 253 1
B 22 254 1
B 22 255 1
B 22 258 1
B 22 261 1
B 22 265 1
B 22 272 1
B 22 277 1
B 22 279 1
B 22 284 1
B 22 297 1
B 22 313 1
B 22 318 1
B 22 338 1
B 22 352 1
B 22 369 1
B 22 370 1
B 22 387 1
B 22 389 1
B 22 392 1
B 22 396 1
B 22 416 1
B 22 438 1
B 22 446 1
B 22 457 1
B 22 464 1
B 22 466 1
B 22 467 1
B 22 472 2
B 22 473 1
B 22 474 1
B 22 498 1
B 22 516 1
B 22 518 1
P 23 0.010
B 23 6 1
B 23 10 1
B 23 26 1
B 23 38 1
B 23 39 1
B 23 41 1
B 23 42 1
B 23 52 1
B 23 61 1
B 23 67 1
B 23 71 1
B 23 72 1
B 23 74 1
B 23 75 1
B 23 76 1
B 23 77 1
B 23 83 1
B 23 99 1
B 23 102 1
B 23 104 1
B 23 105 1
B 23 108 1
B 23 114 1
B 23 121 1
B 23 130 1
B 23 131 1
B 23 133 1
B 23 135 1
B 23 136 1
B 23 137 2
B 23 146 1
B 23 155 1
B 23 177 1
B 23 178 1
B 23 181 1
B 23 183 1
B 23 195 1
B 23 196 1
B 23 197 1
B 23 202 1
B 23 207 1
B 23 212 2
B 23 219 1
B 23 221 2
B 23 222 1
B 23 223 1
B 23 227 1
B 23 233 1
B 23 244 1
B 23 249 2
B 23 256 1
B 23 258 1
B 23 262 2
B 23 266 1
B 23 272 2
B 23 285 1
B 23 286 1
B 23 290 1
B 23 294 1
B 23 306 1
B 23 308 1
B 23 317 1
B 23 322 1
B 23 336 1
B 23 385 1
B 23 392 1
B 23 428 1
B 23 431 1
B 23 453 2
B 23 455 1
B 23 457 1
B 23 461 1
B 23 463 1
B 23 467 1
B 23 470 1
B 23 475 1
B 23 510 1
B 23 514 1
B 23 538 1
B 23 544 1
P 24 0.010
B 24 21 1
B 24 22 1
B 24 24 1
B 24 30 1
B 24 42 2
B 24 44 1
B 24 45 1
B 24 50 1
B 24 55 1
B 24 56 1
B 24 57 1
B 24 70 1
B 24 72 1
B 24 73 1
B 24 74 1
B 24 75 2
B 24 90 2
B 24 92 1
B 24 117 1
B 24 130 1
B 24 135 1
B 24 136 1
B 24 137 1
B 24 153 2
B 24 159 1
B 24 179 1
B 24 187 1
B 24 191 2
B 24 192 1
B 24 198 1
B 24 199 1
B 24 203 1
B 24 207 1
B 24 211 2
B 24 214 1
B 24 215 1
B 24 234 1
B 24 250 2
B 24 251 1
B 24 256 1
B 24 259 1
B 24 262 1
B 24 278 2
B 24 283 1
B 24 295 1
B 24 308 1
B 24 315 1
B 24 331 3
B 24 346 1
B 24 363 1
B 24 373 1
B 24 378 1
B 24 396 1
B 24 400 1
B 24 434 1
B 24 438 1
B 24 440 1
B 24 450 1
B 24 454 1
B 24 472 1
B 24 501 1
B 24 502 1
B 24 512 1
B 24 516 1
B 24 544 1
B 24 547 1
P 25 0.010
B 25 6 1
B 25 20 1
B 25 22 1
B 25 33 1
B 25 41 1
B 25 43 1
B 25 46 1
B 25 49 1
B 25 50 1
B 25 54 1
B 25 55 1
B 25 57 2
B 25 64 1
B 25 72 1
B 25 79 1
B 25 90 1
B 25 95 1
B 25 103 1
B 25 104 1
B 25 105 1
B 25 108 1
B 25 114 1
B 25 121 1
B 25 122 1
B 25 129 1
B 25 130 1
B 25 132 1
B 25 154 1
B 25 155 1
B 25 173 1
B 25 180 1
B 25 186 1
B 25 207 1
B 25 208 1
B 25 211 1
B 25 219 1
B 25 221 1
B 25 243 1
B 25 256 1
B 25 258 2
B 25 261 1
B 25 267 1
B 25 275 2
B 25 276 1
B 25 280 1
B 25 303 1
B 25 306 1
B 25 318 1
B 25 327 1
B 25 384 1
B 25 385 1
B 25 389 1
B 25 414 1
B 25 434 1
B 25 438 1
B 25 440 2
B 25 470 1
B 25 473 1
B 25 512 1
B 25 523 1
B 25 524 1
P 26 0.010
B 26 5 1
B 26 12 1
B 26 17 1
B 26 18 1
B 26 22 1
B 26 32 1
B 26 38 1
B 26 42 1
B 26 44 1
B 26 60 1
B 26 82 1
B 26 88 3
B 26 97 1
B 26 98 1
B 26 103 1
B 26 105 1
B 26 114 1
B 26 121 1
B 26 143 1
B 26 157 1
B 26 184 1
B 26 190 1
B 26 197 1
B 26 198 2
B 26 199 2
B 26 205 1
B 26 212 1
B 26 215 1
B 26 235 1
B 26 241 1
B 26 247 1
B 26 250 1
B 26 255 1
B 26 272 1
B 26 281 1
B 26 288 1
B 26 291 1
B 26 293 2
B 26 294 1
B 26 302 1
B 26 304 1
B 26 313 1
B 26 325 1
B 26 344 1
B 26 361 1
B 26 372 1
B 26 373 1
B 26 376 1
B 26 403 2
B 26 405 1
B 26 414 1
B 26 418 1
B 26 421 1
B 26 423 1
B 26 424 1
B 26 431 1
B 26 438 1
B 26 440 1
B 26 442 1
B 26 447 1
B 26 451 1
B 26 470 1
B 26 507 1
B 26 526 1
P 27 0.010
B 27 4 1
B 27 8 1
B 27 17 2
B 27 41 1
B 27 47 1
B 27 55 2
B 27 57 1
B 27 61 1
B 27 67 1
B 27 70 1
B 27 81 1
B 27 86 1
B 27 99 1
B 27 103 1
B 27 112 1
B 27 121 3
B 27 123 1
B 27 129 1
B 27 130 1
B 27 135 1
B 27 138 1
B 27 142 1
B 27 143 1
B 27 153 1
B 27 159 2
B 27 160 2
B 27 163 1
B 27 172 1
B 27 177 1
B 27 183 1
B 27 186 1
B 27 187 1
B 27 188 1
B 27 191 1
B 27 193 1
B 27 202 1
B 27 204 2
B 27 207 1
B 27 208 1
B 27 210 1
B 27 225 1
B 27 227 1
B 27 229 1
B 27 245 1
B 27 252 1
B 27 259 1
B 27 283 1
B 27 286 1
B 27 288 1
B 27 333 1
B 27 346 1
B 27 383 1
B 27 385 1
B 27 390 1
B 27 404 1
B 27 422 1
B 27 426 1
B 27 438 1
B 27 456 1
B 27 457 1
B 27 502 1
B 27 507 1
B 27 513 1
B 27 521 1
B 27 545 1
P 28 0.010
B 28 22 1
B 28 38 2
B 28 42 1
B 28 57 1
B 28 66 1
B 28 68 1
B 28 82 1
B 28 84 1
B 28 86 1
B 28 87 1
B 28 92 1
B 28 103 1
B 28 105 1
B 28 113 1
B 28 126 1
B 28 128 1
B 28 131 1
B 28 135 1
B 28 137 2
B 28 152 1
B 28 155 1
B 28 181 1
B 28 190 1
B 28 191 1
B 28 193 1
B 28 194 1
B 28 197 2
B 28 210 2
B 28 211 1
B 28 214 2
B 28 219 1
B 28 223 1
B 28 230 1
B 28 244 1
B 28 250 1
B 28 254 1
B 28 256 1
B 28 261 1
B 28 263 1
B 28 290 1
B 28 291 1
B 28 292 1
B 28 297 2
B 28 298 1
B 28 303 1
B 28 322 1
B 28 334 1
B 28 340 1
B 28 344 1
B 28 385 1
B 28 400 2
B 28 420 3
B 28 426 1
B 28 428 1
B 28 440 1
B 28 468 2
B 28 494 1
B 28 514 1
B 28 532 1
P 29 0.010
B 29 16 1
B 29 27 1
B 29 29 1
B 29 36 2
B 29 60 1
B 29 71 1
B 29 72 1
B 29 77 1
B 29 79 1
B 29 83 1
B 29 92 1
B 29 101 2
B 29 102 1
B 29 115 1
B 29 121 4
B 29 127 1
B 29 132 1
B 29 137 1
B 29 138 1
B 29 153 2
B 29 158 1
B 29 159 1
B 29 160 2
B 29 170 1
B 29 178 1
B 29 183 1
B 29 188 1
B 29 192 1
B 29 198 2
B 29 200 1
B 29 202 1
B 29 203 1
B 29 207 1
B 29 213 1
B 29 215 1
B 29 234 1
B 29 240 1
B 29 241 1
B 29 243 1
B 29 245 1
B 29 247 1
B 29 249 1
B 29 252 1
B 29 254 1
B 29 262 1
B 29 294 2
B 29 299 1
B 29 300 1
B 29 306 1
B 29 307 1
B 29 352 1
B 29 361 3
B 29 364 1
B 29 377 1
B 29 378 1
B 29 381 2
B 29 392 2
B 29 396 1
B 29 404 1
B 29 405 1
B 29 409 1
B 29 411 1
B 29 420 1
B 29 433 1
B 29 441 1
B 29 449 1
B 29 454 1
B 29 460 1
B 29 470 1
B 29 473 1
B 29 476 1
B 29 485 1
B 29 500 1
B 29 505 1
B 29 512 1
B 29 516 1
P 30 0.010
B 30 1 1
B 30 16 1
B 30 28 1
B 30 41 1
B 30 44 1
B 30 47 1
B 30 56 1
B 30 74 1
B 30 75 1
B 30 76 1
B 30 80 1
B 30 81 2
B 30 90 1
B 30 97 1
B 30 108 1
B 30 119 2
B 30 120 1
B 30 123 1
B 30 128 2
B 30 133 1
B 30 145 1
B 30 153 2
B 30 156 1
B 30 187 1
B 30 191 1
B 30 194 1
B 30 212 1
B 30 214 1
B 30 217 1
B 30 219 1
B 30 224 1
B 30 228 1
B 30 242 1
B 30 244 1
B 30 251 1
B 30 254 1
B 30 256 1
B 30 258 1
B 30 263 1
B 30 268 1
B 30 270 1
B 30 280 2
B 30 290 2
B 30 294 3
B 30 298 1
B 30 302 1
B 30 311 1
B 30 315 1
B 30 327 2
B 30 333 1
B 30 341 1
B 30 343 1
B 30 354 1
B 30 372 1
B 30 383 2
B 30 384 2
B 30 388 1
B 30 397 1
B 30 407 1
B 30 410 1
B 30 414 1
B 30 420 1
B 30 423 1
B 30 434 1
B 30 464 1
B 30 470 1
B 30 472 1
B 30 493 1
B 30 518 1
B 30 523 1
B 30 533 1
P 31 0.010
B 31 3 1
B 31 5 1
B 31 15 1
B 31 21 2
B 31 22 1
B 31 26 1
B 31 37 1
B 31 38 1
B 31 53 1
B 31 65 1
B 31 75 1
B 31 76 1
B 31 78 1
B 31 81 1
B 31 82 1
B 31 102 1
B 31 112 1
B 31 114 1
B 31 122 2
B 31 128 2
B 31 130 1
B 31 132 1
B 31 153 1
B 31 177 1
B 31 178 2
B 31 188 1
B 31 193 1
B 31 195 2
B 31 207 1
B 31 209 1
B 31 211 1
B 31 214 1
B 31 222 2
B 31 227 1
B 31 228 1
B 31 229 1
B 31 236 1
B 31 237 1
B 31 242 1
B 31 244 1
B 31 249 1
B 31 252 1
B 31 257 1
B 31 276 1
B 31 280 1
B 31 292 1
B 31 294 1
B 31 305 1
B 31 311 2
B 31 320 1
B 31 325 1
B 31 326 1
B 31 344 1
B 31 352 1
B 31 367 1
B 31 377 2
B 31 392 1
B 31 400 1
B 31 403 2
B 31 417 1
B 31 476 1
B 31 502 1
P 32 0.010
B 32 7 1
B 32 21 1
B 32 28 1
B 32 44 1
B 32 45 1
B 32 56 1
B 32 68 1
B 32 72 1
B 32 75 1
B 32 79 1
B 32 84 1
B 32 85 1
B 32 98 1
B 32 103 1
B 32 123 1
B 32 124 1
B 32 130 1
B 32 136 1
B 32 137 1
B 32 144 1
B 32 146 1
B 32 151 1
B 32 158 1
B 32 160 1
B 32 161 2
B 32 175 1
B 32 178 1
B 32 186 1
B 32 194 1
B 32 196 1
B 32 213 1
B 32 215 2
B 32 216 1
B 32 224 1
B 32 225 1
B 32 255 1
B 32 261 1
B 32 280 1
B 32 282 1
B 32 302 1
B 32 303 1
B 32 309 1
B 32 311 1
B 32 331 1
B 32 345 1
B 32 357 1
B 32 359 1
B 32 373 1
B 32 382 1
B 32 391 1
B 32 392 1
B 32 406 1
B 32 419 1
B 32 426 1
B 32 428 1
B 32 438 2
B 32 450 2
B 32 457 1
B 32 467 1
B 32 470 1
B 32 485 1
B 32 500 1
B 32 539 1
B 32 541 1
B 32 546 1
P 33 0.010
B 33 44 1
B 33 45 1
B 33 52 1
B 33 54 1
B 33 69 1
B 33 71 1
B 33 76 1
B 33 78 1
B 33 81 1
B 33 83 1
B 33 87 1
B 33 90 2
B 33 91 1
B 33 100 1
B 33 119 1
B 33 122 3
B 33 137 3
B 33 145 1
B 33 147 1
B 33 156 1
B 33 174 1
B 33 177 1
B 33 183 1
B 33 188 1
B 33 212 1
B 33 215 1
B 33 234 2
B 33 235 1
B 33 241 1
B 33 250 1
B 33 272 1
B 33 276 1
B 33 277 1
B 33 278 1
B 33 280 1
B 33 288 1
B 33 304 1
B 33 307 1
B 33 316 1
B 33 318 1
B 33 321 1
B 33 353 1
B 33 361 1
B 33 371 1
B 33 401 1
B 33 404 1
B 33 438 1
B 33 451 1
B 33 460 1
B 33 468 1
B 33 484 1
B 33 502 1
B 33 544 1
P 34 0.010
B 34 7 1
B 34 9 1
B 34 21 1
B 34 24 2
B 34 32 1
B 34 41 1
B 34 46 1
B 34 52 1
B 34 61 1
B 34 64 1
B 34 78 1
B 34 80 1
B 34 82 1
B 34 86 1
B 34 92 1
B 34 100 1
B 34 126 1
B 34 128 1
B 34 140 1
B 34 142 1
B 34 144 1
B 34 148 1
B 34 159 1
B 34 160 1
B 34 177 1
B 34 190 1
B 34 191 1
B 34 199 1
B 34 203 1
B 34 211 1
B 34 219 1
B 34 235 1
B 34 253 2
B 34 254 1
B 34 285 1
B 34 294 1
B 34 297 1
B 34 309 1
B 34 331 1
B 34 332 1
B 34 336 1
B 34 358 1
B 34 361 1
B 34 373 1
B 34 383 1
B 34 400 2
B 34 407 1
B 34 417 1
B 34 421 1
B 34 424 1
B 34 426 1
B 34 429 1
B 34 438 1
B 34 440 1
B 34 455 1
B 34 457 1
B 34 463 1
B 34 470 2
B 34 473 1
B 34 474 1
B 34 475 1
B 34 506 1
B 34 507 1
B 34 525 1
B 34 538 1
B 34 548 1
P 35 0.010
B 35 5 1
B 35 6 1
B 35 16 1
B 35 18 1
B 35 24 1
B 35 42 1
B 35 44 1
B 35 57 1
B 35 62 1
B 35 75 2
B 35 79 1
B 35 92 1
B 35 99 1
B 35 101 1
B 35 123 1
B 35 136 1
B 35 137 2
B 35 142 1
B 35 144 1
B 35 155 1
B 35 156 1
B 35 158 1
B 35 160 1
B 35 163 1
B 35 190 1
B 35 194 1
B 35 204 1
B 35 207 1
B 35 212 1
B 35 219 1
B 35 221 1
B 35 234 1
B 35 241 1
B 35 242 1
B 35 244 2
B 35 245 1
B 35 246 1
B 35 253 1
B 35 262 1
B 35 264 1
B 35 265 1
B 35 280 1
B 35 289 1
B 35 292 1
B 35 293 1
B 35 299 2
B 35 301 1
B 35 306 1
B 35 329 1
B 35 353 1
B 35 359 1
B 35 361 1
B 35 367 1
B 35 408 1
B 35 417 2
B 35 438 2
B 35 449 1
B 35 453 1
B 35 454 1
B 35 474 1
B 35 500 1
B 35 516 1
B 35 536 1
P 36 0.010
B 36 6 1
B 36 8 1
B 36 17 1
B 36 24 1
B 36 29 1
B 36 30 1
B 36 32 1
B 36 43 1
B 36 68 1
B 36 69 1
B 36 77 1
B 36 80 1
B 36 82 2
B 36 86 1
B 36 90 1
B 36 103 1
B 36 109 1
B 36 123 1
B 36 133 3
B 36 154 1
B 36 155 1
B 36 156 1
B 36 163 2
B 36 179 2
B 36 184 1
B 36 187 1
B 36 191 1
B 36 198 1
B 36 205 1
B 36 207 1
B 36 209 1
B 36 213 2
B 36 214 1
B 36 216 2
B 36 221 1
B 36 222 1
B 36 224 1
B 36 234 1
B 36 251 1
B 36 253 1
B 36 254 1
B 36 255 2
B 36 258 1
B 36 262 1
B 36 272 1
B 36 274 1
B 36 276 1
B 36 278 1
B 36 292 1
B 36 294 1
B 36 297 1
B 36 298 1
B 36 300 1
B 36 311 1
B 36 314 1
B 36 324 1
B 36 329 1
B 36 331 1
B 36 332 1
B 36 381 1
B 36 382 1
B 36 409 1
B 36 433 1
B 36 438 1
B 36 442 1
B 36 454 1
B 36 460 1
B 36 474 1
B 36 500 1
B 36 502 1
B 36 508 1
B 36 516 1
B 36 518 1
B 36 530 1
B 36 534 1
P 37 0.010
B 37 5 1
B 37 18 1
B 37 26 2
B 37 41 2
B 37 46 1
B 37 47 1
B 37 49 1
B 37 52 1
B 37 57 2
B 37 61 1
B 37 76 1
B 37 83 1
B 37 84 1
B 37 88 1
B 37 89 1
B 37 91 2
B 37 99 1
B 37 106 1
B 37 114 1
B 37 118 1
B 37 121 1
B 37 127 1
B 37 137 1
B 37 148 1
B 37 153 2
B 37 156 1
B 37 161 1
B 37 163 1
B 37 178 1
B 37 179 1
B 37 183 1
B 37 185 1
B 37 186 1
B 37 190 2
B 37 194 1
B 37 198 1
B 37 212 1
B 37 213 2
B 37 215 1
B 37 219 1
B 37 233 1
B 37 234 2
B 37 236 1
B 37 253 1
B 37 265 1
B 37 277 1
B 37 280 1
B 37 297 1
B 37 310 1
B 37 315 1
B 37 324 1
B 37 325 1
B 37 331 1
B 37 352 1
B 37 354 1
B 37 359 1
B 37 363 1
B 37 373 1
B 37 379 1
B 37 381 1
B 37 396 1
B 37 402 1
B 37 406 1
B 37 417 1
B 37 437 1
B 37 438 1
B 37 451 2
B 37 461 1
B 37 470 1
B 37 485 1
P 38 0.010
B 38 0 1
B 38 1 1
B 38 6 1
B 38 7 1
B 38 8 1
B 38 20 1
B 38 32 1
B 38 41 1
B 38 42 1
B 38 43 1
B 38 46 1
B 38 55 1
B 38 56 1
B 38 57 1
B 38 61 1
B 38 69 1
B 38 72 1
B 38 75 1
B 38 81 1
B 38 84 1
B 38 99 1
B 38 100 1
B 38 121 1
B 38 125 1
B 38 128 1
B 38 131 1
B 38 140 1
B 38 146 1
B 38 186 1
B 38 187 1
B 38 194 1
B 38 195 1
B 38 200 1
B 38 201 1
B 38 202 2
B 38 205 1
B 38 210 1
B 38 213 1
B 38 216 1
B 38 219 1
B 38 224 2
B 38 233 1
B 38 234 1
B 38 238 1
B 38 250 1
B 38 261 1
B 38 270 1
B 38 272 1
B 38 273 1
B 38 302 1
B 38 321 1
B 38 322 1
B 38 325 1
B 38 348 1
B 38 353 1
B 38 361 1
B 38 373 1
B 38 432 1
B 38 438 1
B 38 446 1
B 38 470 1
B 38 477 1
B 38 481 1
B 38 482 1
B 38 495 1
B 38 500 1
B 38 516 1
P 39 0.010
B 39 7 1
B 39 15 1
B 39 23 1
B 39 24 1
B 39 27 1
B 39 45 1
B 39 49 1
B 39 50 1
B 39 52 1
B 39 56 1
B 39 57 1
B 39 60 2
B 39 61 2
B 39 67 1
B 39 74 1
B 39 75 1
B 39 77 1
B 39 79 1
B 39 85 1
B 39 86 1
B 39 90 1
B 39 97 1
B 39 108 1
B 39 119 1
B 39 122 1
B 39 127 1
B 39 132 1
B 39 133 1
B 39 136 1
B 39 156 1
B 39 160 2
B 39 166 1
B 39 179 1
B 39 182 1
B 39 188 1
B 39 200 1
B 39 201 1
B 39 204 1
B 39 210 1
B 39 213 1
B 39 223 1
B 39 234 1
B 39 239 1
B 39 242 1
B 39 244 1
B 39 246 1
B 39 247 1
B 39 249 1
B 39 250 1
B 39 251 1
B 39 254 1
B 39 263 1
B 39 270 1
B 39 272 2
B 39 283 1
B 39 285 1
B 39 289 1
B 39 293 1
B 39 294 1
B 39 296 1
B 39 300 1
B 39 306 1
B 39 318 1
B 39 331 1
B 39 371 1
B 39 429 1
B 39 438 2
B 39 478 1
B 39 482 1
B 39 522 1
B 39 529 1
B 39 539 1
P 40 0.010
B 40 6 1
B 40 20 1
B 40 24 1
B 40 25 1
B 40 26 1
B 40 31 1
B 40 54 1
B 40 56 1
B 40 57 1
B 40 59 1
B 40 64 1
B 40 74 1
B 40 76 1
B 40 83 1
B 40 85 2
B 40 86 1
B 40 90 1
B 40 92 1
B 40 95 1
B 40 99 2
B 40 105 1
B 40 112 1
B 40 122 1
B 40 127 1
B 40 129 1
B 40 130 1
B 40 131 1
B 40 140 2
B 40 153 1
B 40 174 1
B 40 179 1
B 40 207 1
B 40 210 1
B 40 212 1
B 40 215 1
B 40 216 1
B 40 218 1
B 40 229 1
B 40 231 1
B 40 234 1
B 40 246 1
B 40 250 1
B 40 252 1
B 40 258 2
B 40 277 1
B 40 278 1
B 40 279 1
B 40 287 1
B 40 293 1
B 40 294 1
B 40 299 1
B 40 311 1
B 40 312 1
B 40 315 1
B 40 317 1
B 40 326 1
B 40 327 1
B 40 336 1
B 40 337 1
B 40 341 1
B 40 355 1
B 40 357 1
B 40 373 1
B 40 379 1
B 40 383 1
B 40 384 1
B 40 390 1
B 40 403 1
B 40 408 1
B 40 414 1
B 40 424 2
B 40 440 2
B 40 455 1
B 40 467 1
B 40 476 1
B 40 484 1
B 40 487 1
P 41 0.010
B 41 6 1
B 41 31 1
B 41 32 1
B 41 60 1
B 41 62 1
B 41 70 1
B 41 76 1
B 41 78 1
B 41 79 1
B 41 85 1
B 41 98 2
B 41 122 1
B 41 129 1
B 41 131 1
B 41 132 1
B 41 142 1
B 41 143 1
B 41 147 1
B 41 158 2
B 41 160 2
B 41 181 1
B 41 184 2
B 41 188 1
B 41 191 1
B 41 197 1
B 41 212 1
B 41 219 1
B 41 222 1
B 41 224 1
B 41 225 1
B 41 229 1
B 41 232 1
B 41 244 1
B 41 276 1
B 41 277 1
B 41 278 1
B 41 290 2
B 41 292 1
B 41 301 1
B 41 309 1
B 41 313 2
B 41 329 1
B 41 350 1
B 41 361 1
B 41 366 1
B 41 385 1
B 41 405 1
B 41 416 1
B 41 419 1
B 41 425 1
B 41 426 1
B 41 438 3
B 41 440 2
B 41 475 1
B 41 476 1
B 41 521 1
P 42 0.010
B 42 24 2
B 42 28 1
B 42 29 1
B 42 32 1
B 42 44 1
B 42 45 1
B 42 46 1
B 42 54 1
B 42 57 1
B 42 60 1
B 42 62 1
B 42 73 1
B 42 80 1
B 42 84 1
B 42 87 2
B 42 90 1
B 42 91 1
B 42 93 1
B 42 94 1
B 42 127 2
B 42 129 1
B 42 130 1
B 42 142 1
B 42 152 1
B 42 153 1
B 42 156 1
B 42 158 1
B 42 179 1
B 42 183 1
B 42 193 1
B 42 202 1
B 42 205 1
B 42 207 1
B 42 210 1
B 42 217 1
B 42 218 1
B 42 225 2
B 42 226 1
B 42 234 1
B 42 237 1
B 42 242 1
B 42 246 1
B 42 254 1
B 42 257 1
B 42 276 1
B 42 288 1
B 42 290 1
B 42 313 1
B 42 330 1
B 42 356 1
B 42 359 1
B 42 364 1
B 42 370 1
B 42 373 1
B 42 383 1
B 42 397 1
B 42 400 2
B 42 406 1
B 42 418 1
B 42 449 1
B 42 460 1
B 42 474 1
B 42 489 1
B 42 495 1
B 42 521 1
B 42 522 1
B 42 533 1
P 43 0.010
B 43 5 1
B 43 9 1
B 43 26 1
B 43 37 1
B 43 41 1
B 43 42 1
B 43 43 1
B 43 46 1
B 43 49 1
B 43 51 1
B 43 54 1
B 43 55 1
B 43 70 1
B 43 72 1
B 43 78 1
B 43 100 1
B 43 108 1
B 43 127 2
B 43 128 1
B 43 137 1
B 43 144 1
B 43 148 1
B 43 154 1
B 43 174 1
B 43 177 1
B 43 179 1
B 43 183 1
B 43 184 1
B 43 192 1
B 43 198 1
B 43 200 1
B 43 203 1
B 43 216 1
B 43 219 1
B 43 229 1
B 43 235 1
B 43 236 1
B 43 239 1
B 43 240 1
B 43 246 1
B 43 247 1
B 43 253 1
B 43 254 1
B 43 261 1
B 43 264 1
B 43 276 1
B 43 277 1
B 43 282 1
B 43 284 1
B 43 293 1
B 43 298 1
B 43 311 1
B 43 315 1
B 43 318 2
B 43 331 1
B 43 333 1
B 43 337 1
B 43 342 1
B 43 345 1
B 43 349 1
B 43 353 1
B 43 361 1
B 43 380 1
B 43 393 1
B 43 400 1
B 43 405 1
B 43 422 1
B 43 427 1
B 43 429 1
B 43 453 1
B 43 495 1
B 43 502 1
B 43 507 1
P 44 0.010
B 44 0 1
B 44 22 1
B 44 42 2
B 44 45 1
B 44 47 1
B 44 49 1
B 44 53 1
B 44 56 1
B 44 61 2
B 44 69 1
B 44 72 1
B 44 74 1
B 44 76 1
B 44 77 1
B 44 85 1
B 44 112 1
B 44 119 2
B 44 121 1
B 44 145 1
B 44 149 1
B 44 158 1
B 44 171 1
B 44 177 2
B 44 183 1
B 44 188 1
B 44 190 1
B 44 195 1
B 44 203 1
B 44 207 1
B 44 209 1
B 44 210 1
B 44 212 1
B 44 213 1
B 44 215 1
B 44 216 1
B 44 224 1
B 44 233 1
B 44 243 1
B 44 251 2
B 44 252 1
B 44 253 1
B 44 255 1
B 44 256 1
B 44 269 1
B 44 293 1
B 44 303 1
B 44 304 1
B 44 311 1
B 44 313 1
B 44 316 1
B 44 317 2
B 44 323 1
B 44 329 1
B 44 352 1
B 44 358 1
B 44 373 1
B 44 386 1
B 44 387 1
B 44 388 1
B 44 392 1
B 44 478 1
B 44 482 1
B 44 529 1
B 44 535 2
P 45 0.010
B 45 24 1
B 45 27 1
B 45 39 1
B 45 49 1
B 45 53 1
B 45 69 1
B 45 71 1
B 45 80 1
B 45 86 1
B 45 104 1
B 45 109 1
B 45 123 1
B 45 126 1
B 45 133 1
B 45 142 1
B 45 148 1
B 45 155 1
B 45 168 1
B 45 183 1
B 45 191 1
B 45 192 1
B 45 194 1
B 45 208 2
B 45 212 1
B 45 222 1
B 45 225 1
B 45 234 1
B 45 242 1
B 45 247 1
B 45 248 1
B 45 251 1
B 45 264 1
B 45 267 1
B 45 268 1
B 45 273 1
B 45 277 1
B 45 279 1
B 45 280 1
B 45 301 2
B 45 302 1
B 45 306 1
B 45 308 1
B 45 312 2
B 45 317 1
B 45 326 2
B 45 328 1
B 45 345 1
B 45 355 1
B 45 357 1
B 45 359 1
B 45 378 1
B 45 386 1
B 45 409 1
B 45 420 1
B 45 432 1
B 45 440 1
B 45 461 1
B 45 464 1
B 45 473 1
B 45 503 1
P 46 0.010
B 46 5 1
B 46 6 1
B 46 17 1
B 46 21 1
B 46 24 1
B 46 41 1
B 46 60 1
B 46 62 1
B 46 71 1
B 46 73 1
B 46 74 1
B 46 78 1
B 46 79 1
B 46 81 1
B 46 94 1
B 46 111 1
B 46 121 1
B 46 127 1
B 46 132 1
B 46 133 1
B 46 134 1
B 46 152 1
B 46 163 1
B 46 177 1
B 46 194 1
B 46 210 1
B 46 225 1
B 46 230 1
B 46 239 1
B 46 241 1
B 46 242 1
B 46 243 1
B 46 245 1
B 46 254 1
B 46 256 1
B 46 262 1
B 46 275 1
B 46 278 1
B 46 307 1
B 46 312 1
B 46 315 1
B 46 324 1
B 46 326 1
B 46 343 1
B 46 345 2
B 46 346 1
B 46 357 1
B 46 366 1
B 46 387 1
B 46 397 1
B 46 409 1
B 46 440 1
B 46 446 1
B 46 450 2
B 46 457 1
B 46 458 1
B 46 462 1
B 46 474 1
B 46 485 1
B 46 502 1
B 46 529 1
P 47 0.010
B 47 0 1
B 47 16 1
B 47 27 2
B 47 32 1
B 47 44 1
B 47 48 1
B 47 55 1
B 47 58 1
B 47 67 1
B 47 69 1
B 47 72 1
B 47 76 1
B 47 77 1
B 47 79 1
B 47 82 1
B 47 84 1
B 47 87 1
B 47 94 1
B 47 129 1
B 47 133 1
B 47 136 1
B 47 158 2
B 47 160 1
B 47 163 1
B 47 175 1
B 47 178 1
B 47 181 1
B 47 182 1
B 47 191 1
B 47 195 1
B 47 198 1
B 47 208 1
B 47 212 2
B 47 234 2
B 47 236 3
B 47 242 1
B 47 243 1
B 47 246 1
B 47 255 1
B 47 266 1
B 47 272 1
B 47 280 2
B 47 281 1
B 47 283 1
B 47 288 1
B 47 304 1
B 47 307 1
B 47 308 1
B 47 309 1
B 47 315 1
B 47 318 1
B 47 337 1
B 47 346 1
B 47 353 1
B 47 401 1
B 47 405 1
B 47 421 1
B 47 464 1
B 47 477 1
B 47 487 1
B 47 491 1
B 47 493 1
B 47 502 1
B 47 507 1
B 47 512 1
B 47 536 1
B 47 541 1
P 48 0.010
B 48 17 1
B 48 21 1
B 48 29 1
B 48 41 2
B 48 45 2
B 48 51 1
B 48 52 1
B 48 54 1
B 48 57 1
B 48 68 1
B 48 70 1
B 48 79 1
B 48 91 1
B 48 93 1
B 48 126 1
B 48 130 2
B 48 135 1
B 48 137 1
B 48 142 1
B 48 153 1
B 48 154 1
B 48 155 1
B 48 156 1
B 48 181 1
B 48 186 1
B 48 192 2
B 48 193 1
B 48 195 1
B 48 197 1
B 48 203 1
B 48 207 1
B 48 217 1
B 48 243 1
B 48 258 1
B 48 272 1
B 48 297 1
B 48 299 1
B 48 303 1
B 48 325 1
B 48 327 1
B 48 331 1
B 48 333 1
B 48 366 1
B 48 389 1
B 48 392 1
B 48 416 1
B 48 424 1
B 48 440 2
B 48 444 1
B 48 450 1
B 48 451 1
B 48 454 1
B 48 460 1
B 48 476 1
B 48 482 1
B 48 488 1
B 48 512 1
B 48 521 1
B 48 538 1
P 49 0.010
B 49 5 2
B 49 8 1
B 49 20 1
B 49 24 1
B 49 29 1
B 49 34 1
B 49 41 1
B 49 47 1
B 49 53 1
B 49 76 3
B 49 82 1
B 49 84 1
B 49 90 1
B 49 91 1
B 49 93 1
B 49 100 1
B 49 106 1
B 49 123 1
B 49 151 1
B 49 158 1
B 49 183 1
B 49 197 1
B 49 202 1
B 49 212 1
B 49 216 1
B 49 219 1
B 49 236 2
B 49 237 1
B 49 241 1
B 49 243 2
B 49 247 1
B 49 253 2
B 49 255 1
B 49 262 1
B 49 280 1
B 49 290 1
B 49 294 1
B 49 295 1
B 49 298 1
B 49 300 2
B 49 301 1
B 49 306 1
B 49 331 1
B 49 332 1
B 49 358 1
B 49 365 1
B 49 366 1
B 49 378 1
B 49 397 1
B 49 398 1
B 49 400 1
B 49 404 1
B 49 425 1
B 49 437 1
B 49 442 2
B 49 445 1
B 49 467 1
B 49 489 1
B 49 496 1
B 49 512 1
B 49 516 1
B 49 517 1
B 49 521 1
B 49 525 1
B 49 541 1
P 50 0.010
B 50 42 1
B 50 50 1
B 50 57 1
B 50 67 1
B 50 71 1
B 50 72 1
B 50 74 1
B 50 82 1
B 50 83 1
B 50 84 1
B 50 86 1
B 50 91 1
B 50 100 1
B 50 123 1
B 50 128 1
B 50 130 1
B 50 132 1
B 50 133 1
B 50 155 1
B 50 159 1
B 50 161 1
B 50 177 1
B 50 182 1
B 50 183 1
B 50 187 1
B 50 188 1
B 50 203 1
B 50 207 1
B 50 218 2
B 50 221 1
B 50 222 1
B 50 225 1
B 50 227 1
B 50 230 1
B 50 235 1
B 50 241 1
B 50 242 1
B 50 244 1
B 50 253 1
B 50 294 1
B 50 304 1
B 50 332 1
B 50 337 1
B 50 343 1
B 50 363 1
B 50 371 1
B 50 383 1
B 50 384 1
B 50 385 1
B 50 404 1
B 50 438 1
B 50 451 1
B 50 473 1
B 50 498 1
B 50 520 1
B 50 536 1
P 51 0.010
B 51 5 1
B 51 7 1
B 51 25 1
B 51 29 1
B 51 49 1
B 51 53 1
B 51 54 1
B 51 66 1
B 51 70 1
B 51 73 1
B 51 91 1
B 51 115 1
B 51 117 1
B 51 119 1
B 51 121 1
B 51 124 1
B 51 128 2
B 51 131 1
B 51 138 1
B 51 153 2
B 51 154 1
B 51 161 1
B 51 178 2
B 51 184 1
B 51 192 1
B 51 198 1
B 51 199 1
B 51 205 1
B 51 211 1
B 51 212 2
B 51 214 1
B 51 215 1
B 51 219 1
B 51 223 1
B 51 225 1
B 51 229 1
B 51 236 1
B 51 238 2
B 51 241 2
B 51 244 1
B 51 247 1
B 51 251 1
B 51 255 1
B 51 278 1
B 51 298 1
B 51 301 1
B 51 302 1
B 51 316 1
B 51 331 1
B 51 341 1
B 51 343 1
B 51 345 1
B 51 359 1
B 51 375 1
B 51 378 1
B 51 418 1
B 51 427 1
B 51 434 1
B 51 448 1
B 51 452 1
B 51 457 1
B 51 464 1
B 51 476 1
B 51 494 1
B 51 500 1
B 51 504 1
B 51 521 1
B 51 541 1
P 52 0.010
B 52 18 1
B 52 27 1
B 52 36 1
B 52 41 1
B 52 42 1
B 52 43 1
B 52 46 1
B 52 62 1
B 52 64 1
B 52 75 1
B 52 82 1
B 52 104 1
B 52 122 1
B 52 125 1
B 52 126 1
B 52 129 1
B 52 130 1
B 52 133 1
B 52 142 2
B 52 154 1
B 52 181 1
B 52 184 1
B 52 186 1
B 52 191 1
B 52 198 1
B 52 213 1
B 52 215 1
B 52 218 1
B 52 221 1
B 52 225 1
B 52 227 1
B 52 229 1
B 52 230 1
B 52 234 1
B 52 244 1
B 52 249 2
B 52 280 1
B 52 285 1
B 52 286 1
B 52 288 1
B 52 289 1
B 52 298 2
B 52 300 1
B 52 301 1
B 52 309 1
B 52 322 1
B 52 358 1
B 52 362 1
B 52 409 1
B 52 412 1
B 52 422 1
B 52 423 1
B 52 450 1
B 52 459 1
B 52 476 1
B 52 502 1
B 52 524 1
B 52 525 1
B 52 526 1
B 52 529 2
P 53 0.010
B 53 1 1
B 53 5 1
B 53 18 1
B 53 37 1
B 53 45 1
B 53 47 1
B 53 62 1
B 53 64 1
B 53 67 1
B 53 69 1
B 53 76 1
B 53 99 1
B 53 108 1
B 53 130 1
B 53 132 1
B 53 133 1
B 53 137 1
B 53 156 1
B 53 178 3
B 53 195 1
B 53 196 1
B 53 207 1
B 53 213 1
B 53 217 1
B 53 219 1
B 53 224 1
B 53 226 1
B 53 229 1
B 53 241 1
B 53 249 1
B 53 255 1
B 53 264 1
B 53 280 1
B 53 284 1
B 53 285 1
B 53 286 1
B 53 290 2
B 53 291 1
B 53 299 2
B 53 315 1
B 53 320 2
B 53 323 1
B 53 326 1
B 53 331 1
B 53 352 1
B 53 366 1
B 53 370 2
B 53 382 1
B 53 388 1
B 53 403 1
B 53 404 1
B 53 408 1
B 53 422 1
B 53 435 1
B 53 473 1
B 53 487 1
B 53 506 1
B 53 533 1
B 53 541 1
P 54 0.010
B 54 38 1
B 54 43 2
B 54 45 1
B 54 60 1
B 54 68 1
B 54 69 1
B 54 118 1
B 54 127 1
B 54 177 1
B 54 179 1
B 54 183 1
B 54 190 2
B 54 191 2
B 54 196 1
B 54 201 1
B 54 203 1
B 54 230 1
B 54 234 1
B 54 239 1
B 54 240 1
B 54 246 1
B 54 250 1
B 54 257 1
B 54 258 1
B 54 262 1
B 54 266 1
B 54 272 1
B 54 287 1
B 54 290 1
B 54 292 1
B 54 301 2
B 54 306 1
B 54 310 1
B 54 311 1
B 54 370 1
B 54 384 1
B 54 416 1
B 54 418 1
B 54 422 1
B 54 426 2
B 54 429 1
B 54 434 1
B 54 439 1
B 54 458 1
B 54 524 1
B 54 530 1
B 54 548 2
P 55 0.010
B 55 27 1
B 55 30 1
B 55 45 1
B 55 52 2
B 55 78 1
B 55 91 1
B 55 97 2
B 55 122 1
B 55 132 1
B 55 142 1
B 55 153 1
B 55 159 2
B 55 176 1
B 55 190 1
B 55 191 1
B 55 192 1
B 55 194 1
B 55 199 2
B 55 217 1
B 55 229 1
B 55 241 1
B 55 245 1
B 55 248 1
B 55 252 1
B 55 253 1
B 55 254 1
B 55 281 1
B 55 286 1
B 55 308 1
B 55 354 1
B 55 359 1
B 55 383 1
B 55 387 1
B 55 396 1
B 55 409 1
B 55 428 1
B 55 500 1
B 55 524 1
B 55 532 1
B 55 535 1
P 56 0.010
B 56 18 1
B 56 21 1
B 56 22 1
B 56 38 1
B 56 41 1
B 56 47 1
B 56 64 1
B 56 67 1
B 56 72 1
B 56 73 1
B 56 79 1
B 56 83 1
B 56 89 1
B 56 94 1
B 56 100 1
B 56 116 1
B 56 119 2
B 56 128 1
B 56 136 1
B 56 183 1
B 56 186 1
B 56 188 1
B 56 190 1
B 56 191 1
B 56 210 1
B 56 216 1
B 56 218 1
B 56 244 1
B 56 251 1
B 56 252 1
B 56 254 2
B 56 258 1
B 56 261 1
B 56 271 1
B 56 272 1
B 56 273 1
B 56 277 1
B 56 297 2
B 56 306 1
B 56 311 1
B 56 325 1
B 56 353 1
B 56 358 1
B 56 359 1
B 56 361 1
B 56 370 1
B 56 383 1
B 56 392 1
B 56 416 1
B 56 438 1
B 56 456 1
B 56 494 1
B 56 496 1
P 57 0.010
B 57 7 1
B 57 8 1
B 57 27 1
B 57 33 1
B 57 38 1
B 57 43 1
B 57 49 1
B 57 50 1
B 57 60 1
B 57 62 1
B 57 78 1
B 57 79 1
B 57 87 1
B 57 100 1
B 57 104 1
B 57 122 1
B 57 125 1
B 57 129 1
B 57 131 1
B 57 134 1
B 57 138 1
B 57 151 1
B 57 154 1
B 57 159 1
B 57 176 1
B 57 179 1
B 57 185 1
B 57 197 1
B 57 198 1
B 57 203 2
B 57 205 1
B 57 207 2
B 57 219 1
B 57 229 1
B 57 242 1
B 57 267 1
B 57 282 1
B 57 294 1
B 57 313 1
B 57 315 1
B 57 317 2
B 57 323 1
B 57 349 1
B 57 385 1
B 57 395 1
B 57 416 1
B 57 421 1
B 57 424 1
B 57 440 2
B 57 451 1
B 57 473 1
B 57 487 1
B 57 490 1
B 57 493 1
B 57 538 1
P 58 0.010
B 58 5 1
B 58 31 1
B 58 39 1
B 58 52 1
B 58 54 1
B 58 60 2
B 58 62 1
B 58 69 1
B 58 70 1
B 58 78 2
B 58 79 1
B 58 91 1
B 58 115 1
B 58 121 1
B 58 136 1
B 58 158 1
B 58 163 1
B 58 177 1
B 58 191 1
B 58 203 1
B 58 207 1
B 58 212 1
B 58 228 1
B 58 233 1
B 58 238 1
B 58 241 1
B 58 247 1
B 58 255 1
B 58 273 1
B 58 275 1
B 58 276 1
B 58 278 1
B 58 288 1
B 58 293 1
B 58 303 1
B 58 306 1
B 58 312 1
B 58 333 1
B 58 357 1
B 58 380 1
B 58 392 1
B 58 403 1
B 58 405 1
B 58 408 1
B 58 412 1
B 58 422 1
B 58 424 1
B 58 426 1
B 58 450 1
B 58 467 1
B 58 500 1
B 58 536 1
P 59 0.010
B 59 6 1
B 59 12 2
B 59 17 2
B 59 20 2
B 59 28 1
B 59 43 1
B 59 47 1
B 59 54 1
B 59 64 1
B 59 67 1
B 59 101 1
B 59 119 1
B 59 123 2
B 59 129 1
B 59 136 1
B 59 146 1
B 59 155 1
B 59 159 1
B 59 175 1
B 59 179 2
B 59 186 1
B 59 206 1
B 59 207 1
B 59 212 1
B 59 218 1
B 59 219 1
B 59 227 1
B 59 230 1
B 59 234 2
B 59 237 1
B 59 245 1
B 59 246 1
B 59 253 1
B 59 296 1
B 59 314 1
B 59 318 1
B 59 331 1
B 59 358 2
B 59 360 1
B 59 373 2
B 59 380 1
B 59 389 1
B 59 399 1
B 59 406 1
B 59 417 1
B 59 423 1
B 59 440 1
B 59 445 1
B 59 447 1
B 59 484 1
B 59 512 1
B 59 517 1
B 59 524 1
B 59 531 1
B 59 539 1
P 60 0.010
B 60 8 1
B 60 10 1
B 60 27 1
B 60 38 1
B 60 44 1
B 60 55 1
B 60 57 2
B 60 60 1
B 60 64 1
B 60 73 2
B 60 77 1
B 60 83 1
B 60 85 1
B 60 91 1
B 60 101 1
B 60 117 1
B 60 121 1
B 60 146 1
B 60 153 1
B 60 160 1
B 60 181 1
B 60 186 1
B 60 187 1
B 60 219 1
B 60 225 1
B 60 228 1
B 60 241 1
B 60 242 1
B 60 243 1
B 60 252 1
B 60 256 3
B 60 257 1
B 60 272 1
B 60 277 2
B 60 288 1
B 60 293 1
B 60 294 1
B 60 338 1
B 60 340 1
B 60 373 1
B 60 385 1
B 60 388 1
B 60 405 1
B 60 417 1
B 60 500 1
B 60 503 1
B 60 541 1
P 61 0.010
B 61 3 1
B 61 5 1
B 61 9 1
B 61 24 1
B 61 38 1
B 61 46 1
B 61 54 1
B 61 62 1
B 61 74 1
B 61 75 1
B 61 91 1
B 61 92 1
B 61 108 1
B 61 132 1
B 61 155 2
B 61 160 1
B 61 161 1
B 61 162 1
B 61 174 1
B 61 177 1
B 61 183 1
B 61 187 1
B 61 193 1
B 61 200 1
B 61 202 2
B 61 204 2
B 61 205 1
B 61 212 1
B 61 214 1
B 61 246 1
B 61 249 1
B 61 250 1
B 61 258 1
B 61 276 1
B 61 277 1
B 61 294 2
B 61 305 1
B 61 317 1
B 61 331 1
B 61 341 1
B 61 344 1
B 61 345 1
B 61 357 1
B 61 374 1
B 61 380 1
B 61 404 2
B 61 412 1
B 61 414 1
B 61 420 1
B 61 435 1
B 61 438 1
B 61 460 1
B 61 476 1
B 61 477 1
B 61 502 2
B 61 512 1
B 61 516 1
B 61 521 1
P 62 0.010
B 62 21 1
B 62 32 1
B 62 41 1
B 62 45 1
B 62 46 1
B 62 49 1
B 62 50 1
B 62 55 1
B 62 69 2
B 62 75 1
B 62 77 1
B 62 80 1
B 62 83 1
B 62 101 1
B 62 110 1
B 62 112 1
B 62 114 1
B 62 126 1
B 62 129 1
B 62 130 1
B 62 142 1
B 62 153 1
B 62 163 1
B 62 175 1
B 62 181 1
B 62 184 1
B 62 197 1
B 62 204 1
B 62 206 1
B 62 209 1
B 62 211 1
B 62 212 1
B 62 229 1
B 62 230 1
B 62 233 1
B 62 237 1
B 62 246 1
B 62 249 1
B 62 250 1
B 62 251 1
B 62 258 1
B 62 262 1
B 62 279 1
B 62 299 1
B 62 303 1
B 62 305 1
B 62 306 1
B 62 311 1
B 62 321 1
B 62 324 1
B 62 331 1
B 62 343 2
B 62 345 1
B 62 352 1
B 62 361 1
B 62 383 1
B 62 398 1
B 62 406 1
B 62 410 1
B 62 429 1
B 62 440 1
B 62 474 1
B 62 477 1
B 62 485 1
B 62 492 1
B 62 497 1
B 62 514 1
B 62 521 1
B 62 529 1
B 62 541 1
P 63 0.010
B 63 5 1
B 63 8 1
B 63 15 1
B 63 18 1
B 63 32 1
B 63 41 1
B 63 43 1
B 63 45 1
B 63 50 1
B 63 60 1
B 63 62 3
B 63 68 1
B 63 69 1
B 63 76 1
B 63 81 1
B 63 88 1
B 63 91 1
B 63 97 1
B 63 100 1
B 63 103 2
B 63 125 1
B 63 128 2
B 63 129 1
B 63 136 1
B 63 137 1
B 63 158 1
B 63 160 2
B 63 190 1
B 63 191 1
B 63 192 1
B 63 204 1
B 63 208 1
B 63 211 2
B 63 212 1
B 63 219 1
B 63 224 1
B 63 233 1
B 63 234 1
B 63 238 1
B 63 250 1
B 63 262 1
B 63 280 1
B 63 294 1
B 63 306 1
B 63 321 1
B 63 333 1
B 63 346 1
B 63 353 1
B 63 382 1
B 63 400 2
B 63 406 1
B 63 410 1
B 63 420 1
B 63 460 1
B 63 464 1
B 63 476 1
B 63 484 1
B 63 493 1
B 63 502 1
B 63 507 1
B 63 518 1
B 63 548 1
P 64 0.010
B 64 5 1
B 64 7 2
B 64 12 1
B 64 17 1
B 64 18 1
B 64 29 1
B 64 42 1
B 64 45 1
B 64 46 1
B 64 51 1
B 64 64 1
B 64 70 1
B 64 84 1
B 64 92 1
B 64 102 1
B 64 105 1
B 64 110 1
B 64 119 1
B 64 122 1
B 64 123 1
B 64 130 1
B 64 133 1
B 64 138 1
B 64 147 1
B 64 149 1
B 64 154 1
B 64 171 1
B 64 183 1
B 64 203 1
B 64 211 2
B 64 215 1
B 64 234 2
B 64 246 1
B 64 279 1
B 64 284 1
B 64 292 1
B 64 301 1
B 64 306 1
B 64 333 1
B 64 343 1
B 64 344 1
B 64 350 1
B 64 352 1
B 64 392 1
B 64 404 1
B 64 407 1
B 64 408 1
B 64 417 2
B 64 437 1
B 64 472 1
B 64 507 1
B 64 541 1
P 65 0.010
B 65 7 1
B 65 9 1
B 65 24 1
B 65 32 1
B 65 38 1
B 65 41 1
B 65 45 1
B 65 55 1
B 65 62 1
B 65 68 1
B 65 70 1
B 65 75 1
B 65 77 1
B 65 83 1
B 65 84 1
B 65 86 1
B 65 99 1
B 65 119 1
B 65 127 1
B 65 133 1
B 65 143 1
B 65 152 1
B 65 158 1
B 65 175 1
B 65 177 1
B 65 186 1
B 65 195 1
B 65 196 1
B 65 198 1
B 65 199 2
B 65 205 1
B 65 207 1
B 65 211 1
B 65 230 1
B 65 240 1
B 65 256 1
B 65 259 1
B 65 277 1
B 65 288 1
B 65 292 1
B 65 302 1
B 65 311 1
B 65 316 1
B 65 331 1
B 65 353 1
B 65 361 1
B 65 371 2
B 65 377 1
B 65 384 1
B 65 389 1
B 65 424 1
B 65 425 1
B 65 454 1
B 65 460 1
B 65 462 2
B 65 464 1
B 65 487 2
B 65 493 1
B 65 494 1
B 65 512 1
B 65 526 1
P 66 0.010
B 66 17 1
B 66 21 1
B 66 56 1
B 66 62 1
B 66 68 1
B 66 70 2
B 66 74 2
B 66 83 1
B 66 85 1
B 66 90 1
B 66 99 1
B 66 104 1
B 66 109 1
B 66 114 1
B 66 119 1
B 66 121 1
B 66 124 1
B 66 129 1
B 66 130 1
B 66 132 1
B 66 133 1
B 66 150 1
B 66 152 1
B 66 193 1
B 66 197 1
B 66 203 1
B 66 205 2
B 66 207 1
B 66 213 2
B 66 217 1
B 66 221 1
B 66 234 1
B 66 240 1
B 66 241 1
B 66 259 1
B 66 278 1
B 66 279 2
B 66 280 1
B 66 288 1
B 66 304 1
B 66 325 1
B 66 375 1
B 66 392 1
B 66 404 1
B 66 408 1
B 66 424 1
B 66 438 4
B 66 454 1
B 66 475 1
B 66 488 1
B 66 501 1
B 66 503 1
B 66 516 1
B 66 521 1
P 67 0.010
B 67 5 1
B 67 15 1
B 67 38 1
B 67 46 2
B 67 50 1
B 67 53 1
B 67 74 1
B 67 77 1
B 67 83 1
B 67 94 1
B 67 114 1
B 67 119 1
B 67 123 1
B 67 129 1
B 67 132 1
B 67 136 1
B 67 156 2
B 67 158 1
B 67 175 1
B 67 178 1
B 67 183 1
B 67 188 1
B 67 191 1
B 67 196 1
B 67 198 1
B 67 202 1
B 67 213 1
B 67 220 1
B 67 222 1
B 67 227 2
B 67 242 1
B 67 244 1
B 67 247 1
B 67 252 1
B 67 253 1
B 67 258 2
B 67 261 1
B 67 272 1
B 67 283 1
B 67 286 1
B 67 292 1
B 67 294 1
B 67 330 1
B 67 352 1
B 67 355 1
B 67 357 1
B 67 371 1
B 67 403 1
B 67 428 1
B 67 429 1
B 67 440 2
B 67 474 1
B 67 494 1
B 67 504 1
B 67 521 1
P 68 0.010
B 68 17 1
B 68 24 1
B 68 27 1
B 68 61 1
B 68 83 1
B 68 84 1
B 68 85 1
B 68 87 1
B 68 92 1
B 68 98 1
B 68 119 1
B 68 122 1
B 68 126 1
B 68 134 1
B 68 155 2
B 68 156 1
B 68 178 1
B 68 184 1
B 68 187 1
B 68 193 1
B 68 197 1
B 68 198 1
B 68 207 2
B 68 214 1
B 68 262 1
B 68 285 1
B 68 295 1
B 68 296 1
B 68 302 1
B 68 313 1
B 68 316 1
B 68 352 1
B 68 356 1
B 68 357 1
B 68 361 2
B 68 362 1
B 68 378 1
B 68 380 1
B 68 403 1
B 68 414 1
B 68 416 1
B 68 440 1
B 68 451 1
B 68 461 1
B 68 495 1
B 68 516 1
B 68 528 1
B 68 536 1
B 68 538 1
B 68 541 1
P 69 0.010
B 69 8 1
B 69 17 1
B 69 41 1
B 69 44 2
B 69 49 2
B 69 60 1
B 69 64 1
B 69 67 1
B 69 77 2
B 69 83 1
B 69 105 1
B 69 108 1
B 69 125 1
B 69 135 1
B 69 148 1
B 69 161 1
B 69 163 1
B 69 170 1
B 69 178 1
B 69 183 1
B 69 193 1
B 69 201 1
B 69 206 1
B 69 210 1
B 69 217 1
B 69 221 1
B 69 222 2
B 69 228 1
B 69 237 1
B 69 241 1
B 69 251 1
B 69 252 1
B 69 254 1
B 69 255 1
B 69 264 2
B 69 285 1
B 69 288 1
B 69 301 1
B 69 343 1
B 69 355 2
B 69 359 1
B 69 378 1
B 69 381 1
B 69 387 1
B 69 404 1
B 69 409 1
B 69 418 1
B 69 422 1
B 69 438 1
B 69 448 1
B 69 457 1
B 69 472 1
B 69 512 1
B 69 521 1
B 69 538 1
B 69 541 1
P 70 0.010
B 70 8 1
B 70 24 1
B 70 31 2
B 70 38 2
B 70 41 1
B 70 42 1
B 70 43 1
B 70 44 1
B 70 45 1
B 70 52 1
B 70 57 1
B 70 60 3
B 70 64 1
B 70 74 1
B 70 84 1
B 70 86 1
B 70 92 1
B 70 93 1
B 70 96 1
B 70 99 1
B 70 101 1
B 70 115 1
B 70 121 1
B 70 122 1
B 70 131 1
B 70 133 2
B 70 140 1
B 70 143 1
B 70 144 1
B 70 155 1
B 70 160 1
B 70 175 1
B 70 182 1
B 70 193 1
B 70 202 2
B 70 205 2
B 70 208 2
B 70 213 1
B 70 221 1
B 70 236 1
B 70 245 1
B 70 246 1
B 70 256 1
B 70 268 1
B 70 278 1
B 70 285 1
B 70 294 1
B 70 303 1
B 70 306 1
B 70 311 1
B 70 312 1
B 70 323 1
B 70 355 1
B 70 364 1
B 70 366 1
B 70 373 1
B 70 382 1
B 70 389 1
B 70 412 1
B 70 420 1
B 70 425 1
B 70 426 1
B 70 457 1
B 70 472 1
B 70 496 1
B 70 497 1
B 70 498 1
B 70 508 1
B 70 512 3
B 70 516 1
B 70 543 1
P 71 0.010
B 71 7 1
B 71 10 1
B 71 21 1
B 71 29 1
B 71 41 1
B 71 42 1
B 71 43 1
B 71 44 1
B 71 46 1
B 71 47 1
B 71 50 1
B 71 56 1
B 71 60 1
B 71 64 2
B 71 68 1
B 71 69 1
B 71 73 1
B 71 75 1
B 71 76 1
B 71 77 1
B 71 82 1
B 71 84 1
B 71 85 1
B 71 98 1
B 71 119 1
B 71 128 1
B 71 129 1
B 71 131 1
B 71 133 2
B 71 135 1
B 71 139 1
B 71 142 1
B 71 155 1
B 71 158 1
B 71 160 2
B 71 175 1
B 71 177 2
B 71 181 1
B 71 191 1
B 71 197 1
B 71 198 1
B 71 217 2
B 71 218 1
B 71 234 1
B 71 235 1
B 71 241 1
B 71 252 1
B 71 258 1
B 71 283 1
B 71 303 1
B 71 308 1
B 71 317 1
B 71 322 1
B 71 326 1
B 71 370 1
B 71 380 1
B 71 426 1
B 71 428 1
B 71 466 1
B 71 492 1
B 71 500 1
B 71 502 1
B 71 515 1
B 71 526 1
B 71 531 1
P 72 0.010
B 72 16 1
B 72 17 1
B 72 21 1
B 72 31 1
B 72 43 1
B 72 44 1
B 72 50 1
B 72 52 1
B 72 71 1
B 72 72 1
B 72 73 1
B 72 81 1
B 72 90 1
B 72 99 1
B 72 102 1
B 72 113 1
B 72 122 1
B 72 124 1
B 72 125 1
B 72 139 1
B 72 142 1
B 72 153 1
B 72 159 1
B 72 188 1
B 72 198 1
B 72 208 1
B 72 212 1
B 72 224 1
B 72 225 1
B 72 226 1
B 72 228 1
B 72 236 1
B 72 252 1
B 72 257 1
B 72 269 1
B 72 279 1
B 72 280 1
B 72 293 1
B 72 303 1
B 72 315 1
B 72 318 1
B 72 322 1
B 72 326 1
B 72 350 2
B 72 361 1
B 72 371 1
B 72 386 1
B 72 403 1
B 72 409 1
B 72 426 2
B 72 440 1
B 72 457 1
B 72 458 1
B 72 460 1
B 72 473 1
B 72 483 1
B 72 515 1
P 73 0.010
B 73 7 1
B 73 15 1
B 73 17 1
B 73 20 1
B 73 22 1
B 73 26 1
B 73 45 2
B 73 54 1
B 73 57 1
B 73 81 1
B 73 82 1
B 73 84 1
B 73 85 1
B 73 87 1
B 73 106 1
B 73 126 2
B 73 132 1
B 73 138 1
B 73 144 1
B 73 148 1
B 73 156 1
B 73 159 1
B 73 181 1
B 73 184 1
B 73 194 1
B 73 204 1
B 73 210 1
B 73 214 1
B 73 215 2
B 73 221 1
B 73 236 1
B 73 239 1
B 73 242 1
B 73 243 1
B 73 247 1
B 73 256 1
B 73 278 1
B 73 280 1
B 73 301 1
B 73 302 1
B 73 303 1
B 73 305 1
B 73 307 1
B 73 312 1
B 73 315 1
B 73 320 1
B 73 328 1
B 73 340 1
B 73 378 1
B 73 380 1
B 73 384 1
B 73 426 1
B 73 452 1
B 73 469 1
B 73 472 1
B 73 496 2
B 73 536 1
P 74 0.010
B 74 8 1
B 74 17 1
B 74 38 1
B 74 57 1
B 74 61 1
B 74 79 1
B 74 106 1
B 74 119 1
B 74 122 1
B 74 123 1
B 74 128 2
B 74 131 1
B 74 155 1
B 74 158 1
B 74 159 1
B 74 161 1
B 74 178 1
B 74 179 2
B 74 183 1
B 74 185 1
B 74 186 1
B 74 187 1
B 74 192 2
B 74 195 1
B 74 196 1
B 74 200 1
B 74 203 1
B 74 209 1
B 74 217 3
B 74 219 1
B 74 222 1
B 74 233 2
B 74 234 1
B 74 241 1
B 74 254 2
B 74 256 1
B 74 259 1
B 74 265 1
B 74 278 2
B 74 298 1
B 74 299 1
B 74 300 1
B 74 307 1
B 74 314 1
B 74 318 1
B 74 382 1
B 74 414 1
B 74 426 1
B 74 429 1
B 74 438 2
B 74 453 1
B 74 460 1
B 74 476 1
B 74 494 1
B 74 499 1
B 74 516 1
B 74 518 1
P 75 0.010
B 75 18 1
B 75 27 1
B 75 43 1
B 75 57 1
B 75 62 1
B 75 79 3
B 75 95 1
B 75 100 1
B 75 121 1
B 75 129 1
B 75 135 1
B 75 140 1
B 75 153 2
B 75 155 1
B 75 160 1
B 75 163 1
B 75 187 1
B 75 191 1
B 75 192 2
B 75 194 2
B 75 195 1
B 75 213 1
B 75 214 1
B 75 217 1
B 75 227 1
B 75 228 2
B 75 235 1
B 75 240 1
B 75 250 1
B 75 254 2
B 75 256 1
B 75 259 1
B 75 285 1
B 75 331 1
B 75 332 2
B 75 352 1
B 75 370 1
B 75 416 1
B 75 434 1
B 75 440 1
B 75 454 1
B 75 464 1
B 75 476 1
B 75 493 1
B 75 496 1
B 75 507 1
B 75 511 1
B 75 527 1
B 75 540 1
P 76 0.010
B 76 21 1
B 76 32 1
B 76 45 1
B 76 55 2
B 76 61 2
B 76 76 1
B 76 84 1
B 76 91 1
B 76 126 1
B 76 139 1
B 76 148 1
B 76 151 1
B 76 158 1
B 76 160 1
B 76 177 1
B 76 181 1
B 76 182 1
B 76 184 1
B 76 190 1
B 76 192 1
B 76 194 1
B 76 200 1
B 76 208 1
B 76 209 1
B 76 242 1
B 76 254 1
B 76 258 1
B 76 279 1
B 76 280 1
B 76 292 1
B 76 296 1
B 76 297 1
B 76 344 1
B 76 345 1
B 76 346 1
B 76 357 1
B 76 363 1
B 76 370 1
B 76 405 1
B 76 406 1
B 76 423 1
B 76 460 1
B 76 468 1
B 76 545 1
P 77 0.010
B 77 8 1
B 77 28 1
B 77 38 1
B 77 41 1
B 77 62 1
B 77 65 1
B 77 66 1
B 77 67 1
B 77 75 1
B 77 82 2
B 77 91 1
B 77 101 1
B 77 114 1
B 77 116 1
B 77 126 1
B 77 131 1
B 77 155 1
B 77 156 1
B 77 159 1
B 77 177 1
B 77 187 1
B 77 190 1
B 77 191 1
B 77 192 3
B 77 194 1
B 77 196 2
B 77 215 1
B 77 219 1
B 77 229 1
B 77 243 1
B 77 250 1
B 77 267 1
B 77 278 1
B 77 285 1
B 77 294 1
B 77 300 1
B 77 315 1
B 77 319 1
B 77 325 1
B 77 326 1
B 77 333 1
B 77 343 2
B 77 355 1
B 77 379 1
B 77 414 1
B 77 442 1
B 77 477 1
B 77 485 1
B 77 544 1
B 77 547 1
P 78 0.010
B 78 7 1
B 78 24 1
B 78 38 1
B 78 47 1
B 78 57 1
B 78 68 1
B 78 94 1
B 78 98 1
B 78 109 1
B 78 113 1
B 78 125 1
B 78 126 1
B 78 129 1
B 78 137 2
B 78 160 1
B 78 197 1
B 78 202 2
B 78 205 2
B 78 212 1
B 78 213 1
B 78 221 1
B 78 222 1
B 78 234 2
B 78 249 1
B 78 250 1
B 78 262 1
B 78 272 1
B 78 278 1
B 78 290 1
B 78 292 1
B 78 305 1
B 78 332 1
B 78 341 1
B 78 353 1
B 78 384 1
B 78 400 1
B 78 404 1
B 78 407 1
B 78 423 1
B 78 424 1
B 78 429 1
B 78 437 1
B 78 438 1
B 78 453 1
P 79 0.010
B 79 8 1
B 79 11 1
B 79 33 1
B 79 42 2
B 79 45 1
B 79 53 1
B 79 54 1
B 79 85 1
B 79 126 1
B 79 129 1
B 79 130 1
B 79 132 1
B 79 137 1
B 79 147 1
B 79 159 1
B 79 176 1
B 79 193 1
B 79 199 1
B 79 203 1
B 79 204 1
B 79 205 1
B 79 207 1
B 79 210 1
B 79 212 1
B 79 228 1
B 79 241 1
B 79 246 1
B 79 247 1
B 79 250 1
B 79 252 1
B 79 254 1
B 79 264 1
B 79 270 1
B 79 272 1
B 79 280 1
B 79 286 1
B 79 296 1
B 79 303 1
B 79 308 1
B 79 315 1
B 79 323 2
B 79 326 1
B 79 329 1
B 79 367 1
B 79 378 1
B 79 382 1
B 79 388 1
B 79 403 1
B 79 414 2
B 79 457 1
B 79 458 1
B 79 461 1
B 79 482 1
B 79 484 1
B 79 495 1
B 79 499 1
P 80 0.010
B 80 12 1
B 80 25 1
B 80 44 1
B 80 61 1
B 80 68 1
B 80 72 1
B 80 76 1
B 80 81 1
B 80 84 2
B 80 99 1
B 80 101 1
B 80 119 2
B 80 127 1
B 80 132 1
B 80 143 1
B 80 148 1
B 80 218 1
B 80 233 1
B 80 234 1
B 80 250 1
B 80 253 1
B 80 255 2
B 80 260 1
B 80 262 1
B 80 269 1
B 80 278 1
B 80 287 1
B 80 290 1
B 80 291 1
B 80 296 1
B 80 300 2
B 80 305 1
B 80 308 1
B 80 341 2
B 80 348 1
B 80 386 1
B 80 396 1
B 80 410 1
B 80 412 1
B 80 413 1
B 80 423 1
B 80 424 1
B 80 454 2
B 80 460 1
B 80 472 1
B 80 474 1
B 80 502 1
B 80 507 1
B 80 516 1
B 80 517 1
B 80 529 1
P 81 0.010
B 81 8 1
B 81 16 1
B 81 26 1
B 81 38 1
B 81 41 1
B 81 46 1
B 81 48 1
B 81 50 1
B 81 56 1
B 81 64 1
B 81 85 2
B 81 87 1
B 81 122 1
B 81 123 1
B 81 127 1
B 81 138 1
B 81 142 1
B 81 148 1
B 81 153 1
B 81 161 1
B 81 177 1
B 81 183 1
B 81 188 1
B 81 190 1
B 81 193 1
B 81 194 2
B 81 198 1
B 81 199 1
B 81 207 2
B 81 212 3
B 81 215 1
B 81 216 1
B 81 222 1
B 81 261 1
B 81 297 1
B 81 302 1
B 81 321 1
B 81 326 1
B 81 329 1
B 81 365 1
B 81 387 1
B 81 396 1
B 81 416 1
B 81 438 2
B 81 464 1
B 81 518 1
P 82 0.010
B 82 22 1
B 82 41 1
B 82 55 1
B 82 60 1
B 82 76 1
B 82 92 1
B 82 93 1
B 82 100 1
B 82 119 1
B 82 121 2
B 82 122 1
B 82 123 1
B 82 124 2
B 82 125 1
B 82 128 1
B 82 130 1
B 82 136 1
B 82 153 1
B 82 154 1
B 82 178 2
B 82 187 1
B 82 190 1
B 82 194 1
B 82 199 1
B 82 205 1
B 82 212 1
B 82 215 1
B 82 217 1
B 82 218 1
B 82 221 1
B 82 237 1
B 82 243 1
B 82 246 1
B 82 250 1
B 82 258 1
B 82 264 1
B 82 282 1
B 82 283 1
B 82 294 1
B 82 301 1
B 82 325 1
B 82 358 1
B 82 361 1
B 82 368 1
B 82 373 1
B 82 380 1
B 82 386 1
B 82 389 1
B 82 405 1
B 82 406 1
B 82 455 1
B 82 484 1
B 82 504 2
B 82 517 1
B 82 532 1
B 82 540 1
P 83 0.010
B 83 5 1
B 83 8 1
B 83 17 1
B 83 49 1
B 83 50 1
B 83 51 1
B 83 54 1
B 83 55 1
B 83 61 1
B 83 69 1
B 83 70 1
B 83 73 1
B 83 85 1
B 83 94 1
B 83 97 1
B 83 99 1
B 83 121 1
B 83 128 1
B 83 130 1
B 83 140 1
B 83 144 2
B 83 149 1
B 83 154 1
B 83 158 1
B 83 176 1
B 83 177 2
B 83 207 1
B 83 209 1
B 83 210 1
B 83 214 1
B 83 224 1
B 83 241 1
B 83 253 1
B 83 264 1
B 83 275 2
B 83 290 1
B 83 321 1
B 83 325 1
B 83 349 1
B 83 359 2
B 83 367 1
B 83 379 1
B 83 385 1
B 83 422 1
B 83 426 1
B 83 454 1
B 83 460 1
B 83 474 1
B 83 494 1
B 83 502 1
P 84 0.010
B 84 9 1
B 84 45 1
B 84 69 1
B 84 74 2
B 84 87 1
B 84 88 1
B 84 91 1
B 84 103 1
B 84 131 1
B 84 211 1
B 84 220 1
B 84 221 1
B 84 245 1
B 84 248 1
B 84 256 1
B 84 261 1
B 84 263 1
B 84 275 2
B 84 276 1
B 84 278 1
B 84 282 1
B 84 286 1
B 84 294 1
B 84 300 1
B 84 312 1
B 84 318 1
B 84 322 1
B 84 325 1
B 84 326 1
B 84 370 2
B 84 373 1
B 84 428 1
B 84 433 1
B 84 450 1
B 84 496 1
B 84 501 1
P 85 0.010
B 85 32 1
B 85 42 1
B 85 45 2
B 85 50 1
B 85 54 1
B 85 63 1
B 85 64 1
B 85 78 1
B 85 81 1
B 85 84 1
B 85 106 1
B 85 139 1
B 85 153 1
B 85 159 1
B 85 163 1
B 85 177 1
B 85 184 1
B 85 191 1
B 85 212 1
B 85 216 1
B 85 235 1
B 85 237 1
B 85 241 1
B 85 245 1
B 85 252 1
B 85 258 1
B 85 277 1
B 85 279 1
B 85 286 1
B 85 289 1
B 85 290 1
B 85 298 1
B 85 307 1
B 85 322 1
B 85 337 1
B 85 341 1
B 85 360 1
B 85 403 1
B 85 418 1
B 85 435 1
B 85 437 1
B 85 438 1
B 85 455 1
B 85 459 1
B 85 461 1
B 85 466 1
B 85 474 1
B 85 487 1
B 85 523 1
B 85 525 1
P 86 0.010
B 86 8 2
B 86 24 1
B 86 28 1
B 86 29 1
B 86 43 1
B 86 49 1
B 86 57 1
B 86 69 1
B 86 79 3
B 86 81 1
B 86 85 1
B 86 87 1
B 86 104 1
B 86 110 1
B 86 125 1
B 86 128 1
B 86 158 1
B 86 160 1
B 86 164 1
B 86 190 1
B 86 196 1
B 86 198 1
B 86 202 1
B 86 212 1
B 86 219 1
B 86 227 1
B 86 230 1
B 86 240 1
B 86 247 1
B 86 264 1
B 86 270 1
B 86 278 1
B 86 286 1
B 86 300 1
B 86 305 1
B 86 321 2
B 86 322 1
B 86 344 2
B 86 349 1
B 86 357 1
B 86 372 2
B 86 388 2
B 86 409 1
B 86 412 1
B 86 438 2
B 86 501 1
B 86 508 1
P 87 0.010
B 87 5 2
B 87 8 1
B 87 21 1
B 87 28 1
B 87 47 1
B 87 49 1
B 87 60 1
B 87 62 1
B 87 68 1
B 87 91 1
B 87 101 1
B 87 110 1
B 87 121 2
B 87 137 1
B 87 158 1
B 87 160 1
B 87 179 2
B 87 183 1
B 87 185 1
B 87 197 1
B 87 199 1
B 87 208 1
B 87 211 1
B 87 226 1
B 87 227 1
B 87 229 1
B 87 233 1
B 87 239 1
B 87 246 1
B 87 250 1
B 87 257 1
B 87 261 1
B 87 262 1
B 87 276 1
B 87 288 1
B 87 298 1
B 87 315 1
B 87 322 1
B 87 325 1
B 87 349 1
B 87 352 1
B 87 378 1
B 87 408 1
B 87 425 1
B 87 434 1
B 87 440 1
B 87 455 1
B 87 463 1
B 87 500 1
P 88 0.010
B 88 8 1
B 88 22 1
B 88 27 1
B 88 38 1
B 88 46 1
B 88 55 1
B 88 91 1
B 88 124 1
B 88 131 1
B 88 159 1
B 88 161 1
B 88 176 1
B 88 183 1
B 88 191 1
B 88 198 1
B 88 218 1
B 88 221 1
B 88 227 1
B 88 246 1
B 88 248 1
B 88 256 1
B 88 257 1
B 88 290 1
B 88 292 1
B 88 301 1
B 88 370 1
B 88 384 1
B 88 424 1
B 88 428 1
B 88 437 1
B 88 450 1
B 88 451 1
B 88 457 1
B 88 525 1
P 89 0.010
B 89 10 1
B 89 27 1
B 89 42 1
B 89 55 1
B 89 71 1
B 89 72 1
B 89 77 1
B 89 83 1
B 89 92 1
B 89 98 1
B 89 111 1
B 89 125 1
B 89 130 1
B 89 156 1
B 89 159 1
B 89 164 1
B 89 191 1
B 89 195 4
B 89 227 1
B 89 228 1
B 89 234 1
B 89 237 1
B 89 245 1
B 89 250 1
B 89 257 1
B 89 286 1
B 89 303 1
B 89 361 1
B 89 381 1
B 89 392 1
B 89 400 1
B 89 440 1
B 89 447 1
B 89 448 1
B 89 496 1
B 89 497 2
P 90 0.010
B 90 7 1
B 90 9 1
B 90 24 1
B 90 36 1
B 90 42 1
B 90 52 1
B 90 57 1
B 90 62 1
B 90 64 1
B 90 67 1
B 90 70 1
B 90 87 1
B 90 92 1
B 90 119 1
B 90 135 1
B 90 137 1
B 90 140 1
B 90 151 1
B 90 155 1
B 90 158 1
B 90 160 2
B 90 214 2
B 90 218 1
B 90 227 1
B 90 239 1
B 90 258 1
B 90 272 1
B 90 290 1
B 90 297 1
B 90 313 1
B 90 318 1
B 90 346 1
B 90 357 1
B 90 370 1
B 90 373 1
B 90 379 1
B 90 381 1
B 90 394 1
B 90 404 1
B 90 409 1
B 90 416 1
B 90 434 1
B 90 438 1
B 90 461 1
B 90 462 1
B 90 470 1
B 90 484 1
B 90 503 1
B 90 517 1
P 91 0.010
B 91 5 1
B 91 7 1
B 91 17 1
B 91 30 1
B 91 53 2
B 91 57 1
B 91 72 1
B 91 79 1
B 91 82 1
B 91 83 1
B 91 87 1
B 91 96 1
B 91 97 1
B 91 103 1
B 91 121 1
B 91 126 1
B 91 130 1
B 91 159 2
B 91 177 1
B 91 183 1
B 91 193 1
B 91 195 1
B 91 199 1
B 91 215 1
B 91 234 1
B 91 241 1
B 91 253 1
B 91 254 1
B 91 278 1
B 91 301 1
B 91 303 1
B 91 304 1
B 91 309 1
B 91 311 1
B 91 317 1
B 91 337 1
B 91 343 1
B 91 360 1
B 91 370 1
B 91 401 1
B 91 440 1
B 91 517 1
P 92 0.010
B 92 7 1
B 92 27 1
B 92 42 1
B 92 45 1
B 92 54 1
B 92 60 1
B 92 62 1
B 92 67 1
B 92 68 1
B 92 70 1
B 92 77 1
B 92 80 1
B 92 84 1
B 92 85 1
B 92 88 1
B 92 91 1
B 92 111 1
B 92 123 1
B 92 152 1
B 92 159 1
B 92 174 1
B 92 187 1
B 92 193 1
B 92 215 1
B 92 218 1
B 92 221 1
B 92 224 1
B 92 241 1
B 92 249 1
B 92 256 1
B 92 276 1
B 92 290 1
B 92 291 1
B 92 294 1
B 92 314 1
B 92 316 1
B 92 318 1
B 92 328 1
B 92 331 1
B 92 344 1
B 92 348 1
B 92 399 1
B 92 400 1
B 92 424 1
B 92 426 1
B 92 434 1
B 92 487 1
B 92 547 1
P 93 0.010
B 93 5 1
B 93 20 1
B 93 21 1
B 93 42 1
B 93 46 1
B 93 55 1
B 93 63 1
B 93 82 1
B 93 92 1
B 93 128 1
B 93 132 1
B 93 137 1
B 93 150 1
B 93 154 1
B 93 175 1
B 93 181 1
B 93 202 1
B 93 211 1
B 93 212 1
B 93 213 1
B 93 225 1
B 93 234 1
B 93 250 1
B 93 254 1
B 93 255 1
B 93 256 1
B 93 262 1
B 93 278 1
B 93 279 2
B 93 282 1
B 93 297 1
B 93 299 1
B 93 302 1
B 93 311 1
B 93 327 1
B 93 331 1
B 93 337 1
B 93 344 1
B 93 346 1
B 93 370 1
B 93 385 1
B 93 413 1
B 93 446 1
B 93 450 1
B 93 454 1
B 93 473 1
B 93 483 1
B 93 508 1
B 93 512 1
B 93 516 1
B 93 543 1
P 94 0.010
B 94 18 1
B 94 26 1
B 94 46 1
B 94 55 1
B 94 60 1
B 94 61 1
B 94 62 1
B 94 68 1
B 94 69 1
B 94 71 1
B 94 84 1
B 94 85 1
B 94 93 1
B 94 100 1
B 94 132 1
B 94 140 1
B 94 148 1
B 94 154 1
B 94 177 1
B 94 181 1
B 94 186 1
B 94 190 1
B 94 192 1
B 94 207 1
B 94 225 1
B 94 234 1
B 94 236 1
B 94 244 1
B 94 251 1
B 94 253 1
B 94 256 1
B 94 268 1
B 94 276 1
B 94 279 1
B 94 326 1
B 94 337 1
B 94 344 2
B 94 352 1
B 94 361 1
B 94 370 1
B 94 388 1
B 94 392 1
B 94 393 1
B 94 417 1
B 94 420 1
B 94 435 1
B 94 450 1
B 94 460 1
B 94 476 1
B 94 507 1
B 94 518 1
B 94 538 1
P 95 0.010
B 95 7 1
B 95 17 1
B 95 24 1
B 95 27 1
B 95 38 1
B 95 47 1
B 95 54 1
B 95 55 1
B 95 56 1
B 95 62 1
B 95 74 1
B 95 78 1
B 95 81 1
B 95 85 2
B 95 86 1
B 95 98 2
B 95 102 1
B 95 128 1
B 95 131 1
B 95 140 1
B 95 153 1
B 95 175 1
B 95 179 1
B 95 187 1
B 95 190 1
B 95 198 1
B 95 200 1
B 95 205 1
B 95 208 1
B 95 210 1
B 95 214 2
B 95 228 1
B 95 230 1
B 95 234 2
B 95 239 1
B 95 249 1
B 95 251 1
B 95 254 1
B 95 268 1
B 95 272 2
B 95 292 1
B 95 302 2
B 95 312 1
B 95 322 1
B 95 324 1
B 95 325 1
B 95 382 1
B 95 392 1
B 95 400 1
B 95 440 1
B 95 450 1
B 95 455 1
B 95 457 1
B 95 466 1
B 95 467 1
B 95 482 1
B 95 500 1
B 95 524 1
B 95 526 1
B 95 541 1
B 95 542 1
P 96 0.010
B 96 7 1
B 96 21 1
B 96 44 1
B 96 52 1
B 96 53 1
B 96 54 1
B 96 61 1
B 96 75 1
B 96 82 1
B 96 83 1
B 96 89 1
B 96 103 2
B 96 121 1
B 96 122 1
B 96 123 1
B 96 126 1
B 96 133 1
B 96 148 1
B 96 158 1
B 96 159 1
B 96 179 2
B 96 192 1
B 96 204 1
B 96 205 2
B 96 207 2
B 96 211 1
B 96 227 1
B 96 230 1
B 96 234 2
B 96 237 1
B 96 239 1
B 96 241 1
B 96 243 1
B 96 244 1
B 96 250 1
B 96 254 2
B 96 264 1
B 96 267 1
B 96 277 2
B 96 285 1
B 96 297 1
B 96 301 1
B 96 401 1
B 96 410 1
B 96 424 1
B 96 432 1
B 96 454 1
B 96 457 1
B 96 466 1
B 96 478 1
B 96 485 1
B 96 487 1
B 96 500 1
B 96 540 1
P 97 0.010
B 97 37 1
B 97 41 1
B 97 42 1
B 97 49 1
B 97 52 1
B 97 74 1
B 97 75 1
B 97 76 1
B 97 81 2
B 97 82 1
B 97 88 1
B 97 123 1
B 97 124 1
B 97 132 1
B 97 139 1
B 97 163 1
B 97 174 1
B 97 185 1
B 97 186 1
B 97 202 1
B 97 205 1
B 97 210 1
B 97 224 1
B 97 237 1
B 97 251 1
B 97 256 1
B 97 257 1
B 97 267 1
B 97 278 1
B 97 285 1
B 97 290 1
B 97 305 1
B 97 306 1
B 97 311 1
B 97 325 1
B 97 349 1
B 97 363 1
B 97 366 1
B 97 406 1
B 97 419 1
B 97 449 1
B 97 450 1
B 97 457 1
B 97 487 1
B 97 519 1
B 97 543 1
B 97 545 1
P 98 0.010
B 98 18 1
B 98 22 1
B 98 42 1
B 98 50 2
B 98 53 1
B 98 70 1
B 98 73 1
B 98 80 1
B 98 81 1
B 98 89 1
B 98 96 1
B 98 104 1
B 98 129 1
B 98 144 1
B 98 153 1
B 98 155 1
B 98 203 1
B 98 204 1
B 98 215 1
B 98 216 1
B 98 218 1
B 98 241 1
B 98 249 1
B 98 251 1
B 98 255 2
B 98 257 1
B 98 258 1
B 98 290 1
B 98 300 1
B 98 325 1
B 98 359 1
B 98 370 1
B 98 371 1
B 98 379 1
B 98 403 1
B 98 411 1
B 98 413 1
B 98 429 1
B 98 470 1
B 98 497 1
B 98 498 1
B 98 500 1
B 98 518 1
B 98 525 1
P 99 0.010
B 99 47 1
B 99 53 1
B 99 60 1
B 99 62 1
B 99 71 1
B 99 76 1
B 99 79 1
B 99 83 1
B 99 91 1
B 99 119 1
B 99 122 1
B 99 125 1
B 99 140 1
B 99 153 1
B 99 193 1
B 99 196 1
B 99 197 2
B 99 205 1
B 99 213 1
B 99 234 1
B 99 239 1
B 99 248 1
B 99 254 1
B 99 256 1
B 99 268 1
B 99 278 1
B 99 279 1
B 99 294 1
B 99 302 1
B 99 306 1
B 99 312 1
B 99 315 1
B 99 319 1
B 99 321 1
B 99 322 1
B 99 328 1
B 99 361 1
B 99 374 1
B 99 384 1
B 99 404 1
B 99 408 1
B 99 430 1
B 99 434 1
B 99 487 1
B 99 490 1
B 99 497 1
B 99 521 1
B 99 545 1
