50
P 0 0.020
B 0 0 1
B 0 5 4
B 0 6 1
B 0 7 1
B 0 9 1
B 0 14 1
B 0 15 1
B 0 17 4
B 0 18 3
B 0 22 1
B 0 24 2
B 0 25 1
B 0 27 1
B 0 28 4
B 0 32 2
B 0 33 2
B 0 34 2
B 0 36 3
B 0 41 2
B 0 42 4
B 0 43 1
B 0 44 1
B 0 45 2
B 0 46 2
B 0 49 1
B 0 50 2
B 0 51 2
B 0 52 5
B 0 53 2
B 0 54 1
B 0 55 2
B 0 57 1
B 0 58 1
B 0 59 1
B 0 60 2
B 0 61 2
B 0 62 1
B 0 64 1
B 0 68 2
B 0 69 3
B 0 72 4
B 0 73 4
B 0 75 5
B 0 76 2
B 0 77 3
B 0 78 1
B 0 81 2
B 0 85 2
B 0 86 1
B 0 87 1
B 0 88 2
B 0 90 2
B 0 91 1
B 0 92 1
B 0 95 1
B 0 97 1
B 0 98 1
B 0 99 1
B 0 100 1
B 0 101 1
B 0 102 2
B 0 103 2
B 0 104 2
B 0 105 1
B 0 108 1
B 0 109 1
B 0 112 1
B 0 113 1
B 0 114 3
B 0 116 2
B 0 119 1
B 0 121 1
B 0 122 3
B 0 123 1
B 0 124 2
B 0 125 1
B 0 126 1
B 0 127 3
B 0 128 3
B 0 129 1
B 0 130 3
B 0 131 2
B 0 132 1
B 0 133 1
B 0 134 1
B 0 135 2
B 0 136 2
B 0 137 3
B 0 141 1
B 0 142 1
B 0 143 1
B 0 145 1
B 0 147 2
B 0 149 1
B 0 153 3
B 0 154 2
B 0 155 2
B 0 156 1
B 0 158 3
B 0 159 1
B 0 160 4
B 0 161 3
B 0 162 1
B 0 163 1
B 0 167 1
B 0 174 1
B 0 175 3
B 0 179 2
B 0 181 2
B 0 182 1
B 0 183 1
B 0 185 1
B 0 186 1
B 0 187 1
B 0 188 3
B 0 190 1
B 0 191 2
B 0 192 1
B 0 193 3
B 0 194 1
B 0 195 1
B 0 197 1
B 0 198 2
B 0 199 1
B 0 202 2
B 0 203 3
B 0 204 2
B 0 205 3
B 0 206 1
B 0 207 2
B 0 208 3
B 0 210 1
B 0 212 2
B 0 213 4
B 0 214 1
B 0 215 4
B 0 217 2
B 0 219 4
B 0 221 1
B 0 223 1
B 0 224 1
B 0 225 1
B 0 227 1
B 0 228 1
B 0 230 1
B 0 234 1
B 0 236 2
B 0 239 2
B 0 240 1
B 0 241 1
B 0 242 2
B 0 243 3
B 0 245 1
B 0 246 1
B 0 248 3
B 0 249 3
B 0 250 3
B 0 251 1
B 0 253 4
B 0 254 2
B 0 255 4
B 0 256 3
B 0 257 1
B 0 258 2
B 0 259 1
B 0 261 1
B 0 262 3
B 0 263 1
B 0 264 1
B 0 267 1
B 0 268 1
B 0 270 2
B 0 272 1
B 0 274 1
B 0 275 1
B 0 276 2
B 0 277 6
B 0 278 2
B 0 279 1
B 0 280 2
B 0 282 1
B 0 286 2
B 0 289 2
B 0 291 1
B 0 292 1
B 0 293 1
B 0 294 2
B 0 296 1
B 0 297 1
B 0 298 1
B 0 299 1
B 0 301 1
B 0 304 1
B 0 308 2
B 0 314 1
B 0 316 1
B 0 317 1
B 0 318 1
B 0 323 1
B 0 324 2
B 0 327 1
B 0 328 2
B 0 329 1
B 0 331 1
B 0 332 1
B 0 333 1
B 0 337 1
B 0 338 1
B 0 345 1
B 0 346 1
B 0 348 1
B 0 349 1
B 0 352 2
B 0 353 3
B 0 354 1
B 0 359 2
B 0 362 1
B 0 371 1
B 0 373 1
B 0 376 1
B 0 378 1
B 0 380 1
B 0 384 1
B 0 385 1
B 0 386 2
B 0 387 1
B 0 388 1
B 0 389 1
B 0 390 1
B 0 391 1
B 0 396 2
B 0 400 2
B 0 403 1
B 0 404 1
B 0 405 2
B 0 406 1
B 0 409 1
B 0 411 1
B 0 413 1
B 0 414 1
B 0 416 2
B 0 417 1
B 0 418 1
B 0 420 4
B 0 422 1
B 0 424 2
B 0 426 1
B 0 428 1
B 0 429 1
B 0 430 1
B 0 431 1
B 0 433 1
B 0 438 4
B 0 440 2
B 0 444 1
B 0 446 1
B 0 450 4
B 0 454 2
B 0 457 2
B 0 460 4
B 0 461 2
B 0 464 1
B 0 466 1
B 0 474 1
B 0 476 1
B 0 481 2
B 0 482 1
B 0 483 1
B 0 484 1
B 0 485 1
B 0 487 1
B 0 493 1
B 0 496 2
B 0 500 2
B 0 501 1
B 0 502 1
B 0 503 1
B 0 504 1
B 0 510 1
B 0 513 1
B 0 521 2
B 0 523 1
B 0 531 1
B 0 532 1
B 0 541 3
B 0 544 1
B 0 548 1
P 1 0.020
B 1 6 1
B 1 16 1
B 1 18 3
B 1 21 2
B 1 26 2
B 1 41 1
B 1 47 1
B 1 50 1
B 1 53 2
B 1 54 2
B 1 56 1
B 1 61 1
B 1 64 1
B 1 69 1
B 1 72 1
B 1 73 1
B 1 74 1
B 1 75 2
B 1 81 1
B 1 90 1
B 1 98 1
B 1 100 1
B 1 102 1
B 1 104 1
B 1 108 1
B 1 111 1
B 1 114 1
B 1 119 1
B 1 122 1
B 1 138 1
B 1 144 1
B 1 146 1
B 1 156 1
B 1 160 2
B 1 161 1
B 1 163 1
B 1 179 2
B 1 181 1
B 1 184 1
B 1 190 2
B 1 191 1
B 1 193 2
B 1 194 1
B 1 196 1
B 1 202 2
B 1 203 1
B 1 204 1
B 1 205 2
B 1 207 1
B 1 209 1
B 1 212 1
B 1 216 1
B 1 217 1
B 1 218 1
B 1 228 1
B 1 230 1
B 1 237 1
B 1 240 1
B 1 241 1
B 1 243 1
B 1 244 1
B 1 252 1
B 1 254 3
B 1 256 1
B 1 258 1
B 1 264 1
B 1 269 1
B 1 276 1
B 1 278 1
B 1 279 2
B 1 282 2
B 1 284 1
B 1 299 2
B 1 302 1
B 1 306 2
B 1 309 1
B 1 311 1
B 1 322 1
B 1 325 1
B 1 337 1
B 1 341 2
B 1 344 1
B 1 346 1
B 1 357 1
B 1 371 1
B 1 373 2
B 1 375 1
B 1 379 1
B 1 390 2
B 1 394 1
B 1 406 1
B 1 420 1
B 1 426 1
B 1 428 1
B 1 438 3
B 1 453 1
B 1 455 1
B 1 461 1
B 1 467 1
B 1 485 1
B 1 487 1
B 1 502 1
B 1 503 1
B 1 512 1
B 1 513 1
P 2 0.020
B 2 3 1
B 2 5 1
B 2 11 1
B 2 17 1
B 2 20 2
B 2 23 1
B 2 38 2
B 2 39 1
B 2 43 1
B 2 44 1
B 2 46 2
B 2 54 1
B 2 55 1
B 2 56 2
B 2 67 1
B 2 69 1
B 2 76 4
B 2 77 2
B 2 78 1
B 2 81 1
B 2 83 1
B 2 84 1
B 2 86 1
B 2 90 1
B 2 92 1
B 2 100 2
B 2 105 1
B 2 108 1
B 2 121 1
B 2 124 1
B 2 126 1
B 2 127 1
B 2 128 1
B 2 129 1
B 2 131 1
B 2 133 1
B 2 134 1
B 2 137 1
B 2 140 1
B 2 146 1
B 2 148 3
B 2 168 1
B 2 176 1
B 2 185 1
B 2 188 1
B 2 189 1
B 2 191 3
B 2 192 2
B 2 196 1
B 2 198 1
B 2 204 1
B 2 205 1
B 2 206 1
B 2 208 1
B 2 214 1
B 2 217 1
B 2 219 1
B 2 226 1
B 2 227 1
B 2 230 1
B 2 232 1
B 2 234 1
B 2 238 1
B 2 241 1
B 2 242 1
B 2 245 1
B 2 249 1
B 2 250 1
B 2 251 1
B 2 253 1
B 2 255 1
B 2 258 1
B 2 262 1
B 2 264 1
B 2 271 1
B 2 273 1
B 2 277 1
B 2 278 1
B 2 280 1
B 2 283 1
B 2 296 1
B 2 299 1
B 2 309 1
B 2 314 1
B 2 323 2
B 2 325 1
B 2 328 1
B 2 329 2
B 2 332 1
B 2 345 1
B 2 357 1
B 2 374 1
B 2 375 1
B 2 379 1
B 2 381 1
B 2 389 1
B 2 410 1
B 2 423 1
B 2 426 1
B 2 427 1
B 2 431 1
B 2 438 1
B 2 451 1
B 2 454 1
B 2 457 2
B 2 470 1
B 2 488 1
B 2 495 1
B 2 500 1
B 2 525 1
B 2 541 3
B 2 543 1
B 2 545 1
P 3 0.020
B 3 8 1
B 3 12 1
B 3 19 1
B 3 22 1
B 3 24 1
B 3 39 1
B 3 41 3
B 3 42 1
B 3 46 1
B 3 51 1
B 3 53 1
B 3 54 1
B 3 55 1
B 3 60 1
B 3 62 1
B 3 64 1
B 3 67 1
B 3 68 1
B 3 70 1
B 3 72 2
B 3 74 1
B 3 77 1
B 3 79 1
B 3 83 1
B 3 85 3
B 3 86 1
B 3 93 2
B 3 101 1
B 3 105 1
B 3 119 1
B 3 121 2
B 3 123 1
B 3 127 1
B 3 129 1
B 3 131 2
B 3 132 1
B 3 135 1
B 3 136 1
B 3 137 1
B 3 141 1
B 3 142 2
B 3 145 1
B 3 155 2
B 3 159 1
B 3 160 1
B 3 163 1
B 3 183 2
B 3 197 1
B 3 198 1
B 3 203 1
B 3 211 1
B 3 214 2
B 3 221 1
B 3 225 1
B 3 227 1
B 3 228 1
B 3 234 1
B 3 237 1
B 3 239 2
B 3 241 2
B 3 246 1
B 3 250 2
B 3 252 1
B 3 258 1
B 3 262 2
B 3 266 1
B 3 273 1
B 3 276 1
B 3 279 1
B 3 293 3
B 3 300 2
B 3 303 1
B 3 304 1
B 3 305 1
B 3 306 1
B 3 308 1
B 3 312 1
B 3 314 1
B 3 324 1
B 3 333 1
B 3 337 1
B 3 341 1
B 3 348 1
B 3 353 1
B 3 354 1
B 3 361 1
B 3 370 1
B 3 371 1
B 3 378 1
B 3 382 1
B 3 389 3
B 3 409 1
B 3 410 1
B 3 412 1
B 3 423 1
B 3 427 1
B 3 434 1
B 3 437 1
B 3 454 1
B 3 457 1
B 3 461 1
B 3 470 3
B 3 472 1
B 3 473 2
B 3 475 1
B 3 484 1
B 3 521 1
B 3 548 1
P 4 0.020
B 4 17 1
B 4 18 1
B 4 26 1
B 4 27 1
B 4 37 1
B 4 42 1
B 4 47 1
B 4 55 1
B 4 60 3
B 4 61 1
B 4 62 1
B 4 70 1
B 4 71 1
B 4 72 1
B 4 74 1
B 4 75 2
B 4 77 1
B 4 78 1
B 4 82 1
B 4 89 1
B 4 91 1
B 4 98 1
B 4 105 1
B 4 118 1
B 4 122 2
B 4 133 1
B 4 136 1
B 4 148 1
B 4 154 1
B 4 158 2
B 4 160 2
B 4 163 1
B 4 177 2
B 4 181 2
B 4 187 1
B 4 188 1
B 4 192 2
B 4 207 1
B 4 213 2
B 4 215 1
B 4 224 2
B 4 227 2
B 4 242 1
B 4 244 1
B 4 246 2
B 4 251 1
B 4 252 1
B 4 255 1
B 4 257 2
B 4 258 2
B 4 262 3
B 4 277 1
B 4 287 2
B 4 294 1
B 4 297 1
B 4 303 1
B 4 310 1
B 4 314 1
B 4 315 1
B 4 325 1
B 4 331 1
B 4 343 1
B 4 345 1
B 4 352 1
B 4 358 1
B 4 367 1
B 4 368 1
B 4 370 1
B 4 371 1
B 4 373 1
B 4 375 1
B 4 379 1
B 4 382 1
B 4 387 1
B 4 392 1
B 4 394 1
B 4 417 1
B 4 418 2
B 4 419 1
B 4 427 3
B 4 454 1
B 4 455 1
B 4 457 2
B 4 462 1
B 4 483 1
B 4 490 1
B 4 493 1
B 4 500 1
B 4 501 1
B 4 518 1
B 4 539 1
B 4 540 1
B 4 548 1
P 5 0.020
B 5 5 2
B 5 7 1
B 5 17 1
B 5 19 1
B 5 24 2
B 5 25 1
B 5 38 1
B 5 42 1
B 5 43 1
B 5 44 1
B 5 47 1
B 5 49 2
B 5 53 1
B 5 55 2
B 5 69 1
B 5 70 1
B 5 71 1
B 5 73 1
B 5 83 1
B 5 91 1
B 5 92 1
B 5 103 2
B 5 106 1
B 5 118 1
B 5 119 1
B 5 128 4
B 5 131 1
B 5 133 1
B 5 137 1
B 5 151 1
B 5 155 1
B 5 158 1
B 5 175 1
B 5 177 1
B 5 179 1
B 5 185 1
B 5 186 1
B 5 187 1
B 5 188 1
B 5 192 3
B 5 194 2
B 5 198 2
B 5 199 1
B 5 205 3
B 5 208 1
B 5 211 3
B 5 212 1
B 5 213 1
B 5 217 1
B 5 219 1
B 5 221 2
B 5 222 1
B 5 227 1
B 5 233 1
B 5 234 1
B 5 238 1
B 5 242 2
B 5 244 1
B 5 249 1
B 5 251 1
B 5 254 1
B 5 255 1
B 5 257 1
B 5 258 1
B 5 264 1
B 5 277 1
B 5 278 2
B 5 286 1
B 5 288 1
B 5 294 3
B 5 296 2
B 5 300 1
B 5 310 1
B 5 318 1
B 5 323 1
B 5 325 1
B 5 327 1
B 5 337 2
B 5 353 1
B 5 355 1
B 5 356 1
B 5 366 1
B 5 370 2
B 5 384 1
B 5 388 1
B 5 396 1
B 5 403 1
B 5 404 2
B 5 405 1
B 5 414 1
B 5 417 1
B 5 418 1
B 5 422 1
B 5 423 1
B 5 426 1
B 5 428 1
B 5 438 1
B 5 440 2
B 5 450 1
B 5 454 1
B 5 457 1
B 5 475 1
B 5 481 1
B 5 484 1
B 5 487 1
B 5 494 2
B 5 496 1
B 5 500 1
B 5 501 1
B 5 525 1
B 5 530 1
B 5 532 1
P 6 0.020
B 6 5 1
B 6 9 1
B 6 18 1
B 6 38 1
B 6 45 1
B 6 50 1
B 6 51 1
B 6 57 2
B 6 62 2
B 6 64 1
B 6 65 1
B 6 71 1
B 6 72 1
B 6 77 1
B 6 90 2
B 6 91 1
B 6 93 2
B 6 99 2
B 6 100 2
B 6 114 1
B 6 129 1
B 6 137 1
B 6 144 3
B 6 153 1
B 6 154 1
B 6 174 1
B 6 176 1
B 6 177 2
B 6 182 1
B 6 184 1
B 6 188 1
B 6 197 1
B 6 199 1
B 6 202 1
B 6 203 2
B 6 204 1
B 6 208 1
B 6 210 1
B 6 215 2
B 6 218 1
B 6 219 2
B 6 226 1
B 6 227 1
B 6 234 1
B 6 236 1
B 6 244 1
B 6 246 1
B 6 247 1
B 6 249 1
B 6 250 1
B 6 251 2
B 6 253 1
B 6 254 2
B 6 258 1
B 6 279 1
B 6 287 1
B 6 288 1
B 6 293 1
B 6 294 3
B 6 296 1
B 6 315 1
B 6 317 1
B 6 321 1
B 6 324 1
B 6 343 1
B 6 372 2
B 6 377 1
B 6 380 1
B 6 403 1
B 6 406 2
B 6 409 2
B 6 426 1
B 6 432 1
B 6 434 1
B 6 438 1
B 6 440 1
B 6 450 1
B 6 457 1
B 6 458 2
B 6 460 2
B 6 462 1
B 6 464 1
B 6 470 2
B 6 473 1
B 6 480 1
B 6 501 1
B 6 502 1
B 6 521 1
B 6 525 1
B 6 545 1
P 7 0.020
B 7 0 1
B 7 8 1
B 7 16 1
B 7 29 2
B 7 32 1
B 7 38 1
B 7 41 1
B 7 44 1
B 7 46 1
B 7 47 1
B 7 54 2
B 7 55 1
B 7 64 2
B 7 68 1
B 7 69 1
B 7 70 2
B 7 72 1
B 7 76 1
B 7 82 1
B 7 85 2
B 7 89 1
B 7 92 4
B 7 101 1
B 7 105 1
B 7 122 1
B 7 124 1
B 7 126 1
B 7 132 2
B 7 138 1
B 7 142 1
B 7 153 1
B 7 155 1
B 7 156 1
B 7 158 1
B 7 163 1
B 7 179 1
B 7 191 1
B 7 192 1
B 7 193 1
B 7 195 1
B 7 196 1
B 7 199 1
B 7 201 1
B 7 203 2
B 7 207 1
B 7 212 1
B 7 213 1
B 7 215 1
B 7 219 3
B 7 221 2
B 7 225 1
B 7 234 4
B 7 237 2
B 7 241 1
B 7 249 1
B 7 250 1
B 7 251 1
B 7 253 1
B 7 256 1
B 7 278 1
B 7 280 1
B 7 282 1
B 7 283 1
B 7 285 1
B 7 288 2
B 7 297 1
B 7 301 2
B 7 304 1
B 7 306 1
B 7 310 1
B 7 312 1
B 7 319 1
B 7 325 1
B 7 332 1
B 7 333 1
B 7 341 1
B 7 353 1
B 7 363 2
B 7 366 1
B 7 370 1
B 7 371 1
B 7 373 1
B 7 375 1
B 7 382 1
B 7 383 1
B 7 388 1
B 7 389 1
B 7 392 1
B 7 401 1
B 7 409 1
B 7 417 1
B 7 438 1
B 7 440 2
B 7 450 1
B 7 455 1
B 7 460 1
B 7 462 1
B 7 464 1
B 7 470 1
B 7 474 1
B 7 476 1
B 7 500 1
B 7 513 1
B 7 518 1
B 7 522 1
B 7 530 1
B 7 533 1
B 7 538 1
P 8 0.020
B 8 7 1
B 8 8 1
B 8 12 1
B 8 17 1
B 8 28 1
B 8 32 1
B 8 37 1
B 8 38 1
B 8 42 1
B 8 50 1
B 8 62 1
B 8 64 1
B 8 69 1
B 8 71 1
B 8 72 2
B 8 75 1
B 8 80 2
B 8 83 2
B 8 84 1
B 8 88 1
B 8 101 1
B 8 103 1
B 8 110 1
B 8 119 1
B 8 121 1
B 8 122 3
B 8 126 1
B 8 127 1
B 8 130 1
B 8 132 1
B 8 134 1
B 8 136 1
B 8 137 3
B 8 138 1
B 8 140 1
B 8 141 1
B 8 149 1
B 8 153 1
B 8 158 1
B 8 166 1
B 8 176 1
B 8 178 1
B 8 181 2
B 8 183 1
B 8 194 1
B 8 198 1
B 8 202 2
B 8 203 1
B 8 205 1
B 8 207 1
B 8 209 1
B 8 210 1
B 8 213 1
B 8 220 1
B 8 222 2
B 8 227 1
B 8 239 1
B 8 242 1
B 8 243 1
B 8 251 1
B 8 255 1
B 8 261 1
B 8 267 1
B 8 275 1
B 8 282 1
B 8 288 2
B 8 290 1
B 8 297 1
B 8 299 2
B 8 301 1
B 8 302 1
B 8 308 1
B 8 311 1
B 8 313 1
B 8 316 1
B 8 319 2
B 8 321 1
B 8 325 1
B 8 326 1
B 8 328 1
B 8 341 1
B 8 343 1
B 8 347 2
B 8 352 3
B 8 361 2
B 8 396 1
B 8 410 1
B 8 427 1
B 8 428 2
B 8 437 1
B 8 438 3
B 8 440 2
B 8 446 1
B 8 451 1
B 8 454 2
B 8 464 1
B 8 466 1
B 8 472 1
B 8 488 1
B 8 495 1
B 8 499 1
B 8 521 1
B 8 532 1
B 8 535 1
B 8 538 1
P 9 0.020
B 9 7 1
B 9 15 1
B 9 17 2
B 9 29 1
B 9 38 1
B 9 44 1
B 9 45 1
B 9 58 1
B 9 61 1
B 9 69 1
B 9 72 1
B 9 73 1
B 9 74 2
B 9 75 1
B 9 81 1
B 9 82 1
B 9 86 1
B 9 90 1
B 9 106 1
B 9 121 1
B 9 125 1
B 9 127 1
B 9 129 1
B 9 131 1
B 9 132 1
B 9 133 1
B 9 137 2
B 9 139 1
B 9 145 1
B 9 148 1
B 9 153 1
B 9 158 1
B 9 174 1
B 9 178 1
B 9 184 1
B 9 191 2
B 9 192 1
B 9 204 1
B 9 208 1
B 9 212 1
B 9 218 1
B 9 221 1
B 9 222 1
B 9 224 1
B 9 225 1
B 9 228 1
B 9 240 1
B 9 241 1
B 9 247 1
B 9 252 1
B 9 264 1
B 9 266 1
B 9 267 1
B 9 269 1
B 9 272 1
B 9 299 1
B 9 302 1
B 9 306 1
B 9 311 1
B 9 316 1
B 9 325 2
B 9 332 1
B 9 341 1
B 9 346 2
B 9 357 1
B 9 364 1
B 9 371 1
B 9 388 1
B 9 396 1
B 9 400 1
B 9 417 1
B 9 420 1
B 9 428 1
B 9 429 1
B 9 431 1
B 9 438 1
B 9 450 1
B 9 453 1
B 9 454 1
B 9 457 2
B 9 460 1
B 9 470 1
B 9 482 1
B 9 501 1
B 9 512 1
B 9 514 1
B 9 534 1
P 10 0.020
B 10 1 1
B 10 16 1
B 10 18 2
B 10 22 1
B 10 23 1
B 10 24 1
B 10 28 2
B 10 29 1
B 10 36 1
B 10 49 1
B 10 52 1
B 10 54 1
B 10 55 2
B 10 56 1
B 10 64 1
B 10 65 1
B 10 66 1
B 10 70 1
B 10 72 1
B 10 73 1
B 10 75 2
B 10 79 1
B 10 82 1
B 10 84 1
B 10 88 1
B 10 89 1
B 10 90 1
B 10 100 1
B 10 108 1
B 10 109 1
B 10 112 1
B 10 117 1
B 10 123 1
B 10 124 1
B 10 126 1
B 10 130 2
B 10 131 1
B 10 132 1
B 10 133 1
B 10 154 1
B 10 155 1
B 10 160 2
B 10 161 1
B 10 163 1
B 10 187 1
B 10 195 1
B 10 198 1
B 10 204 1
B 10 207 1
B 10 213 1
B 10 216 1
B 10 218 1
B 10 226 1
B 10 234 1
B 10 236 1
B 10 239 1
B 10 242 1
B 10 249 1
B 10 252 1
B 10 253 1
B 10 254 1
B 10 256 2
B 10 258 1
B 10 261 2
B 10 277 1
B 10 278 1
B 10 282 1
B 10 287 1
B 10 290 1
B 10 292 1
B 10 294 1
B 10 297 1
B 10 312 1
B 10 322 2
B 10 327 1
B 10 331 1
B 10 337 1
B 10 344 1
B 10 358 1
B 10 363 2
B 10 378 1
B 10 388 1
B 10 394 1
B 10 400 1
B 10 401 1
B 10 420 1
B 10 426 1
B 10 462 1
B 10 467 2
B 10 470 2
B 10 478 1
B 10 487 1
B 10 500 1
B 10 501 2
B 10 507 1
B 10 516 1
B 10 521 1
B 10 541 1
P 11 0.020
B 11 3 1
B 11 8 1
B 11 10 1
B 11 17 1
B 11 34 1
B 11 35 1
B 11 38 1
B 11 41 1
B 11 42 1
B 11 43 1
B 11 44 1
B 11 60 1
B 11 61 1
B 11 68 1
B 11 69 1
B 11 72 1
B 11 75 1
B 11 77 1
B 11 83 1
B 11 86 1
B 11 90 1
B 11 91 1
B 11 98 1
B 11 109 1
B 11 110 1
B 11 112 1
B 11 113 1
B 11 114 1
B 11 119 1
B 11 121 1
B 11 123 1
B 11 125 1
B 11 128 1
B 11 136 1
B 11 137 2
B 11 163 1
B 11 165 1
B 11 174 1
B 11 178 1
B 11 181 1
B 11 185 1
B 11 186 1
B 11 191 1
B 11 197 2
B 11 205 1
B 11 206 1
B 11 208 1
B 11 215 1
B 11 216 1
B 11 219 1
B 11 221 1
B 11 222 1
B 11 227 1
B 11 230 2
B 11 233 1
B 11 234 2
B 11 236 1
B 11 247 1
B 11 250 1
B 11 251 1
B 11 252 2
B 11 253 1
B 11 256 2
B 11 258 2
B 11 264 1
B 11 278 3
B 11 288 1
B 11 289 1
B 11 294 1
B 11 303 2
B 11 309 1
B 11 316 1
B 11 323 1
B 11 326 1
B 11 331 3
B 11 346 2
B 11 352 1
B 11 355 1
B 11 357 1
B 11 359 1
B 11 361 1
B 11 370 1
B 11 380 1
B 11 383 1
B 11 385 1
B 11 388 1
B 11 396 1
B 11 400 1
B 11 401 1
B 11 403 1
B 11 404 1
B 11 406 1
B 11 420 1
B 11 428 1
B 11 429 1
B 11 438 3
B 11 450 1
B 11 461 1
B 11 475 1
B 11 476 1
B 11 487 1
B 11 495 1
B 11 499 1
B 11 500 1
B 11 512 1
B 11 533 1
B 11 547 1
P 12 0.020
B 12 2 1
B 12 10 1
B 12 21 1
B 12 22 2
B 12 24 2
B 12 28 1
B 12 45 1
B 12 49 1
B 12 52 1
B 12 53 2
B 12 62 1
B 12 67 1
B 12 73 1
B 12 74 1
B 12 75 1
B 12 76 1
B 12 79 2
B 12 83 1
B 12 87 1
B 12 91 1
B 12 93 1
B 12 100 1
B 12 114 1
B 12 119 1
B 12 122 1
B 12 128 1
B 12 129 1
B 12 131 2
B 12 132 1
B 12 133 1
B 12 137 2
B 12 139 1
B 12 153 2
B 12 154 1
B 12 158 1
B 12 161 1
B 12 171 1
B 12 178 1
B 12 186 1
B 12 187 1
B 12 188 1
B 12 192 1
B 12 202 1
B 12 205 1
B 12 212 1
B 12 213 1
B 12 215 2
B 12 217 1
B 12 218 1
B 12 230 1
B 12 234 1
B 12 235 1
B 12 239 1
B 12 248 1
B 12 249 1
B 12 256 1
B 12 258 1
B 12 259 1
B 12 261 1
B 12 262 1
B 12 263 1
B 12 264 1
B 12 275 1
B 12 277 1
B 12 286 1
B 12 288 1
B 12 290 1
B 12 305 1
B 12 312 1
B 12 313 1
B 12 315 1
B 12 318 1
B 12 319 2
B 12 320 1
B 12 321 1
B 12 325 1
B 12 328 1
B 12 343 1
B 12 345 1
B 12 348 1
B 12 350 1
B 12 356 1
B 12 359 1
B 12 383 1
B 12 387 1
B 12 388 1
B 12 400 1
B 12 404 1
B 12 405 1
B 12 412 1
B 12 414 1
B 12 435 1
B 12 438 1
B 12 440 1
B 12 458 1
B 12 461 1
B 12 464 1
B 12 468 1
B 12 469 1
B 12 483 1
B 12 493 1
B 12 497 1
B 12 509 1
B 12 526 1
B 12 535 1
P 13 0.020
B 13 12 1
B 13 35 1
B 13 38 2
B 13 52 1
B 13 55 1
B 13 57 1
B 13 62 1
B 13 67 2
B 13 69 1
B 13 76 2
B 13 78 1
B 13 81 1
B 13 89 2
B 13 97 2
B 13 101 1
B 13 120 1
B 13 127 1
B 13 131 1
B 13 138 1
B 13 140 1
B 13 148 1
B 13 156 2
B 13 157 1
B 13 159 1
B 13 161 1
B 13 175 1
B 13 177 1
B 13 181 1
B 13 183 2
B 13 193 1
B 13 198 1
B 13 204 1
B 13 207 1
B 13 208 1
B 13 212 2
B 13 213 1
B 13 216 1
B 13 217 1
B 13 218 1
B 13 219 3
B 13 222 1
B 13 226 1
B 13 227 1
B 13 234 1
B 13 239 1
B 13 242 1
B 13 243 1
B 13 249 1
B 13 255 1
B 13 256 1
B 13 260 1
B 13 264 1
B 13 275 1
B 13 282 1
B 13 287 1
B 13 293 1
B 13 294 1
B 13 299 1
B 13 300 2
B 13 302 1
B 13 306 1
B 13 318 1
B 13 344 1
B 13 351 1
B 13 357 1
B 13 366 1
B 13 368 1
B 13 369 1
B 13 380 1
B 13 381 1
B 13 382 1
B 13 383 1
B 13 385 1
B 13 389 1
B 13 403 1
B 13 417 2
B 13 427 1
B 13 438 1
B 13 441 1
B 13 451 1
B 13 460 2
B 13 463 1
B 13 477 1
B 13 484 1
B 13 493 1
B 13 494 1
B 13 517 1
B 13 525 1
B 13 526 1
B 13 530 1
B 13 541 1
P 14 0.020
B 14 5 2
B 14 15 1
B 14 17 1
B 14 19 1
B 14 21 1
B 14 34 1
B 14 43 1
B 14 45 1
B 14 49 1
B 14 63 1
B 14 64 1
B 14 83 2
B 14 99 1
B 14 100 1
B 14 104 1
B 14 107 1
B 14 108 2
B 14 119 2
B 14 121 1
B 14 122 1
B 14 132 1
B 14 136 1
B 14 137 1
B 14 144 1
B 14 158 1
B 14 159 1
B 14 168 1
B 14 178 1
B 14 181 1
B 14 188 2
B 14 190 1
B 14 195 1
B 14 197 1
B 14 198 1
B 14 200 1
B 14 202 1
B 14 203 1
B 14 210 1
B 14 211 1
B 14 213 1
B 14 215 1
B 14 217 1
B 14 218 1
B 14 219 1
B 14 224 1
B 14 225 1
B 14 228 1
B 14 234 1
B 14 246 1
B 14 249 1
B 14 250 1
B 14 253 2
B 14 258 1
B 14 263 1
B 14 264 1
B 14 282 2
B 14 290 1
B 14 299 1
B 14 301 1
B 14 302 1
B 14 303 1
B 14 313 1
B 14 320 1
B 14 328 1
B 14 344 1
B 14 345 1
B 14 346 1
B 14 349 1
B 14 353 2
B 14 375 1
B 14 388 1
B 14 401 1
B 14 420 2
B 14 424 1
B 14 426 1
B 14 438 2
B 14 440 1
B 14 451 1
B 14 452 1
B 14 453 1
B 14 457 1
B 14 462 1
B 14 472 2
B 14 496 2
B 14 506 1
B 14 516 1
B 14 538 1
B 14 540 1
B 14 541 1
B 14 547 1
P 15 0.020
B 15 5 1
B 15 17 1
B 15 18 2
B 15 24 2
B 15 25 1
B 15 45 1
B 15 52 1
B 15 60 1
B 15 61 1
B 15 62 1
B 15 67 1
B 15 75 1
B 15 78 2
B 15 80 1
B 15 82 2
B 15 84 1
B 15 85 1
B 15 88 1
B 15 90 1
B 15 91 1
B 15 92 1
B 15 93 1
B 15 112 1
B 15 127 1
B 15 130 2
B 15 133 1
B 15 138 1
B 15 144 1
B 15 148 1
B 15 159 1
B 15 160 2
B 15 161 3
B 15 175 1
B 15 177 1
B 15 179 1
B 15 181 2
B 15 182 1
B 15 187 1
B 15 190 3
B 15 194 1
B 15 198 1
B 15 202 1
B 15 205 1
B 15 207 1
B 15 212 1
B 15 217 1
B 15 219 1
B 15 224 3
B 15 234 1
B 15 240 1
B 15 247 1
B 15 250 2
B 15 258 2
B 15 260 1
B 15 278 1
B 15 283 1
B 15 286 2
B 15 288 1
B 15 297 2
B 15 298 1
B 15 301 1
B 15 303 1
B 15 305 1
B 15 307 1
B 15 308 1
B 15 309 1
B 15 311 1
B 15 325 1
B 15 328 1
B 15 331 1
B 15 342 1
B 15 343 2
B 15 346 2
B 15 350 1
B 15 354 1
B 15 383 1
B 15 403 1
B 15 414 2
B 15 416 1
B 15 418 1
B 15 422 1
B 15 423 1
B 15 426 1
B 15 434 1
B 15 438 2
B 15 454 1
B 15 460 1
B 15 472 1
B 15 482 1
B 15 507 1
B 15 541 1
P 16 0.020
B 16 5 1
B 16 12 1
B 16 21 2
B 16 22 1
B 16 27 1
B 16 28 1
B 16 33 1
B 16 38 1
B 16 43 1
B 16 50 1
B 16 53 1
B 16 54 1
B 16 56 1
B 16 57 1
B 16 61 1
B 16 65 1
B 16 66 1
B 16 70 1
B 16 72 1
B 16 73 2
B 16 75 1
B 16 78 2
B 16 85 2
B 16 90 1
B 16 91 1
B 16 93 1
B 16 94 1
B 16 97 1
B 16 100 1
B 16 111 1
B 16 112 1
B 16 121 2
B 16 136 1
B 16 176 2
B 16 184 1
B 16 190 2
B 16 197 1
B 16 198 1
B 16 204 1
B 16 208 1
B 16 212 3
B 16 213 1
B 16 214 1
B 16 215 1
B 16 221 1
B 16 224 1
B 16 227 1
B 16 229 1
B 16 234 1
B 16 236 1
B 16 253 1
B 16 261 1
B 16 264 1
B 16 266 1
B 16 275 2
B 16 280 1
B 16 282 1
B 16 288 1
B 16 290 1
B 16 291 1
B 16 294 2
B 16 297 1
B 16 303 1
B 16 304 1
B 16 322 1
B 16 327 1
B 16 330 1
B 16 331 1
B 16 337 1
B 16 345 1
B 16 349 1
B 16 355 1
B 16 374 1
B 16 382 1
B 16 387 1
B 16 396 1
B 16 401 2
B 16 404 1
B 16 409 1
B 16 410 3
B 16 429 1
B 16 438 2
B 16 439 1
B 16 440 1
B 16 448 1
B 16 449 1
B 16 454 1
B 16 455 1
B 16 457 1
B 16 498 1
B 16 502 1
B 16 503 1
B 16 510 2
B 16 524 1
B 16 536 1
P 17 0.020
B 17 7 2
B 17 18 1
B 17 20 1
B 17 21 1
B 17 24 3
B 17 26 1
B 17 29 1
B 17 37 1
B 17 45 1
B 17 47 1
B 17 58 1
B 17 62 1
B 17 66 1
B 17 73 3
B 17 78 1
B 17 79 1
B 17 80 1
B 17 81 1
B 17 82 1
B 17 83 2
B 17 84 1
B 17 99 1
B 17 109 1
B 17 117 1
B 17 125 3
B 17 128 1
B 17 132 1
B 17 133 2
B 17 135 1
B 17 151 1
B 17 158 1
B 17 160 1
B 17 161 1
B 17 162 1
B 17 163 1
B 17 172 1
B 17 174 2
B 17 178 2
B 17 188 1
B 17 190 2
B 17 192 1
B 17 194 1
B 17 196 1
B 17 198 1
B 17 199 1
B 17 207 2
B 17 208 1
B 17 210 1
B 17 211 1
B 17 214 1
B 17 216 1
B 17 219 1
B 17 221 1
B 17 234 2
B 17 253 1
B 17 254 1
B 17 259 1
B 17 272 1
B 17 273 1
B 17 277 2
B 17 279 1
B 17 280 2
B 17 289 1
B 17 294 1
B 17 296 1
B 17 317 1
B 17 318 1
B 17 321 1
B 17 327 1
B 17 331 1
B 17 333 1
B 17 346 1
B 17 359 1
B 17 405 1
B 17 407 1
B 17 419 1
B 17 420 1
B 17 428 2
B 17 432 1
B 17 438 1
B 17 440 1
B 17 456 1
B 17 521 2
B 17 530 1
B 17 541 1
P 18 0.020
B 18 5 2
B 18 12 1
B 18 15 1
B 18 18 2
B 18 24 2
B 18 25 1
B 18 38 1
B 18 44 1
B 18 46 1
B 18 53 1
B 18 55 1
B 18 70 1
B 18 71 1
B 18 72 1
B 18 76 1
B 18 81 1
B 18 85 1
B 18 91 1
B 18 105 1
B 18 122 1
B 18 129 2
B 18 130 1
B 18 137 1
B 18 139 1
B 18 140 1
B 18 141 1
B 18 144 1
B 18 153 1
B 18 160 1
B 18 185 1
B 18 192 2
B 18 205 1
B 18 206 1
B 18 212 1
B 18 213 1
B 18 215 1
B 18 221 1
B 18 228 1
B 18 229 1
B 18 232 1
B 18 234 1
B 18 245 1
B 18 255 2
B 18 270 1
B 18 275 1
B 18 281 1
B 18 283 1
B 18 288 2
B 18 292 1
B 18 301 2
B 18 304 1
B 18 314 1
B 18 325 2
B 18 326 1
B 18 331 1
B 18 346 1
B 18 361 1
B 18 370 1
B 18 379 1
B 18 390 1
B 18 400 1
B 18 401 1
B 18 404 1
B 18 411 1
B 18 418 1
B 18 427 1
B 18 438 2
B 18 444 1
B 18 447 2
B 18 460 2
B 18 464 1
B 18 474 1
B 18 483 1
B 18 502 2
B 18 510 1
B 18 515 1
B 18 521 1
B 18 536 1
B 18 541 2
P 19 0.020
B 19 17 1
B 19 22 1
B 19 39 1
B 19 51 1
B 19 53 3
B 19 55 2
B 19 71 2
B 19 72 1
B 19 75 2
B 19 79 1
B 19 81 1
B 19 83 1
B 19 85 1
B 19 102 1
B 19 113 1
B 19 130 1
B 19 133 1
B 19 140 1
B 19 142 1
B 19 148 1
B 19 173 1
B 19 178 1
B 19 190 1
B 19 196 2
B 19 198 1
B 19 199 1
B 19 202 1
B 19 204 1
B 19 207 1
B 19 209 1
B 19 210 1
B 19 215 1
B 19 219 1
B 19 220 1
B 19 221 1
B 19 225 1
B 19 227 1
B 19 229 1
B 19 241 2
B 19 247 1
B 19 250 2
B 19 251 1
B 19 255 1
B 19 258 1
B 19 264 1
B 19 272 1
B 19 280 1
B 19 288 1
B 19 293 1
B 19 302 1
B 19 310 1
B 19 311 1
B 19 317 1
B 19 327 1
B 19 341 1
B 19 353 1
B 19 361 2
B 19 362 1
B 19 375 1
B 19 384 1
B 19 403 1
B 19 408 2
B 19 412 2
B 19 419 1
B 19 423 1
B 19 437 1
B 19 456 1
B 19 457 1
B 19 458 1
B 19 462 1
B 19 485 1
B 19 500 1
B 19 507 1
B 19 522 1
B 19 526 1
B 19 532 1
B 19 541 1
P 20 0.020
B 20 15 1
B 20 17 1
B 20 18 1
B 20 22 2
B 20 34 1
B 20 36 1
B 20 45 1
B 20 47 1
B 20 57 1
B 20 61 2
B 20 64 1
B 20 70 1
B 20 74 1
B 20 75 1
B 20 78 1
B 20 82 2
B 20 85 1
B 20 91 1
B 20 99 1
B 20 101 1
B 20 107 1
B 20 127 1
B 20 128 1
B 20 131 1
B 20 140 1
B 20 156 1
B 20 158 1
B 20 163 1
B 20 181 1
B 20 183 1
B 20 188 1
B 20 190 1
B 20 192 1
B 20 194 1
B 20 195 1
B 20 197 1
B 20 201 1
B 20 206 1
B 20 207 1
B 20 210 1
B 20 234 2
B 20 237 1
B 20 249 1
B 20 251 1
B 20 252 1
B 20 256 1
B 20 262 1
B 20 264 1
B 20 270 1
B 20 272 1
B 20 275 1
B 20 276 2
B 20 280 1
B 20 282 1
B 20 285 1
B 20 286 1
B 20 289 1
B 20 294 1
B 20 300 1
B 20 301 1
B 20 308 1
B 20 322 1
B 20 332 1
B 20 341 1
B 20 350 1
B 20 359 1
B 20 370 1
B 20 373 1
B 20 380 1
B 20 386 1
B 20 396 1
B 20 409 1
B 20 410 2
B 20 417 1
B 20 420 1
B 20 434 1
B 20 438 2
B 20 449 1
B 20 450 1
B 20 458 1
B 20 482 1
B 20 493 1
B 20 495 1
B 20 500 1
B 20 501 1
B 20 536 1
B 20 545 1
P 21 0.020
B 21 18 1
B 21 21 1
B 21 34 1
B 21 49 1
B 21 53 1
B 21 57 2
B 21 60 2
B 21 67 1
B 21 70 1
B 21 75 1
B 21 76 1
B 21 79 1
B 21 81 1
B 21 82 1
B 21 101 1
B 21 102 1
B 21 115 1
B 21 121 1
B 21 122 1
B 21 123 1
B 21 128 1
B 21 135 1
B 21 137 1
B 21 142 2
B 21 145 1
B 21 154 1
B 21 160 1
B 21 163 2
B 21 177 1
B 21 181 1
B 21 187 1
B 21 188 1
B 21 189 1
B 21 199 1
B 21 202 1
B 21 203 1
B 21 209 1
B 21 213 1
B 21 214 1
B 21 219 2
B 21 221 1
B 21 222 1
B 21 228 1
B 21 229 1
B 21 234 2
B 21 237 1
B 21 242 1
B 21 244 2
B 21 245 1
B 21 251 1
B 21 254 1
B 21 256 1
B 21 261 1
B 21 270 1
B 21 278 1
B 21 285 1
B 21 297 1
B 21 298 1
B 21 301 1
B 21 307 1
B 21 308 1
B 21 309 1
B 21 324 1
B 21 326 1
B 21 329 1
B 21 341 1
B 21 361 2
B 21 366 1
B 21 370 1
B 21 381 1
B 21 387 1
B 21 400 1
B 21 404 1
B 21 405 1
B 21 414 1
B 21 417 1
B 21 420 1
B 21 429 2
B 21 434 1
B 21 438 1
B 21 449 1
B 21 457 1
B 21 474 1
B 21 484 1
B 21 496 1
B 21 497 1
B 21 512 1
B 21 525 1
B 21 543 1
P 22 0.020
B 22 7 1
B 22 18 1
B 22 20 1
B 22 29 1
B 22 32 1
B 22 33 1
B 22 41 1
B 22 42 1
B 22 44 1
B 22 48 1
B 22 50 1
B 22 54 1
B 22 60 1
B 22 61 1
B 22 64 1
B 22 70 1
B 22 72 1
B 22 73 1
B 22 76 2
B 22 77 2
B 22 85 1
B 22 116 1
B 22 120 1
B 22 122 1
B 22 125 1
B 22 133 1
B 22 136 2
B 22 138 1
B 22 142 1
B 22 144 1
B 22 146 1
B 22 151 1
B 22 159 1
B 22 178 1
B 22 186 1
B 22 197 1
B 22 198 1
B 22 203 1
B 22 204 1
B 22 206 1
B 22 208 1
B 22 212 1
B 22 219 1
B 22 224 1
B 22 234 2
B 22 237 2
B 22 239 1
B 22 241 1
B 22 243 2
B 22 245 1
B 22 249 1
B 22 250 1
B 22 259 1
B 22 261 1
B 22 263 1
B 22 267 1
B 22 275 1
B 22 278 2
B 22 283 1
B 22 287 1
B 22 288 1
B 22 294 2
B 22 297 2
B 22 301 1
B 22 304 1
B 22 305 1
B 22 325 1
B 22 332 4
B 22 333 1
B 22 337 1
B 22 382 1
B 22 407 1
B 22 410 1
B 22 417 1
B 22 418 1
B 22 429 1
B 22 431 1
B 22 437 1
B 22 438 1
B 22 440 1
B 22 449 1
B 22 453 1
B 22 455 2
B 22 470 1
B 22 474 1
B 22 481 1
B 22 487 2
B 22 489 1
B 22 494 1
B 22 498 1
B 22 501 1
B 22 516 1
B 22 526 1
B 22 532 1
P 23 0.020
B 23 5 2
B 23 17 1
B 23 18 1
B 23 24 1
B 23 34 1
B 23 38 1
B 23 42 1
B 23 48 2
B 23 52 1
B 23 62 1
B 23 67 1
B 23 71 1
B 23 72 1
B 23 80 1
B 23 90 1
B 23 93 1
B 23 105 1
B 23 107 2
B 23 121 1
B 23 123 1
B 23 137 1
B 23 155 1
B 23 156 1
B 23 158 1
B 23 159 1
B 23 169 1
B 23 174 1
B 23 175 1
B 23 181 1
B 23 183 2
B 23 187 1
B 23 188 2
B 23 191 1
B 23 205 1
B 23 209 1
B 23 210 1
B 23 214 2
B 23 215 1
B 23 224 1
B 23 234 1
B 23 237 1
B 23 244 2
B 23 247 1
B 23 250 1
B 23 252 1
B 23 256 2
B 23 258 1
B 23 261 1
B 23 279 1
B 23 280 1
B 23 284 1
B 23 288 1
B 23 293 1
B 23 296 1
B 23 297 1
B 23 305 1
B 23 309 1
B 23 319 1
B 23 322 1
B 23 326 1
B 23 327 1
B 23 331 2
B 23 339 1
B 23 341 1
B 23 343 1
B 23 345 1
B 23 350 1
B 23 359 1
B 23 366 1
B 23 370 2
B 23 374 1
B 23 379 1
B 23 385 1
B 23 391 1
B 23 395 1
B 23 410 1
B 23 423 1
B 23 434 1
B 23 437 1
B 23 451 1
B 23 454 1
B 23 458 1
B 23 459 1
B 23 461 1
B 23 463 1
B 23 470 1
B 23 493 1
B 23 516 1
B 23 522 1
P 24 0.020
B 24 5 1
B 24 17 1
B 24 18 1
B 24 19 1
B 24 21 1
B 24 24 1
B 24 27 1
B 24 42 1
B 24 43 1
B 24 46 2
B 24 51 1
B 24 55 2
B 24 61 2
B 24 62 1
B 24 70 1
B 24 73 1
B 24 78 1
B 24 82 1
B 24 87 1
B 24 90 1
B 24 98 1
B 24 101 1
B 24 119 1
B 24 122 1
B 24 123 1
B 24 125 1
B 24 136 1
B 24 152 1
B 24 153 1
B 24 155 1
B 24 157 1
B 24 159 1
B 24 160 2
B 24 163 1
B 24 183 1
B 24 186 1
B 24 187 1
B 24 192 1
B 24 193 2
B 24 202 1
B 24 204 1
B 24 205 3
B 24 208 1
B 24 209 1
B 24 216 2
B 24 219 1
B 24 222 2
B 24 224 1
B 24 225 1
B 24 228 1
B 24 234 1
B 24 236 1
B 24 247 1
B 24 250 1
B 24 251 1
B 24 252 1
B 24 253 1
B 24 255 1
B 24 256 1
B 24 261 1
B 24 267 1
B 24 275 1
B 24 276 2
B 24 278 1
B 24 280 1
B 24 281 1
B 24 290 2
B 24 294 2
B 24 298 2
B 24 309 1
B 24 313 1
B 24 316 1
B 24 326 1
B 24 361 1
B 24 370 1
B 24 383 1
B 24 388 1
B 24 394 1
B 24 403 1
B 24 405 1
B 24 406 2
B 24 411 1
B 24 424 1
B 24 427 1
B 24 432 1
B 24 442 1
B 24 447 1
B 24 474 1
B 24 493 1
B 24 526 1
B 24 541 1
P 25 0.020
B 25 8 1
B 25 21 1
B 25 27 1
B 25 38 1
B 25 39 1
B 25 41 1
B 25 43 1
B 25 45 1
B 25 51 1
B 25 54 1
B 25 55 2
B 25 56 1
B 25 61 3
B 25 69 1
B 25 70 1
B 25 71 1
B 25 72 1
B 25 94 1
B 25 99 1
B 25 120 1
B 25 121 1
B 25 124 1
B 25 142 1
B 25 152 1
B 25 153 1
B 25 160 1
B 25 163 1
B 25 178 1
B 25 183 1
B 25 190 4
B 25 191 2
B 25 192 2
B 25 193 1
B 25 197 2
B 25 198 1
B 25 199 1
B 25 210 1
B 25 214 1
B 25 237 1
B 25 241 2
B 25 250 1
B 25 258 1
B 25 261 2
B 25 269 1
B 25 282 1
B 25 285 1
B 25 287 1
B 25 294 1
B 25 297 1
B 25 298 1
B 25 303 1
B 25 318 1
B 25 323 1
B 25 325 1
B 25 327 1
B 25 332 1
B 25 350 1
B 25 370 1
B 25 378 1
B 25 404 1
B 25 405 1
B 25 411 1
B 25 417 1
B 25 426 1
B 25 429 1
B 25 454 1
B 25 461 1
B 25 489 1
B 25 518 1
B 25 521 1
B 25 544 1
P 26 0.020
B 26 1 1
B 26 7 1
B 26 21 1
B 26 24 1
B 26 41 2
B 26 46 2
B 26 60 1
B 26 61 1
B 26 69 1
B 26 70 1
B 26 80 1
B 26 86 1
B 26 88 1
B 26 90 1
B 26 97 1
B 26 98 1
B 26 114 1
B 26 119 1
B 26 121 1
B 26 123 1
B 26 125 2
B 26 129 1
B 26 130 1
B 26 144 1
B 26 153 2
B 26 160 1
B 26 163 2
B 26 178 1
B 26 179 1
B 26 186 2
B 26 197 1
B 26 198 1
B 26 212 1
B 26 213 1
B 26 228 1
B 26 241 1
B 26 243 1
B 26 249 1
B 26 250 1
B 26 258 2
B 26 264 1
B 26 268 1
B 26 277 1
B 26 278 1
B 26 282 1
B 26 283 1
B 26 284 1
B 26 291 1
B 26 292 1
B 26 293 1
B 26 294 1
B 26 297 1
B 26 298 1
B 26 301 1
B 26 302 1
B 26 308 2
B 26 311 1
B 26 315 1
B 26 318 1
B 26 327 1
B 26 341 1
B 26 349 1
B 26 352 1
B 26 359 1
B 26 385 1
B 26 409 1
B 26 417 1
B 26 422 1
B 26 426 1
B 26 438 1
B 26 440 1
B 26 444 1
B 26 449 1
B 26 460 1
B 26 468 1
B 26 486 1
B 26 495 1
B 26 497 1
B 26 514 1
B 26 516 1
B 26 521 1
B 26 525 1
B 26 529 1
P 27 0.020
B 27 6 1
B 27 7 1
B 27 15 1
B 27 18 1
B 27 21 2
B 27 30 1
B 27 37 1
B 27 38 2
B 27 43 1
B 27 46 1
B 27 49 1
B 27 54 1
B 27 57 1
B 27 60 1
B 27 69 2
B 27 72 2
B 27 74 1
B 27 78 1
B 27 83 1
B 27 98 1
B 27 104 1
B 27 108 1
B 27 113 1
B 27 119 1
B 27 122 3
B 27 125 2
B 27 133 1
B 27 135 1
B 27 138 1
B 27 144 1
B 27 153 1
B 27 154 1
B 27 158 1
B 27 166 1
B 27 167 1
B 27 177 1
B 27 178 2
B 27 181 1
B 27 193 1
B 27 194 1
B 27 195 1
B 27 197 1
B 27 198 2
B 27 201 1
B 27 202 2
B 27 203 2
B 27 205 1
B 27 217 1
B 27 227 1
B 27 234 1
B 27 240 1
B 27 242 2
B 27 246 1
B 27 250 1
B 27 251 1
B 27 255 1
B 27 256 1
B 27 258 1
B 27 264 1
B 27 266 1
B 27 267 1
B 27 270 1
B 27 277 1
B 27 278 1
B 27 290 1
B 27 294 1
B 27 300 1
B 27 325 1
B 27 327 1
B 27 329 1
B 27 331 1
B 27 355 1
B 27 363 1
B 27 369 1
B 27 373 1
B 27 381 1
B 27 386 1
B 27 404 1
B 27 409 1
B 27 410 1
B 27 419 1
B 27 424 1
B 27 429 1
B 27 438 1
B 27 440 1
B 27 445 1
B 27 461 1
B 27 470 1
B 27 472 1
B 27 476 1
B 27 498 1
B 27 500 1
B 27 520 1
B 27 522 1
B 27 541 1
P 28 0.020
B 28 17 1
B 28 22 2
B 28 28 1
B 28 42 2
B 28 47 1
B 28 50 2
B 28 51 1
B 28 56 1
B 28 60 2
B 28 62 1
B 28 64 1
B 28 68 1
B 28 73 1
B 28 78 1
B 28 83 1
B 28 84 1
B 28 85 1
B 28 88 1
B 28 89 1
B 28 99 1
B 28 106 1
B 28 109 1
B 28 119 1
B 28 120 1
B 28 126 1
B 28 127 2
B 28 132 2
B 28 140 2
B 28 156 1
B 28 160 1
B 28 163 2
B 28 178 1
B 28 185 1
B 28 192 1
B 28 197 2
B 28 202 1
B 28 203 1
B 28 211 1
B 28 213 3
B 28 215 1
B 28 218 2
B 28 219 1
B 28 221 1
B 28 225 1
B 28 227 1
B 28 229 1
B 28 234 2
B 28 239 1
B 28 245 1
B 28 255 1
B 28 266 1
B 28 278 1
B 28 285 1
B 28 289 1
B 28 293 1
B 28 298 1
B 28 301 2
B 28 302 1
B 28 306 1
B 28 309 1
B 28 310 1
B 28 312 1
B 28 315 1
B 28 316 1
B 28 317 1
B 28 326 1
B 28 331 1
B 28 332 1
B 28 336 1
B 28 349 1
B 28 350 1
B 28 356 1
B 28 363 1
B 28 371 1
B 28 381 1
B 28 392 2
B 28 394 1
B 28 396 1
B 28 403 2
B 28 404 1
B 28 405 1
B 28 411 1
B 28 412 2
B 28 423 1
B 28 443 1
B 28 444 1
B 28 446 1
B 28 447 1
B 28 454 1
B 28 455 1
B 28 461 2
B 28 464 1
B 28 470 1
B 28 473 1
B 28 476 1
B 28 477 2
B 28 484 1
B 28 488 1
B 28 494 1
B 28 501 2
P 29 0.020
B 29 1 1
B 29 19 1
B 29 22 2
B 29 24 2
B 29 38 1
B 29 61 1
B 29 68 1
B 29 70 1
B 29 72 1
B 29 73 1
B 29 74 1
B 29 81 1
B 29 87 1
B 29 96 1
B 29 131 1
B 29 132 1
B 29 133 1
B 29 138 1
B 29 154 1
B 29 159 1
B 29 163 1
B 29 165 1
B 29 181 1
B 29 183 1
B 29 197 1
B 29 207 1
B 29 210 2
B 29 211 1
B 29 221 1
B 29 224 1
B 29 234 1
B 29 238 1
B 29 243 2
B 29 249 1
B 29 250 2
B 29 255 2
B 29 258 1
B 29 267 1
B 29 276 1
B 29 277 1
B 29 279 1
B 29 283 1
B 29 296 1
B 29 299 1
B 29 303 1
B 29 306 1
B 29 307 1
B 29 318 2
B 29 326 1
B 29 327 1
B 29 344 1
B 29 384 1
B 29 387 1
B 29 396 1
B 29 409 1
B 29 411 1
B 29 419 1
B 29 428 1
B 29 429 1
B 29 440 1
B 29 457 2
B 29 460 1
B 29 470 2
B 29 473 1
B 29 487 1
B 29 497 1
B 29 503 1
B 29 519 1
B 29 527 1
B 29 529 1
B 29 544 1
P 30 0.020
B 30 6 1
B 30 17 1
B 30 18 1
B 30 20 1
B 30 22 1
B 30 28 2
B 30 32 1
B 30 38 1
B 30 39 1
B 30 44 1
B 30 52 1
B 30 53 2
B 30 61 1
B 30 68 1
B 30 71 1
B 30 72 2
B 30 79 1
B 30 88 1
B 30 90 1
B 30 122 2
B 30 123 1
B 30 125 1
B 30 128 1
B 30 131 1
B 30 133 2
B 30 136 1
B 30 144 1
B 30 159 1
B 30 177 1
B 30 187 1
B 30 191 1
B 30 193 1
B 30 197 1
B 30 198 1
B 30 202 3
B 30 203 1
B 30 208 1
B 30 213 1
B 30 219 2
B 30 225 1
B 30 227 1
B 30 237 1
B 30 244 2
B 30 249 2
B 30 253 1
B 30 256 1
B 30 259 1
B 30 263 1
B 30 269 1
B 30 276 1
B 30 280 1
B 30 285 1
B 30 286 1
B 30 290 1
B 30 295 2
B 30 304 1
B 30 309 1
B 30 317 1
B 30 318 2
B 30 325 1
B 30 341 2
B 30 361 1
B 30 363 1
B 30 368 1
B 30 371 1
B 30 373 1
B 30 438 1
B 30 440 1
B 30 450 1
B 30 469 1
B 30 487 1
B 30 493 1
B 30 502 1
B 30 518 1
B 30 522 1
B 30 529 1
B 30 533 1
B 30 541 2
P 31 0.020
B 31 2 1
B 31 20 1
B 31 24 1
B 31 29 1
B 31 49 1
B 31 53 1
B 31 61 1
B 31 64 1
B 31 68 1
B 31 69 1
B 31 80 1
B 31 83 1
B 31 111 1
B 31 119 1
B 31 123 1
B 31 126 1
B 31 129 1
B 31 152 1
B 31 153 2
B 31 158 1
B 31 159 1
B 31 179 1
B 31 181 3
B 31 194 2
B 31 205 1
B 31 210 1
B 31 214 1
B 31 221 1
B 31 228 1
B 31 231 1
B 31 239 1
B 31 240 1
B 31 242 1
B 31 251 1
B 31 254 1
B 31 258 1
B 31 272 1
B 31 280 1
B 31 285 1
B 31 299 1
B 31 311 2
B 31 318 1
B 31 326 1
B 31 345 1
B 31 356 1
B 31 359 1
B 31 361 1
B 31 370 1
B 31 373 1
B 31 380 1
B 31 383 1
B 31 392 1
B 31 422 1
B 31 438 1
B 31 440 2
B 31 464 1
B 31 470 1
B 31 494 1
B 31 496 1
B 31 511 1
B 31 523 1
B 31 543 1
P 32 0.020
B 32 9 1
B 32 16 1
B 32 18 1
B 32 27 1
B 32 33 1
B 32 42 1
B 32 48 1
B 32 49 1
B 32 67 1
B 32 76 1
B 32 77 1
B 32 87 1
B 32 91 1
B 32 109 1
B 32 112 1
B 32 121 1
B 32 125 1
B 32 128 1
B 32 129 1
B 32 136 1
B 32 137 2
B 32 151 1
B 32 153 1
B 32 155 2
B 32 179 2
B 32 181 1
B 32 190 1
B 32 191 1
B 32 193 1
B 32 194 1
B 32 195 1
B 32 197 1
B 32 202 1
B 32 206 1
B 32 210 2
B 32 225 1
B 32 233 1
B 32 234 1
B 32 239 1
B 32 241 1
B 32 253 1
B 32 268 1
B 32 279 1
B 32 283 1
B 32 291 1
B 32 293 1
B 32 294 1
B 32 304 1
B 32 307 1
B 32 310 1
B 32 318 1
B 32 326 2
B 32 341 1
B 32 353 1
B 32 358 2
B 32 361 1
B 32 367 1
B 32 374 1
B 32 376 1
B 32 378 1
B 32 389 1
B 32 390 1
B 32 405 1
B 32 414 1
B 32 428 1
B 32 434 2
B 32 438 2
B 32 450 2
B 32 460 1
B 32 492 1
B 32 494 1
B 32 507 1
B 32 514 1
B 32 516 1
B 32 521 1
B 32 541 1
B 32 547 1
P 33 0.020
B 33 17 1
B 33 28 1
B 33 29 1
B 33 47 1
B 33 53 1
B 33 56 1
B 33 62 1
B 33 67 1
B 33 69 2
B 33 70 1
B 33 74 1
B 33 82 1
B 33 104 1
B 33 107 1
B 33 108 1
B 33 121 1
B 33 123 1
B 33 125 1
B 33 127 2
B 33 135 1
B 33 136 1
B 33 139 1
B 33 144 1
B 33 152 1
B 33 154 1
B 33 158 1
B 33 159 1
B 33 175 1
B 33 179 1
B 33 187 1
B 33 192 1
B 33 198 2
B 33 201 1
B 33 202 2
B 33 207 1
B 33 209 1
B 33 214 1
B 33 221 2
B 33 226 1
B 33 234 1
B 33 237 2
B 33 247 1
B 33 255 1
B 33 257 1
B 33 259 1
B 33 263 1
B 33 266 1
B 33 277 1
B 33 290 1
B 33 301 1
B 33 309 1
B 33 312 1
B 33 318 1
B 33 319 1
B 33 328 1
B 33 333 1
B 33 339 1
B 33 346 1
B 33 348 1
B 33 354 1
B 33 363 1
B 33 367 1
B 33 370 1
B 33 379 1
B 33 385 1
B 33 400 1
B 33 401 1
B 33 405 1
B 33 410 1
B 33 424 1
B 33 432 1
B 33 438 1
B 33 440 1
B 33 450 1
B 33 458 1
B 33 460 1
B 33 473 1
B 33 477 2
B 33 478 1
B 33 482 1
B 33 494 1
B 33 506 1
B 33 518 1
P 34 0.020
B 34 17 1
B 34 18 1
B 34 21 1
B 34 28 1
B 34 38 1
B 34 41 1
B 34 45 1
B 34 46 1
B 34 51 1
B 34 60 1
B 34 68 1
B 34 69 1
B 34 71 1
B 34 72 1
B 34 74 1
B 34 76 1
B 34 77 1
B 34 86 1
B 34 93 1
B 34 109 1
B 34 111 1
B 34 113 1
B 34 121 1
B 34 122 1
B 34 123 1
B 34 131 2
B 34 132 2
B 34 133 1
B 34 134 1
B 34 137 2
B 34 138 1
B 34 144 1
B 34 158 1
B 34 160 1
B 34 161 1
B 34 169 1
B 34 176 1
B 34 177 1
B 34 179 1
B 34 183 1
B 34 185 1
B 34 188 1
B 34 193 1
B 34 205 1
B 34 208 1
B 34 212 1
B 34 213 2
B 34 215 1
B 34 219 1
B 34 229 1
B 34 243 1
B 34 245 1
B 34 249 2
B 34 251 1
B 34 257 1
B 34 258 1
B 34 261 1
B 34 262 1
B 34 278 1
B 34 290 1
B 34 299 1
B 34 302 1
B 34 303 1
B 34 306 1
B 34 310 1
B 34 319 1
B 34 322 1
B 34 341 1
B 34 352 1
B 34 366 1
B 34 370 1
B 34 378 1
B 34 379 1
B 34 382 1
B 34 410 1
B 34 424 1
B 34 426 1
B 34 434 1
B 34 476 1
B 34 477 1
B 34 483 1
B 34 494 1
B 34 502 1
B 34 506 1
P 35 0.020
B 35 7 1
B 35 9 1
B 35 24 1
B 35 37 1
B 35 43 1
B 35 49 1
B 35 57 1
B 35 60 1
B 35 61 1
B 35 69 1
B 35 70 1
B 35 72 1
B 35 84 1
B 35 87 1
B 35 94 1
B 35 97 1
B 35 105 1
B 35 108 3
B 35 111 1
B 35 122 1
B 35 125 1
B 35 135 1
B 35 154 1
B 35 156 1
B 35 159 1
B 35 172 1
B 35 176 1
B 35 178 1
B 35 190 1
B 35 191 1
B 35 194 1
B 35 198 2
B 35 200 1
B 35 206 1
B 35 210 1
B 35 211 1
B 35 217 2
B 35 234 2
B 35 248 1
B 35 256 1
B 35 272 1
B 35 280 2
B 35 284 1
B 35 285 1
B 35 286 1
B 35 298 1
B 35 304 1
B 35 308 2
B 35 310 1
B 35 313 1
B 35 314 2
B 35 317 1
B 35 319 1
B 35 324 1
B 35 325 1
B 35 331 1
B 35 341 1
B 35 352 1
B 35 354 1
B 35 371 1
B 35 377 1
B 35 386 1
B 35 417 1
B 35 426 1
B 35 438 2
B 35 449 1
B 35 451 1
B 35 454 2
B 35 469 2
B 35 470 2
B 35 493 1
B 35 504 1
B 35 507 1
B 35 517 2
B 35 525 1
B 35 541 1
P 36 0.020
B 36 8 1
B 36 17 1
B 36 18 1
B 36 24 2
B 36 27 1
B 36 28 1
B 36 32 1
B 36 41 2
B 36 51 1
B 36 55 1
B 36 62 1
B 36 70 1
B 36 73 2
B 36 74 2
B 36 75 1
B 36 76 1
B 36 81 2
B 36 82 1
B 36 83 1
B 36 85 1
B 36 90 1
B 36 104 1
B 36 108 1
B 36 112 1
B 36 121 1
B 36 122 1
B 36 123 1
B 36 127 1
B 36 129 1
B 36 131 1
B 36 136 1
B 36 148 1
B 36 153 3
B 36 155 1
B 36 156 1
B 36 165 1
B 36 166 1
B 36 181 1
B 36 188 1
B 36 193 1
B 36 197 2
B 36 198 2
B 36 199 1
B 36 202 1
B 36 207 2
B 36 213 1
B 36 214 1
B 36 217 1
B 36 219 1
B 36 221 1
B 36 228 1
B 36 234 3
B 36 243 1
B 36 244 2
B 36 249 1
B 36 254 1
B 36 255 2
B 36 257 1
B 36 264 1
B 36 276 1
B 36 277 1
B 36 280 2
B 36 282 2
B 36 285 1
B 36 287 1
B 36 290 1
B 36 298 1
B 36 304 1
B 36 325 1
B 36 345 1
B 36 355 1
B 36 357 1
B 36 359 1
B 36 361 1
B 36 377 1
B 36 392 1
B 36 427 1
B 36 430 1
B 36 437 1
B 36 449 1
B 36 467 1
B 36 471 1
B 36 500 1
B 36 501 1
B 36 529 1
P 37 0.020
B 37 5 1
B 37 7 1
B 37 10 1
B 37 29 1
B 37 38 1
B 37 46 1
B 37 47 1
B 37 57 2
B 37 64 1
B 37 68 1
B 37 69 1
B 37 71 1
B 37 72 1
B 37 73 1
B 37 76 1
B 37 78 1
B 37 88 1
B 37 92 2
B 37 93 1
B 37 99 1
B 37 100 2
B 37 133 1
B 37 142 1
B 37 152 1
B 37 157 1
B 37 161 1
B 37 163 1
B 37 181 1
B 37 194 1
B 37 195 1
B 37 200 1
B 37 201 1
B 37 206 1
B 37 207 1
B 37 208 1
B 37 210 1
B 37 211 1
B 37 213 1
B 37 214 1
B 37 216 1
B 37 227 1
B 37 228 1
B 37 234 1
B 37 240 1
B 37 242 1
B 37 254 1
B 37 258 1
B 37 269 1
B 37 290 1
B 37 302 1
B 37 310 1
B 37 325 2
B 37 332 1
B 37 358 1
B 37 361 1
B 37 363 1
B 37 382 1
B 37 385 1
B 37 387 1
B 37 411 1
B 37 418 1
B 37 420 1
B 37 429 1
B 37 440 1
B 37 450 1
B 37 451 1
B 37 455 1
B 37 458 1
B 37 460 1
B 37 462 1
B 37 463 1
B 37 476 1
B 37 487 1
B 37 501 1
B 37 503 2
P 38 0.020
B 38 9 1
B 38 16 1
B 38 17 1
B 38 20 2
B 38 21 1
B 38 22 1
B 38 24 1
B 38 27 1
B 38 38 1
B 38 41 1
B 38 42 1
B 38 43 1
B 38 46 1
B 38 64 1
B 38 71 1
B 38 72 1
B 38 78 1
B 38 80 1
B 38 81 1
B 38 82 2
B 38 83 1
B 38 84 1
B 38 87 1
B 38 90 1
B 38 105 1
B 38 125 1
B 38 130 1
B 38 131 1
B 38 133 1
B 38 134 1
B 38 141 1
B 38 143 1
B 38 148 1
B 38 155 1
B 38 157 1
B 38 158 1
B 38 159 1
B 38 179 1
B 38 183 1
B 38 188 1
B 38 190 1
B 38 193 1
B 38 201 1
B 38 205 1
B 38 207 1
B 38 209 1
B 38 210 2
B 38 212 1
B 38 213 1
B 38 214 2
B 38 221 1
B 38 229 1
B 38 235 1
B 38 236 1
B 38 247 1
B 38 251 1
B 38 268 1
B 38 270 1
B 38 272 1
B 38 275 2
B 38 278 1
B 38 288 1
B 38 290 1
B 38 292 1
B 38 294 1
B 38 295 1
B 38 301 1
B 38 306 2
B 38 326 1
B 38 338 1
B 38 345 1
B 38 346 1
B 38 375 1
B 38 383 1
B 38 384 1
B 38 388 1
B 38 407 1
B 38 419 1
B 38 437 1
B 38 438 1
B 38 450 1
B 38 470 1
B 38 471 1
B 38 482 1
B 38 495 1
B 38 541 1
P 39 0.020
B 39 6 1
B 39 16 1
B 39 21 1
B 39 29 1
B 39 39 1
B 39 46 1
B 39 47 1
B 39 49 1
B 39 54 1
B 39 55 2
B 39 61 1
B 39 66 1
B 39 71 1
B 39 74 1
B 39 78 2
B 39 79 1
B 39 80 1
B 39 85 1
B 39 102 1
B 39 104 2
B 39 106 1
B 39 123 2
B 39 127 1
B 39 152 1
B 39 154 1
B 39 182 1
B 39 183 1
B 39 188 1
B 39 202 1
B 39 205 2
B 39 207 1
B 39 214 1
B 39 215 1
B 39 217 1
B 39 220 1
B 39 229 1
B 39 231 1
B 39 239 1
B 39 244 1
B 39 261 1
B 39 264 1
B 39 270 1
B 39 276 1
B 39 277 1
B 39 290 1
B 39 293 1
B 39 296 2
B 39 306 1
B 39 317 1
B 39 321 1
B 39 327 1
B 39 328 3
B 39 349 1
B 39 352 1
B 39 353 1
B 39 362 1
B 39 383 1
B 39 385 2
B 39 420 1
B 39 426 1
B 39 457 1
B 39 460 1
B 39 462 1
B 39 464 1
B 39 470 1
B 39 475 1
B 39 476 1
B 39 500 1
B 39 523 1
B 39 525 1
P 40 0.020
B 40 7 2
B 40 9 1
B 40 17 2
B 40 24 1
B 40 27 1
B 40 31 1
B 40 45 1
B 40 47 1
B 40 61 1
B 40 68 1
B 40 69 1
B 40 74 1
B 40 76 1
B 40 81 1
B 40 84 1
B 40 91 1
B 40 92 1
B 40 102 1
B 40 115 1
B 40 125 1
B 40 126 1
B 40 129 1
B 40 130 1
B 40 131 1
B 40 135 1
B 40 136 1
B 40 138 1
B 40 144 1
B 40 146 1
B 40 154 1
B 40 159 1
B 40 174 1
B 40 177 1
B 40 178 1
B 40 191 1
B 40 193 2
B 40 198 2
B 40 201 1
B 40 203 1
B 40 207 1
B 40 216 1
B 40 218 1
B 40 221 1
B 40 237 1
B 40 243 1
B 40 247 2
B 40 250 1
B 40 252 1
B 40 254 1
B 40 262 1
B 40 264 1
B 40 270 1
B 40 277 1
B 40 293 1
B 40 294 1
B 40 298 1
B 40 304 3
B 40 306 1
B 40 308 1
B 40 309 1
B 40 310 1
B 40 315 1
B 40 323 1
B 40 327 1
B 40 331 1
B 40 350 1
B 40 355 1
B 40 357 1
B 40 370 1
B 40 371 1
B 40 377 1
B 40 381 1
B 40 400 1
B 40 403 1
B 40 409 1
B 40 412 1
B 40 417 1
B 40 420 2
B 40 438 1
B 40 445 1
B 40 454 1
B 40 457 1
B 40 482 1
B 40 504 1
B 40 510 1
B 40 511 1
B 40 538 2
B 40 539 1
B 40 541 1
P 41 0.020
B 41 7 1
B 41 21 3
B 41 41 1
B 41 42 1
B 41 43 1
B 41 49 1
B 41 52 1
B 41 53 2
B 41 54 1
B 41 68 1
B 41 70 1
B 41 85 1
B 41 101 1
B 41 103 1
B 41 104 1
B 41 105 1
B 41 106 1
B 41 121 1
B 41 127 1
B 41 130 1
B 41 131 1
B 41 132 1
B 41 135 1
B 41 138 1
B 41 152 1
B 41 155 1
B 41 160 1
B 41 161 1
B 41 162 1
B 41 177 2
B 41 178 1
B 41 179 1
B 41 190 1
B 41 197 1
B 41 203 1
B 41 204 1
B 41 205 1
B 41 208 1
B 41 212 1
B 41 213 1
B 41 219 1
B 41 225 2
B 41 228 1
B 41 234 2
B 41 236 1
B 41 247 1
B 41 249 1
B 41 253 2
B 41 254 1
B 41 263 1
B 41 279 1
B 41 286 1
B 41 301 1
B 41 306 1
B 41 307 1
B 41 315 1
B 41 317 1
B 41 326 1
B 41 329 1
B 41 333 1
B 41 344 1
B 41 361 2
B 41 366 1
B 41 372 1
B 41 376 1
B 41 379 1
B 41 380 1
B 41 385 1
B 41 386 1
B 41 394 1
B 41 403 1
B 41 419 1
B 41 421 1
B 41 423 1
B 41 440 1
B 41 450 1
B 41 460 1
B 41 461 1
B 41 466 1
B 41 472 2
B 41 476 1
B 41 478 1
B 41 491 1
B 41 492 1
P 42 0.020
B 42 17 1
B 42 20 1
B 42 22 2
B 42 24 1
B 42 29 1
B 42 38 2
B 42 42 2
B 42 45 1
B 42 54 1
B 42 57 1
B 42 72 1
B 42 73 2
B 42 79 1
B 42 94 1
B 42 106 1
B 42 108 1
B 42 129 2
B 42 131 2
B 42 136 1
B 42 140 1
B 42 141 1
B 42 153 1
B 42 155 1
B 42 174 1
B 42 183 1
B 42 191 1
B 42 193 1
B 42 196 2
B 42 197 1
B 42 205 3
B 42 207 1
B 42 212 1
B 42 213 1
B 42 214 1
B 42 218 1
B 42 219 2
B 42 220 1
B 42 222 1
B 42 227 1
B 42 239 2
B 42 244 1
B 42 249 1
B 42 250 1
B 42 253 1
B 42 255 1
B 42 259 2
B 42 267 1
B 42 270 1
B 42 277 1
B 42 282 1
B 42 283 1
B 42 285 1
B 42 290 1
B 42 296 1
B 42 297 1
B 42 305 1
B 42 327 1
B 42 329 1
B 42 342 1
B 42 343 1
B 42 344 1
B 42 345 1
B 42 354 1
B 42 355 1
B 42 384 1
B 42 385 1
B 42 387 1
B 42 438 1
B 42 445 1
B 42 460 1
B 42 467 1
B 42 472 2
B 42 474 1
B 42 475 1
B 42 483 1
B 42 530 1
P 43 0.020
B 43 5 1
B 43 15 1
B 43 17 1
B 43 20 1
B 43 22 1
B 43 26 1
B 43 28 1
B 43 32 1
B 43 33 1
B 43 41 1
B 43 42 3
B 43 48 1
B 43 55 2
B 43 57 2
B 43 60 1
B 43 64 2
B 43 80 1
B 43 83 1
B 43 85 1
B 43 87 2
B 43 100 1
B 43 108 1
B 43 117 1
B 43 124 1
B 43 144 1
B 43 147 1
B 43 155 1
B 43 156 1
B 43 158 1
B 43 176 1
B 43 177 1
B 43 192 2
B 43 196 3
B 43 199 1
B 43 202 1
B 43 205 1
B 43 207 1
B 43 209 1
B 43 212 1
B 43 213 1
B 43 219 2
B 43 239 1
B 43 242 1
B 43 256 1
B 43 261 1
B 43 263 1
B 43 277 1
B 43 280 1
B 43 286 1
B 43 291 1
B 43 292 1
B 43 293 1
B 43 318 1
B 43 319 2
B 43 337 1
B 43 349 1
B 43 353 2
B 43 357 1
B 43 370 1
B 43 407 1
B 43 409 1
B 43 426 1
B 43 430 1
B 43 439 1
B 43 445 1
B 43 454 1
B 43 460 1
B 43 464 1
B 43 483 1
B 43 501 1
B 43 511 1
B 43 512 1
P 44 0.020
B 44 3 1
B 44 9 1
B 44 12 1
B 44 17 1
B 44 22 1
B 44 28 1
B 44 56 1
B 44 62 1
B 44 64 2
B 44 65 1
B 44 67 1
B 44 70 2
B 44 71 1
B 44 79 1
B 44 85 1
B 44 86 1
B 44 97 1
B 44 104 1
B 44 112 2
B 44 121 2
B 44 129 1
B 44 132 2
B 44 140 1
B 44 151 1
B 44 153 1
B 44 160 1
B 44 161 1
B 44 163 1
B 44 194 1
B 44 196 1
B 44 197 1
B 44 199 1
B 44 203 3
B 44 206 1
B 44 212 1
B 44 221 1
B 44 224 1
B 44 228 1
B 44 230 1
B 44 234 3
B 44 243 1
B 44 250 1
B 44 252 1
B 44 253 1
B 44 254 1
B 44 257 1
B 44 262 3
B 44 272 1
B 44 279 1
B 44 282 1
B 44 283 1
B 44 294 1
B 44 303 1
B 44 313 1
B 44 326 1
B 44 337 1
B 44 339 1
B 44 370 1
B 44 372 1
B 44 380 1
B 44 436 1
B 44 449 2
B 44 450 1
B 44 462 1
B 44 468 1
B 44 470 1
B 44 480 1
B 44 495 1
B 44 516 1
B 44 522 1
B 44 524 1
B 44 535 1
B 44 541 2
P 45 0.020
B 45 6 1
B 45 27 1
B 45 28 1
B 45 45 2
B 45 46 2
B 45 52 1
B 45 54 1
B 45 62 1
B 45 70 1
B 45 77 1
B 45 78 1
B 45 83 1
B 45 84 1
B 45 85 1
B 45 90 1
B 45 99 1
B 45 101 2
B 45 108 1
B 45 114 2
B 45 119 1
B 45 132 1
B 45 134 1
B 45 137 1
B 45 142 2
B 45 154 1
B 45 155 1
B 45 160 1
B 45 177 1
B 45 181 1
B 45 183 3
B 45 184 1
B 45 188 1
B 45 190 1
B 45 207 1
B 45 208 2
B 45 210 1
B 45 212 1
B 45 218 1
B 45 224 1
B 45 229 1
B 45 234 1
B 45 236 1
B 45 241 1
B 45 242 1
B 45 243 1
B 45 246 2
B 45 248 1
B 45 253 1
B 45 263 1
B 45 288 2
B 45 291 2
B 45 294 1
B 45 299 1
B 45 303 1
B 45 304 1
B 45 321 1
B 45 322 1
B 45 328 1
B 45 341 1
B 45 356 1
B 45 373 1
B 45 378 1
B 45 382 1
B 45 387 1
B 45 403 1
B 45 405 2
B 45 407 1
B 45 412 1
B 45 416 1
B 45 422 1
B 45 424 1
B 45 429 1
B 45 438 1
B 45 440 3
B 45 453 2
B 45 455 1
B 45 464 1
B 45 480 1
B 45 503 1
B 45 504 1
B 45 506 1
P 46 0.020
B 46 5 1
B 46 11 1
B 46 17 1
B 46 18 3
B 46 33 1
B 46 35 1
B 46 42 1
B 46 43 1
B 46 46 1
B 46 64 2
B 46 65 1
B 46 66 1
B 46 68 1
B 46 71 1
B 46 86 1
B 46 87 1
B 46 97 2
B 46 99 2
B 46 105 1
B 46 108 1
B 46 117 1
B 46 125 1
B 46 128 1
B 46 129 1
B 46 132 1
B 46 133 1
B 46 138 1
B 46 159 1
B 46 163 1
B 46 174 1
B 46 178 1
B 46 181 1
B 46 193 1
B 46 195 1
B 46 200 1
B 46 203 1
B 46 208 1
B 46 211 1
B 46 212 1
B 46 216 1
B 46 219 1
B 46 227 1
B 46 230 1
B 46 234 1
B 46 239 1
B 46 242 1
B 46 244 1
B 46 245 1
B 46 246 1
B 46 250 1
B 46 272 1
B 46 275 1
B 46 281 1
B 46 291 1
B 46 296 1
B 46 299 1
B 46 318 1
B 46 324 1
B 46 325 1
B 46 329 1
B 46 331 1
B 46 343 1
B 46 370 1
B 46 371 1
B 46 373 1
B 46 384 1
B 46 386 1
B 46 403 1
B 46 434 1
B 46 448 1
B 46 451 1
B 46 454 1
B 46 458 1
B 46 473 1
B 46 483 1
B 46 494 1
B 46 495 1
B 46 500 1
B 46 511 1
B 46 512 1
B 46 514 1
B 46 521 1
B 46 538 1
B 46 541 1
B 46 545 1
P 47 0.020
B 47 6 1
B 47 7 2
B 47 11 1
B 47 16 1
B 47 18 1
B 47 21 2
B 47 38 1
B 47 41 1
B 47 46 1
B 47 50 3
B 47 51 2
B 47 57 1
B 47 59 1
B 47 71 1
B 47 73 1
B 47 76 1
B 47 79 1
B 47 84 1
B 47 89 1
B 47 98 1
B 47 128 1
B 47 130 2
B 47 132 1
B 47 137 1
B 47 146 1
B 47 152 2
B 47 153 1
B 47 158 1
B 47 160 1
B 47 163 2
B 47 164 1
B 47 192 1
B 47 195 1
B 47 198 2
B 47 205 1
B 47 207 3
B 47 215 2
B 47 217 1
B 47 220 1
B 47 224 1
B 47 228 1
B 47 236 1
B 47 238 1
B 47 242 1
B 47 245 1
B 47 249 1
B 47 255 1
B 47 270 1
B 47 277 2
B 47 294 1
B 47 306 1
B 47 322 1
B 47 323 1
B 47 343 1
B 47 360 1
B 47 361 1
B 47 364 1
B 47 378 1
B 47 388 1
B 47 389 1
B 47 396 1
B 47 408 1
B 47 414 1
B 47 418 1
B 47 422 1
B 47 424 1
B 47 437 1
B 47 438 2
B 47 441 2
B 47 460 1
B 47 461 1
B 47 463 1
B 47 470 1
B 47 471 1
B 47 495 1
B 47 500 1
B 47 526 1
B 47 533 1
B 47 534 1
P 48 0.020
B 48 7 1
B 48 17 1
B 48 18 1
B 48 21 2
B 48 29 1
B 48 36 1
B 48 38 1
B 48 42 1
B 48 47 2
B 48 53 2
B 48 62 1
B 48 67 1
B 48 74 1
B 48 81 2
B 48 101 1
B 48 103 1
B 48 105 1
B 48 108 1
B 48 111 1
B 48 119 1
B 48 124 1
B 48 125 3
B 48 126 2
B 48 130 2
B 48 137 1
B 48 160 1
B 48 161 1
B 48 179 1
B 48 181 1
B 48 183 1
B 48 187 1
B 48 188 1
B 48 198 1
B 48 204 1
B 48 208 1
B 48 210 1
B 48 211 1
B 48 212 1
B 48 213 1
B 48 215 1
B 48 218 1
B 48 219 1
B 48 222 1
B 48 227 2
B 48 240 1
B 48 241 1
B 48 244 2
B 48 249 1
B 48 250 1
B 48 254 1
B 48 255 1
B 48 262 1
B 48 286 1
B 48 289 1
B 48 297 1
B 48 301 1
B 48 302 1
B 48 305 1
B 48 317 1
B 48 321 1
B 48 341 1
B 48 350 1
B 48 353 1
B 48 359 1
B 48 366 1
B 48 372 1
B 48 386 2
B 48 389 1
B 48 392 1
B 48 423 1
B 48 428 1
B 48 429 1
B 48 437 2
B 48 450 1
B 48 458 1
B 48 460 1
B 48 477 1
B 48 496 1
B 48 501 1
B 48 533 1
P 49 0.020
B 49 7 1
B 49 18 1
B 49 42 2
B 49 46 2
B 49 69 1
B 49 73 1
B 49 76 1
B 49 82 1
B 49 93 1
B 49 97 1
B 49 107 1
B 49 124 1
B 49 140 1
B 49 148 1
B 49 155 1
B 49 162 1
B 49 163 1
B 49 177 3
B 49 179 2
B 49 183 1
B 49 190 1
B 49 194 2
B 49 197 1
B 49 202 1
B 49 206 1
B 49 207 1
B 49 208 1
B 49 212 1
B 49 218 1
B 49 222 1
B 49 227 1
B 49 237 1
B 49 239 1
B 49 240 1
B 49 241 2
B 49 247 1
B 49 249 1
B 49 255 1
B 49 256 1
B 49 276 1
B 49 277 1
B 49 280 1
B 49 281 1
B 49 286 1
B 49 290 1
B 49 292 1
B 49 317 1
B 49 318 1
B 49 326 1
B 49 329 1
B 49 331 1
B 49 343 1
B 49 350 1
B 49 354 1
B 49 359 1
B 49 361 1
B 49 370 1
B 49 373 1
B 49 379 1
B 49 398 1
B 49 400 1
B 49 409 1
B 49 440 1
B 49 457 1
B 49 474 1
B 49 482 2
B 49 483 1
B 49 516 1
B 49 538 1
B 49 541 1
