50
P 0 0.020
B 0 1 2
B 0 2 2
B 0 5 5
B 0 6 1
B 0 7 3
B 0 8 1
B 0 9 1
B 0 10 1
B 0 16 1
B 0 17 6
B 0 18 2
B 0 19 1
B 0 20 2
B 0 21 2
B 0 22 3
B 0 24 6
B 0 26 3
B 0 27 1
B 0 28 3
B 0 29 1
B 0 30 2
B 0 32 1
B 0 33 1
B 0 35 1
B 0 36 1
B 0 38 2
B 0 39 1
B 0 41 2
B 0 42 3
B 0 43 1
B 0 44 3
B 0 46 1
B 0 47 3
B 0 50 3
B 0 51 3
B 0 54 1
B 0 55 4
B 0 57 4
B 0 60 2
B 0 61 4
B 0 62 4
B 0 64 3
B 0 67 1
B 0 68 1
B 0 69 2
B 0 71 4
B 0 72 2
B 0 73 4
B 0 74 2
B 0 75 4
B 0 76 3
B 0 77 2
B 0 78 1
B 0 79 2
B 0 80 1
B 0 81 2
B 0 82 1
B 0 83 2
B 0 84 1
B 0 85 1
B 0 86 1
B 0 87 1
B 0 89 1
B 0 91 1
B 0 92 1
B 0 94 1
B 0 95 1
B 0 96 1
B 0 97 1
B 0 98 2
B 0 100 3
B 0 101 1
B 0 103 1
B 0 104 1
B 0 106 2
B 0 107 1
B 0 108 4
B 0 109 1
B 0 111 1
B 0 113 3
B 0 114 4
B 0 115 1
B 0 119 2
B 0 121 6
B 0 122 3
B 0 123 4
B 0 125 1
B 0 126 1
B 0 127 5
B 0 128 2
B 0 129 3
B 0 130 5
B 0 131 1
B 0 132 2
B 0 133 4
B 0 135 3
B 0 136 2
B 0 137 4
B 0 138 3
B 0 140 1
B 0 141 1
B 0 142 2
B 0 143 2
B 0 144 1
B 0 145 1
B 0 146 1
B 0 148 2
B 0 149 3
B 0 151 1
B 0 153 4
B 0 154 2
B 0 155 1
B 0 156 1
B 0 158 1
B 0 159 3
B 0 160 1
B 0 161 3
B 0 163 4
B 0 171 2
B 0 172 1
B 0 173 2
B 0 174 3
B 0 177 4
B 0 178 4
B 0 179 2
B 0 181 2
B 0 183 3
B 0 184 1
B 0 185 2
B 0 186 2
B 0 187 1
B 0 188 3
B 0 190 3
B 0 191 5
B 0 192 9
B 0 193 2
B 0 194 1
B 0 195 5
B 0 197 6
B 0 198 2
B 0 199 2
B 0 200 1
B 0 201 1
B 0 202 3
B 0 203 5
B 0 205 6
B 0 207 5
B 0 208 1
B 0 209 2
B 0 210 2
B 0 211 3
B 0 212 2
B 0 213 2
B 0 214 1
B 0 215 4
B 0 216 3
B 0 219 3
B 0 221 5
B 0 222 1
B 0 223 1
B 0 224 5
B 0 225 1
B 0 226 2
B 0 227 3
B 0 228 2
B 0 229 3
B 0 230 1
B 0 233 2
B 0 234 8
B 0 235 3
B 0 236 3
B 0 237 1
B 0 239 4
B 0 240 1
B 0 241 5
B 0 242 1
B 0 243 2
B 0 244 3
B 0 245 1
B 0 247 1
B 0 248 2
B 0 249 3
B 0 250 2
B 0 252 2
B 0 253 2
B 0 254 1
B 0 255 1
B 0 256 2
B 0 257 1
B 0 258 3
B 0 260 1
B 0 261 2
B 0 262 4
B 0 263 1
B 0 264 1
B 0 266 1
B 0 267 2
B 0 268 3
B 0 270 1
B 0 272 3
B 0 274 1
B 0 276 2
B 0 277 4
B 0 278 6
B 0 279 1
B 0 281 1
B 0 282 1
B 0 283 2
B 0 284 2
B 0 285 2
B 0 286 3
B 0 287 2
B 0 288 1
B 0 289 2
B 0 290 2
B 0 291 1
B 0 292 2
B 0 293 2
B 0 294 2
B 0 295 1
B 0 296 1
B 0 298 2
B 0 299 1
B 0 300 1
B 0 301 3
B 0 303 2
B 0 304 1
B 0 305 2
B 0 306 7
B 0 309 2
B 0 310 3
B 0 311 2
B 0 312 3
B 0 316 1
B 0 317 1
B 0 318 5
B 0 319 1
B 0 320 1
B 0 323 1
B 0 324 1
B 0 325 3
B 0 326 3
B 0 327 4
B 0 328 3
B 0 329 1
B 0 330 3
B 0 331 3
B 0 332 3
B 0 333 2
B 0 337 1
B 0 341 3
B 0 343 1
B 0 345 3
B 0 346 2
B 0 347 1
B 0 355 1
B 0 358 1
B 0 359 1
B 0 360 1
B 0 361 5
B 0 363 2
B 0 364 1
B 0 370 6
B 0 371 1
B 0 373 3
B 0 376 1
B 0 378 3
B 0 379 1
B 0 380 1
B 0 381 2
B 0 382 1
B 0 384 3
B 0 386 2
B 0 388 1
B 0 389 3
B 0 390 1
B 0 396 1
B 0 400 1
B 0 403 4
B 0 404 3
B 0 405 3
B 0 406 1
B 0 408 1
B 0 409 2
B 0 411 1
B 0 412 1
B 0 413 1
B 0 416 1
B 0 417 3
B 0 418 1
B 0 419 2
B 0 420 2
B 0 421 1
B 0 422 1
B 0 423 2
B 0 424 2
B 0 425 1
B 0 427 2
B 0 428 2
B 0 429 1
B 0 434 1
B 0 438 4
B 0 440 4
B 0 446 1
B 0 448 1
B 0 449 2
B 0 450 2
B 0 451 3
B 0 453 1
B 0 454 4
B 0 457 3
B 0 458 2
B 0 460 2
B 0 464 2
B 0 470 4
B 0 471 1
B 0 473 1
B 0 474 1
B 0 478 1
B 0 482 3
B 0 484 2
B 0 485 2
B 0 487 2
B 0 491 1
B 0 493 2
B 0 494 1
B 0 498 1
B 0 499 1
B 0 500 2
B 0 501 1
B 0 507 1
B 0 510 1
B 0 512 1
B 0 514 2
B 0 517 1
B 0 518 2
B 0 521 1
B 0 522 4
B 0 524 1
B 0 526 2
B 0 530 2
B 0 534 1
B 0 536 2
B 0 541 3
B 0 543 1
B 0 544 1
B 0 545 1
P 1 0.020
B 1 0 1
B 1 5 1
B 1 6 1
B 1 9 1
B 1 12 1
B 1 17 1
B 1 22 1
B 1 27 1
B 1 29 1
B 1 31 1
B 1 32 1
B 1 38 2
B 1 41 1
B 1 45 3
B 1 49 1
B 1 52 1
B 1 53 1
B 1 54 1
B 1 55 1
B 1 56 1
B 1 60 2
B 1 61 1
B 1 62 2
B 1 64 1
B 1 68 1
B 1 72 1
B 1 73 1
B 1 75 2
B 1 76 1
B 1 79 1
B 1 81 1
B 1 82 1
B 1 86 1
B 1 87 1
B 1 89 1
B 1 90 2
B 1 91 1
B 1 92 1
B 1 100 1
B 1 107 2
B 1 110 2
B 1 119 1
B 1 121 1
B 1 122 1
B 1 126 3
B 1 128 1
B 1 130 1
B 1 131 1
B 1 133 1
B 1 134 1
B 1 135 1
B 1 137 1
B 1 140 1
B 1 148 1
B 1 151 1
B 1 153 1
B 1 155 4
B 1 156 1
B 1 158 1
B 1 159 2
B 1 160 1
B 1 175 1
B 1 182 1
B 1 193 1
B 1 194 2
B 1 198 2
B 1 199 1
B 1 206 2
B 1 210 2
B 1 211 2
B 1 212 2
B 1 213 1
B 1 215 1
B 1 216 1
B 1 218 1
B 1 221 1
B 1 222 1
B 1 224 1
B 1 226 1
B 1 227 1
B 1 229 1
B 1 230 2
B 1 234 1
B 1 235 3
B 1 240 2
B 1 241 2
B 1 242 1
B 1 243 2
B 1 244 1
B 1 246 1
B 1 247 1
B 1 250 1
B 1 253 2
B 1 254 1
B 1 256 2
B 1 257 1
B 1 259 1
B 1 261 3
B 1 262 1
B 1 264 1
B 1 266 1
B 1 267 2
B 1 270 1
B 1 275 1
B 1 278 1
B 1 280 1
B 1 282 1
B 1 288 1
B 1 297 1
B 1 301 1
B 1 302 1
B 1 305 2
B 1 308 1
B 1 313 1
B 1 316 1
B 1 321 3
B 1 325 2
B 1 332 1
B 1 346 1
B 1 348 2
B 1 349 1
B 1 354 1
B 1 358 1
B 1 361 3
B 1 362 1
B 1 365 1
B 1 370 1
B 1 376 1
B 1 377 1
B 1 383 1
B 1 384 2
B 1 386 2
B 1 388 1
B 1 392 1
B 1 400 1
B 1 403 1
B 1 405 1
B 1 412 1
B 1 416 1
B 1 417 4
B 1 423 1
B 1 424 2
B 1 438 1
B 1 440 1
B 1 444 1
B 1 448 1
B 1 449 1
B 1 450 2
B 1 460 2
B 1 461 1
B 1 463 1
B 1 464 1
B 1 470 1
B 1 474 1
B 1 476 1
B 1 493 1
B 1 497 1
B 1 500 1
B 1 501 1
B 1 512 1
B 1 516 1
B 1 518 1
B 1 538 1
B 1 547 1
P 2 0.020
B 2 5 2
B 2 8 1
B 2 10 1
B 2 17 2
B 2 18 1
B 2 24 3
B 2 29 3
B 2 33 1
B 2 37 1
B 2 45 1
B 2 46 1
B 2 47 2
B 2 49 1
B 2 50 2
B 2 53 1
B 2 54 1
B 2 55 2
B 2 57 1
B 2 60 1
B 2 61 3
B 2 73 3
B 2 74 1
B 2 76 1
B 2 78 1
B 2 79 1
B 2 83 2
B 2 84 1
B 2 89 1
B 2 91 1
B 2 94 1
B 2 97 2
B 2 105 1
B 2 106 1
B 2 109 2
B 2 110 1
B 2 112 1
B 2 113 1
B 2 121 2
B 2 122 1
B 2 123 1
B 2 125 2
B 2 126 1
B 2 127 2
B 2 128 1
B 2 129 1
B 2 130 1
B 2 131 3
B 2 132 1
B 2 133 1
B 2 141 1
B 2 142 1
B 2 144 1
B 2 152 1
B 2 155 2
B 2 158 1
B 2 159 1
B 2 160 4
B 2 161 1
B 2 163 1
B 2 177 1
B 2 178 1
B 2 181 2
B 2 191 1
B 2 192 1
B 2 197 1
B 2 199 1
B 2 200 1
B 2 202 4
B 2 203 2
B 2 204 1
B 2 207 1
B 2 210 1
B 2 211 2
B 2 214 2
B 2 215 1
B 2 216 1
B 2 217 2
B 2 218 2
B 2 219 2
B 2 220 1
B 2 221 1
B 2 227 2
B 2 228 1
B 2 230 1
B 2 234 2
B 2 239 1
B 2 243 1
B 2 246 2
B 2 250 2
B 2 251 1
B 2 259 2
B 2 260 1
B 2 261 2
B 2 264 1
B 2 272 1
B 2 280 2
B 2 282 1
B 2 285 2
B 2 290 1
B 2 292 1
B 2 296 1
B 2 299 1
B 2 301 2
B 2 303 1
B 2 306 1
B 2 308 1
B 2 310 1
B 2 313 1
B 2 319 1
B 2 342 1
B 2 343 1
B 2 354 1
B 2 355 2
B 2 356 1
B 2 358 1
B 2 361 1
B 2 363 1
B 2 368 2
B 2 373 1
B 2 379 1
B 2 381 1
B 2 388 1
B 2 403 1
B 2 406 1
B 2 409 1
B 2 410 1
B 2 411 1
B 2 412 1
B 2 418 1
B 2 422 2
B 2 427 1
B 2 437 1
B 2 438 2
B 2 455 1
B 2 457 2
B 2 460 1
B 2 464 2
B 2 478 1
B 2 482 1
B 2 489 1
B 2 493 1
B 2 495 1
B 2 500 1
B 2 504 1
B 2 507 1
B 2 511 1
B 2 512 1
B 2 521 1
B 2 523 1
B 2 525 1
B 2 534 1
B 2 539 1
B 2 540 1
B 2 543 1
B 2 545 1
P 3 0.020
B 3 3 1
B 3 5 2
B 3 6 1
B 3 9 2
B 3 17 1
B 3 18 1
B 3 20 1
B 3 21 1
B 3 22 1
B 3 24 1
B 3 33 2
B 3 38 1
B 3 42 1
B 3 43 1
B 3 45 2
B 3 46 1
B 3 47 1
B 3 49 1
B 3 51 1
B 3 52 1
B 3 53 1
B 3 55 2
B 3 57 2
B 3 60 1
B 3 64 1
B 3 67 2
B 3 69 2
B 3 70 1
B 3 71 1
B 3 72 1
B 3 74 1
B 3 75 1
B 3 76 2
B 3 77 1
B 3 79 1
B 3 86 1
B 3 90 1
B 3 91 1
B 3 94 3
B 3 97 2
B 3 99 1
B 3 108 1
B 3 109 1
B 3 119 2
B 3 123 1
B 3 124 1
B 3 125 2
B 3 126 1
B 3 130 1
B 3 136 3
B 3 137 1
B 3 139 1
B 3 140 1
B 3 144 1
B 3 152 1
B 3 153 1
B 3 158 3
B 3 159 1
B 3 160 1
B 3 177 1
B 3 178 1
B 3 188 1
B 3 190 1
B 3 191 2
B 3 192 2
B 3 193 1
B 3 195 1
B 3 196 1
B 3 197 2
B 3 198 1
B 3 202 3
B 3 204 2
B 3 205 1
B 3 207 1
B 3 208 1
B 3 210 1
B 3 213 1
B 3 214 1
B 3 216 1
B 3 217 1
B 3 219 1
B 3 221 1
B 3 224 1
B 3 226 1
B 3 229 1
B 3 230 1
B 3 234 1
B 3 239 1
B 3 240 1
B 3 242 1
B 3 244 2
B 3 249 1
B 3 250 2
B 3 254 3
B 3 255 4
B 3 256 1
B 3 266 2
B 3 268 1
B 3 278 1
B 3 280 1
B 3 284 1
B 3 292 3
B 3 293 3
B 3 294 3
B 3 297 1
B 3 299 1
B 3 300 1
B 3 303 2
B 3 305 1
B 3 306 1
B 3 311 1
B 3 312 1
B 3 319 1
B 3 321 1
B 3 325 1
B 3 326 1
B 3 327 1
B 3 328 1
B 3 331 2
B 3 339 1
B 3 341 1
B 3 343 1
B 3 352 1
B 3 360 1
B 3 370 1
B 3 377 1
B 3 379 1
B 3 382 1
B 3 384 2
B 3 386 1
B 3 394 1
B 3 401 1
B 3 403 1
B 3 406 1
B 3 408 1
B 3 409 1
B 3 410 1
B 3 416 1
B 3 417 1
B 3 420 3
B 3 422 2
B 3 423 1
B 3 425 1
B 3 434 1
B 3 435 1
B 3 438 4
B 3 446 1
B 3 450 1
B 3 457 3
B 3 459 1
B 3 461 1
B 3 462 1
B 3 470 1
B 3 480 1
B 3 481 1
B 3 483 1
B 3 485 1
B 3 489 1
B 3 497 1
B 3 500 3
B 3 504 1
B 3 513 1
B 3 516 1
B 3 517 1
B 3 521 2
B 3 525 1
B 3 530 1
B 3 537 1
B 3 538 2
B 3 541 1
B 3 545 1
P 4 0.020
B 4 5 2
B 4 7 1
B 4 9 2
B 4 10 1
B 4 19 1
B 4 20 1
B 4 21 3
B 4 26 1
B 4 29 1
B 4 30 2
B 4 31 1
B 4 35 1
B 4 38 1
B 4 41 1
B 4 43 1
B 4 44 1
B 4 45 1
B 4 49 1
B 4 50 1
B 4 51 2
B 4 54 1
B 4 55 1
B 4 56 1
B 4 62 1
B 4 64 1
B 4 68 4
B 4 69 1
B 4 72 1
B 4 73 1
B 4 74 2
B 4 75 1
B 4 79 1
B 4 82 1
B 4 84 1
B 4 85 2
B 4 88 2
B 4 91 2
B 4 94 1
B 4 97 1
B 4 99 1
B 4 101 1
B 4 103 1
B 4 104 1
B 4 105 1
B 4 106 2
B 4 113 1
B 4 119 1
B 4 121 1
B 4 123 2
B 4 127 1
B 4 128 3
B 4 130 1
B 4 131 3
B 4 133 2
B 4 136 2
B 4 137 1
B 4 138 2
B 4 139 1
B 4 140 1
B 4 141 1
B 4 142 1
B 4 150 1
B 4 153 2
B 4 154 2
B 4 160 4
B 4 163 1
B 4 166 1
B 4 175 2
B 4 177 2
B 4 183 5
B 4 184 1
B 4 188 1
B 4 190 1
B 4 191 1
B 4 192 2
B 4 194 1
B 4 195 1
B 4 196 1
B 4 198 1
B 4 199 2
B 4 204 2
B 4 207 2
B 4 208 2
B 4 210 1
B 4 211 1
B 4 213 1
B 4 214 1
B 4 215 1
B 4 217 1
B 4 218 1
B 4 219 2
B 4 227 2
B 4 234 4
B 4 235 1
B 4 241 2
B 4 242 1
B 4 243 2
B 4 251 1
B 4 252 1
B 4 255 1
B 4 259 1
B 4 260 1
B 4 262 2
B 4 263 1
B 4 269 1
B 4 271 1
B 4 272 1
B 4 275 2
B 4 278 1
B 4 279 2
B 4 280 2
B 4 289 1
B 4 294 1
B 4 298 1
B 4 299 1
B 4 300 1
B 4 302 1
B 4 303 1
B 4 305 2
B 4 306 1
B 4 312 1
B 4 313 1
B 4 315 1
B 4 318 2
B 4 324 1
B 4 325 1
B 4 326 1
B 4 328 3
B 4 331 1
B 4 345 1
B 4 348 2
B 4 349 1
B 4 360 1
B 4 371 2
B 4 379 1
B 4 384 1
B 4 386 1
B 4 390 1
B 4 401 1
B 4 403 2
B 4 404 1
B 4 417 1
B 4 424 1
B 4 437 1
B 4 438 1
B 4 439 1
B 4 441 1
B 4 442 1
B 4 448 1
B 4 450 2
B 4 454 1
B 4 457 2
B 4 458 1
B 4 459 1
B 4 462 1
B 4 467 1
B 4 472 1
B 4 474 1
B 4 477 1
B 4 480 1
B 4 487 1
B 4 489 1
B 4 494 1
B 4 495 1
B 4 501 2
B 4 512 1
B 4 521 1
B 4 530 1
B 4 547 2
P 5 0.020
B 5 3 1
B 5 5 1
B 5 6 2
B 5 7 2
B 5 8 1
B 5 17 1
B 5 24 2
B 5 27 1
B 5 28 3
B 5 29 1
B 5 32 1
B 5 34 1
B 5 36 1
B 5 38 1
B 5 41 1
B 5 42 1
B 5 44 2
B 5 47 3
B 5 49 1
B 5 52 1
B 5 53 1
B 5 55 1
B 5 57 1
B 5 60 2
B 5 61 2
B 5 62 1
B 5 69 2
B 5 70 1
B 5 71 1
B 5 72 1
B 5 75 1
B 5 76 2
B 5 77 2
B 5 78 1
B 5 81 1
B 5 90 1
B 5 94 1
B 5 95 1
B 5 97 1
B 5 98 1
B 5 100 1
B 5 102 1
B 5 104 1
B 5 106 1
B 5 110 1
B 5 119 3
B 5 122 2
B 5 125 1
B 5 131 2
B 5 132 3
B 5 137 3
B 5 140 2
B 5 145 1
B 5 151 1
B 5 152 1
B 5 153 1
B 5 155 1
B 5 158 1
B 5 159 1
B 5 163 2
B 5 173 1
B 5 175 1
B 5 179 2
B 5 183 1
B 5 184 1
B 5 187 1
B 5 190 1
B 5 191 1
B 5 194 2
B 5 195 1
B 5 198 1
B 5 200 1
B 5 203 1
B 5 205 1
B 5 206 2
B 5 207 1
B 5 208 1
B 5 210 1
B 5 211 1
B 5 212 3
B 5 213 3
B 5 215 1
B 5 218 1
B 5 221 1
B 5 226 1
B 5 227 2
B 5 234 1
B 5 239 1
B 5 241 2
B 5 242 1
B 5 243 1
B 5 247 1
B 5 249 2
B 5 250 1
B 5 251 2
B 5 253 1
B 5 254 2
B 5 255 1
B 5 256 1
B 5 258 1
B 5 259 2
B 5 261 1
B 5 271 1
B 5 272 2
B 5 276 1
B 5 277 1
B 5 278 1
B 5 279 1
B 5 283 1
B 5 284 1
B 5 290 1
B 5 291 2
B 5 297 1
B 5 298 1
B 5 300 1
B 5 301 1
B 5 303 1
B 5 307 1
B 5 308 1
B 5 309 1
B 5 315 1
B 5 318 1
B 5 319 1
B 5 324 1
B 5 326 1
B 5 327 1
B 5 328 1
B 5 333 1
B 5 341 1
B 5 344 1
B 5 350 1
B 5 352 2
B 5 359 1
B 5 360 1
B 5 361 2
B 5 371 2
B 5 373 2
B 5 378 1
B 5 379 1
B 5 389 2
B 5 392 1
B 5 404 1
B 5 406 2
B 5 408 1
B 5 413 1
B 5 414 1
B 5 419 1
B 5 420 2
B 5 423 1
B 5 427 1
B 5 432 1
B 5 434 1
B 5 438 3
B 5 441 1
B 5 451 2
B 5 457 2
B 5 464 1
B 5 470 1
B 5 478 1
B 5 482 1
B 5 489 1
B 5 491 1
B 5 494 1
B 5 504 1
B 5 522 1
B 5 529 1
B 5 530 1
B 5 533 1
B 5 536 3
B 5 538 1
B 5 545 1
P 6 0.020
B 6 5 1
B 6 7 1
B 6 16 1
B 6 18 1
B 6 22 1
B 6 28 1
B 6 34 1
B 6 35 1
B 6 38 1
B 6 42 1
B 6 44 2
B 6 45 2
B 6 46 1
B 6 50 1
B 6 52 1
B 6 53 2
B 6 56 1
B 6 59 1
B 6 60 1
B 6 62 1
B 6 67 1
B 6 68 1
B 6 70 1
B 6 71 1
B 6 74 1
B 6 78 2
B 6 79 1
B 6 90 1
B 6 98 1
B 6 104 1
B 6 112 3
B 6 114 1
B 6 121 1
B 6 124 1
B 6 126 1
B 6 127 1
B 6 129 1
B 6 130 2
B 6 131 1
B 6 132 3
B 6 133 1
B 6 137 1
B 6 138 1
B 6 144 2
B 6 152 1
B 6 154 1
B 6 155 1
B 6 159 1
B 6 160 1
B 6 165 1
B 6 177 1
B 6 187 1
B 6 190 2
B 6 191 3
B 6 198 1
B 6 203 1
B 6 207 2
B 6 208 2
B 6 210 1
B 6 212 2
B 6 214 1
B 6 215 1
B 6 218 1
B 6 219 2
B 6 221 1
B 6 224 1
B 6 225 1
B 6 228 2
B 6 233 1
B 6 234 2
B 6 236 1
B 6 237 1
B 6 241 1
B 6 247 1
B 6 250 2
B 6 253 1
B 6 254 1
B 6 257 1
B 6 258 1
B 6 262 2
B 6 264 1
B 6 270 2
B 6 272 1
B 6 279 1
B 6 280 1
B 6 281 1
B 6 287 2
B 6 290 1
B 6 291 1
B 6 294 2
B 6 297 1
B 6 302 1
B 6 306 2
B 6 307 1
B 6 308 1
B 6 318 1
B 6 319 1
B 6 322 1
B 6 325 1
B 6 326 1
B 6 331 1
B 6 332 2
B 6 345 1
B 6 346 3
B 6 354 1
B 6 357 1
B 6 361 1
B 6 366 1
B 6 371 1
B 6 378 1
B 6 380 1
B 6 394 1
B 6 401 1
B 6 403 1
B 6 406 1
B 6 409 2
B 6 412 1
B 6 418 1
B 6 433 1
B 6 438 1
B 6 439 2
B 6 440 2
B 6 444 1
B 6 445 1
B 6 449 1
B 6 450 1
B 6 452 1
B 6 454 1
B 6 459 1
B 6 460 1
B 6 462 1
B 6 469 1
B 6 474 1
B 6 482 2
B 6 484 1
B 6 493 1
B 6 495 1
B 6 502 1
B 6 505 1
B 6 512 4
B 6 514 1
B 6 516 1
B 6 523 1
B 6 541 1
B 6 545 2
P 7 0.020
B 7 5 3
B 7 6 1
B 7 9 1
B 7 16 2
B 7 22 2
B 7 24 1
B 7 28 1
B 7 31 2
B 7 32 2
B 7 33 1
B 7 46 2
B 7 47 1
B 7 50 1
B 7 55 1
B 7 57 1
B 7 60 1
B 7 61 1
B 7 62 1
B 7 65 1
B 7 69 2
B 7 72 1
B 7 74 1
B 7 75 1
B 7 77 2
B 7 78 1
B 7 82 1
B 7 84 2
B 7 85 2
B 7 90 1
B 7 91 1
B 7 92 1
B 7 101 1
B 7 104 1
B 7 105 1
B 7 112 1
B 7 114 2
B 7 121 1
B 7 124 1
B 7 127 3
B 7 128 1
B 7 129 1
B 7 131 1
B 7 132 2
B 7 133 1
B 7 137 2
B 7 143 1
B 7 144 1
B 7 156 2
B 7 159 3
B 7 160 2
B 7 163 2
B 7 175 2
B 7 178 1
B 7 180 1
B 7 187 1
B 7 191 2
B 7 193 2
B 7 195 3
B 7 198 1
B 7 199 2
B 7 201 1
B 7 202 1
B 7 203 1
B 7 204 3
B 7 205 1
B 7 210 3
B 7 211 1
B 7 215 1
B 7 217 1
B 7 221 1
B 7 226 1
B 7 229 1
B 7 236 2
B 7 239 1
B 7 241 1
B 7 246 1
B 7 250 2
B 7 254 1
B 7 255 1
B 7 256 1
B 7 258 2
B 7 259 2
B 7 266 1
B 7 288 1
B 7 290 2
B 7 293 1
B 7 294 2
B 7 296 1
B 7 298 1
B 7 303 1
B 7 306 1
B 7 307 1
B 7 310 1
B 7 313 2
B 7 314 1
B 7 315 1
B 7 316 1
B 7 318 3
B 7 319 1
B 7 320 1
B 7 323 1
B 7 325 1
B 7 326 1
B 7 327 1
B 7 348 1
B 7 354 1
B 7 359 1
B 7 384 1
B 7 392 2
B 7 400 1
B 7 404 1
B 7 406 1
B 7 409 1
B 7 410 2
B 7 418 1
B 7 423 1
B 7 426 1
B 7 427 1
B 7 434 1
B 7 438 1
B 7 440 2
B 7 453 1
B 7 460 1
B 7 462 1
B 7 463 1
B 7 464 2
B 7 470 4
B 7 472 1
B 7 473 1
B 7 478 1
B 7 480 1
B 7 482 1
B 7 495 1
B 7 498 1
B 7 505 1
B 7 516 2
B 7 520 1
B 7 525 1
B 7 541 2
P 8 0.020
B 8 0 1
B 8 1 1
B 8 5 1
B 8 7 2
B 8 9 2
B 8 10 1
B 8 18 2
B 8 21 1
B 8 22 2
B 8 28 1
B 8 29 1
B 8 34 2
B 8 37 1
B 8 39 1
B 8 43 1
B 8 44 1
B 8 46 3
B 8 47 2
B 8 50 1
B 8 52 3
B 8 53 1
B 8 56 1
B 8 57 1
B 8 60 1
B 8 62 2
B 8 67 1
B 8 68 2
B 8 73 1
B 8 74 2
B 8 76 1
B 8 81 1
B 8 83 2
B 8 84 1
B 8 85 1
B 8 88 1
B 8 98 1
B 8 99 1
B 8 102 1
B 8 103 1
B 8 104 1
B 8 105 1
B 8 108 1
B 8 114 1
B 8 119 1
B 8 122 1
B 8 124 1
B 8 125 1
B 8 127 1
B 8 128 2
B 8 129 1
B 8 131 1
B 8 134 1
B 8 135 1
B 8 139 1
B 8 152 1
B 8 155 1
B 8 158 2
B 8 159 2
B 8 160 1
B 8 161 1
B 8 168 1
B 8 175 1
B 8 178 1
B 8 179 1
B 8 183 1
B 8 186 2
B 8 188 1
B 8 189 1
B 8 191 1
B 8 194 2
B 8 199 1
B 8 201 1
B 8 202 1
B 8 206 1
B 8 207 1
B 8 208 1
B 8 209 1
B 8 210 1
B 8 211 2
B 8 212 1
B 8 215 4
B 8 217 1
B 8 218 1
B 8 219 2
B 8 222 2
B 8 224 1
B 8 227 1
B 8 229 2
B 8 234 1
B 8 238 1
B 8 244 1
B 8 245 3
B 8 247 1
B 8 249 1
B 8 251 1
B 8 253 1
B 8 254 2
B 8 258 2
B 8 259 1
B 8 262 1
B 8 265 1
B 8 279 1
B 8 283 2
B 8 284 1
B 8 286 1
B 8 288 1
B 8 289 1
B 8 292 2
B 8 294 1
B 8 297 1
B 8 301 1
B 8 303 1
B 8 311 1
B 8 313 2
B 8 318 1
B 8 321 1
B 8 325 1
B 8 345 1
B 8 349 1
B 8 350 1
B 8 355 1
B 8 361 1
B 8 383 1
B 8 396 2
B 8 398 1
B 8 405 1
B 8 410 2
B 8 411 3
B 8 417 1
B 8 420 1
B 8 423 1
B 8 428 1
B 8 438 1
B 8 440 1
B 8 454 1
B 8 455 1
B 8 458 1
B 8 460 1
B 8 461 1
B 8 463 1
B 8 464 2
B 8 469 1
B 8 477 1
B 8 494 1
B 8 495 1
B 8 500 2
B 8 502 3
B 8 507 1
B 8 541 1
B 8 545 2
P 9 0.020
B 9 1 1
B 9 3 1
B 9 8 1
B 9 16 1
B 9 17 2
B 9 21 1
B 9 29 1
B 9 36 1
B 9 37 1
B 9 41 1
B 9 44 1
B 9 45 2
B 9 46 1
B 9 47 1
B 9 49 1
B 9 51 1
B 9 52 1
B 9 55 1
B 9 56 1
B 9 57 1
B 9 60 1
B 9 62 1
B 9 65 1
B 9 67 1
B 9 72 1
B 9 73 2
B 9 74 1
B 9 77 1
B 9 81 1
B 9 83 1
B 9 88 2
B 9 92 1
B 9 94 1
B 9 98 1
B 9 101 2
B 9 103 1
B 9 105 1
B 9 107 1
B 9 109 1
B 9 110 2
B 9 116 1
B 9 119 3
B 9 120 1
B 9 124 1
B 9 130 1
B 9 131 1
B 9 136 1
B 9 139 1
B 9 144 1
B 9 148 1
B 9 153 3
B 9 154 1
B 9 155 1
B 9 158 1
B 9 163 2
B 9 174 2
B 9 175 1
B 9 177 1
B 9 178 1
B 9 179 2
B 9 181 1
B 9 183 1
B 9 191 1
B 9 192 1
B 9 194 3
B 9 195 1
B 9 196 1
B 9 202 1
B 9 204 2
B 9 207 1
B 9 213 1
B 9 214 1
B 9 218 1
B 9 221 1
B 9 222 1
B 9 224 2
B 9 225 2
B 9 234 3
B 9 241 1
B 9 242 1
B 9 243 1
B 9 246 1
B 9 249 1
B 9 250 1
B 9 252 1
B 9 253 1
B 9 261 1
B 9 263 1
B 9 266 2
B 9 268 2
B 9 276 2
B 9 277 1
B 9 278 1
B 9 280 1
B 9 282 1
B 9 283 1
B 9 284 1
B 9 286 1
B 9 292 1
B 9 294 1
B 9 298 1
B 9 301 1
B 9 305 1
B 9 307 1
B 9 309 1
B 9 311 2
B 9 312 1
B 9 315 2
B 9 317 2
B 9 318 1
B 9 323 1
B 9 326 1
B 9 327 1
B 9 331 1
B 9 332 1
B 9 333 2
B 9 349 1
B 9 352 2
B 9 361 2
B 9 363 1
B 9 366 1
B 9 372 1
B 9 379 1
B 9 380 1
B 9 382 1
B 9 383 2
B 9 389 1
B 9 400 1
B 9 401 1
B 9 404 1
B 9 409 1
B 9 414 1
B 9 415 1
B 9 416 1
B 9 419 1
B 9 420 1
B 9 421 1
B 9 438 2
B 9 439 1
B 9 440 1
B 9 441 1
B 9 442 1
B 9 455 1
B 9 458 1
B 9 464 1
B 9 467 1
B 9 468 1
B 9 487 1
B 9 493 2
B 9 494 2
B 9 500 1
B 9 502 1
B 9 504 1
B 9 506 1
B 9 512 1
B 9 524 1
B 9 531 1
B 9 532 1
B 9 534 1
B 9 543 1
P 10 0.020
B 10 1 3
B 10 5 3
B 10 10 1
B 10 11 1
B 10 15 2
B 10 16 1
B 10 19 1
B 10 21 2
B 10 22 1
B 10 26 1
B 10 27 1
B 10 32 2
B 10 41 1
B 10 43 1
B 10 44 1
B 10 45 1
B 10 49 1
B 10 50 1
B 10 55 1
B 10 56 1
B 10 62 1
B 10 67 1
B 10 71 1
B 10 72 1
B 10 73 1
B 10 81 1
B 10 82 1
B 10 83 2
B 10 86 1
B 10 90 1
B 10 94 2
B 10 98 1
B 10 103 1
B 10 105 2
B 10 110 2
B 10 111 1
B 10 114 1
B 10 119 3
B 10 121 1
B 10 122 1
B 10 126 2
B 10 128 1
B 10 133 1
B 10 137 3
B 10 140 1
B 10 141 1
B 10 144 1
B 10 148 1
B 10 154 1
B 10 158 1
B 10 159 1
B 10 161 1
B 10 163 3
B 10 175 1
B 10 181 1
B 10 186 1
B 10 188 1
B 10 190 2
B 10 191 1
B 10 196 1
B 10 202 2
B 10 203 3
B 10 204 1
B 10 205 1
B 10 207 1
B 10 208 1
B 10 210 1
B 10 211 2
B 10 213 2
B 10 214 1
B 10 217 1
B 10 219 1
B 10 221 1
B 10 222 1
B 10 225 1
B 10 229 1
B 10 233 1
B 10 236 1
B 10 240 1
B 10 241 1
B 10 245 1
B 10 247 1
B 10 250 1
B 10 253 1
B 10 257 1
B 10 258 1
B 10 261 1
B 10 262 1
B 10 270 2
B 10 276 1
B 10 283 2
B 10 285 1
B 10 287 1
B 10 290 1
B 10 291 1
B 10 292 1
B 10 294 2
B 10 297 1
B 10 299 1
B 10 302 1
B 10 303 2
B 10 307 1
B 10 309 2
B 10 310 1
B 10 314 1
B 10 321 1
B 10 325 1
B 10 328 1
B 10 331 1
B 10 341 2
B 10 342 1
B 10 343 1
B 10 346 1
B 10 349 1
B 10 350 2
B 10 354 1
B 10 356 1
B 10 362 2
B 10 366 1
B 10 368 1
B 10 370 1
B 10 374 1
B 10 375 1
B 10 380 1
B 10 383 1
B 10 387 1
B 10 389 1
B 10 399 1
B 10 403 2
B 10 405 1
B 10 407 1
B 10 413 1
B 10 414 1
B 10 417 3
B 10 420 2
B 10 427 2
B 10 431 1
B 10 433 1
B 10 440 1
B 10 448 1
B 10 450 3
B 10 451 2
B 10 453 1
B 10 455 1
B 10 456 1
B 10 460 1
B 10 461 1
B 10 462 1
B 10 464 1
B 10 470 1
B 10 473 1
B 10 487 2
B 10 489 1
B 10 500 2
B 10 502 1
B 10 506 1
B 10 512 1
B 10 513 1
B 10 521 1
B 10 525 1
B 10 536 1
B 10 541 1
B 10 548 1
P 11 0.020
B 11 5 1
B 11 6 1
B 11 10 1
B 11 17 2
B 11 18 2
B 11 19 1
B 11 21 1
B 11 24 1
B 11 26 1
B 11 35 1
B 11 41 1
B 11 45 2
B 11 46 2
B 11 50 1
B 11 54 2
B 11 57 2
B 11 61 3
B 11 64 2
B 11 68 1
B 11 69 2
B 11 73 2
B 11 75 1
B 11 76 4
B 11 77 1
B 11 78 3
B 11 89 1
B 11 97 1
B 11 98 1
B 11 101 1
B 11 116 1
B 11 119 1
B 11 126 2
B 11 127 1
B 11 128 1
B 11 129 1
B 11 130 2
B 11 132 1
B 11 133 1
B 11 135 2
B 11 136 1
B 11 144 3
B 11 145 1
B 11 153 1
B 11 155 1
B 11 156 1
B 11 158 1
B 11 160 1
B 11 174 2
B 11 177 2
B 11 179 2
B 11 183 1
B 11 193 1
B 11 195 1
B 11 196 2
B 11 197 1
B 11 200 2
B 11 203 1
B 11 204 1
B 11 205 1
B 11 207 1
B 11 209 2
B 11 213 1
B 11 216 2
B 11 219 1
B 11 221 1
B 11 222 1
B 11 225 1
B 11 226 1
B 11 227 1
B 11 230 1
B 11 233 1
B 11 234 5
B 11 241 1
B 11 244 1
B 11 247 1
B 11 252 1
B 11 254 2
B 11 256 1
B 11 262 1
B 11 264 1
B 11 267 1
B 11 269 1
B 11 272 1
B 11 279 2
B 11 280 1
B 11 284 1
B 11 290 2
B 11 293 1
B 11 298 1
B 11 299 1
B 11 302 1
B 11 303 1
B 11 305 2
B 11 311 1
B 11 313 1
B 11 314 1
B 11 315 1
B 11 318 2
B 11 323 1
B 11 325 2
B 11 329 2
B 11 331 1
B 11 338 1
B 11 339 1
B 11 341 3
B 11 349 1
B 11 361 1
B 11 363 1
B 11 371 1
B 11 375 2
B 11 380 1
B 11 382 1
B 11 387 1
B 11 390 1
B 11 410 1
B 11 414 2
B 11 417 1
B 11 419 2
B 11 421 1
B 11 422 1
B 11 426 1
B 11 427 1
B 11 438 2
B 11 440 1
B 11 451 1
B 11 453 1
B 11 454 1
B 11 458 1
B 11 460 1
B 11 464 1
B 11 467 1
B 11 469 1
B 11 471 1
B 11 472 1
B 11 474 1
B 11 477 2
B 11 485 2
B 11 487 1
B 11 498 1
B 11 501 1
B 11 504 1
B 11 507 1
B 11 511 1
B 11 514 1
B 11 520 1
B 11 521 2
B 11 536 1
B 11 540 1
B 11 542 1
P 12 0.020
B 12 6 1
B 12 17 1
B 12 22 1
B 12 24 1
B 12 34 3
B 12 42 2
B 12 49 1
B 12 50 1
B 12 53 2
B 12 61 1
B 12 62 1
B 12 64 1
B 12 70 1
B 12 72 1
B 12 73 2
B 12 74 1
B 12 75 1
B 12 76 1
B 12 83 1
B 12 93 1
B 12 98 1
B 12 103 1
B 12 105 1
B 12 106 1
B 12 110 1
B 12 111 1
B 12 112 1
B 12 119 2
B 12 120 1
B 12 121 1
B 12 123 1
B 12 127 2
B 12 128 2
B 12 132 1
B 12 133 1
B 12 142 1
B 12 152 1
B 12 156 1
B 12 160 1
B 12 175 1
B 12 176 1
B 12 177 1
B 12 179 1
B 12 181 1
B 12 183 1
B 12 187 1
B 12 190 2
B 12 191 1
B 12 192 1
B 12 195 1
B 12 197 2
B 12 198 1
B 12 199 2
B 12 200 1
B 12 205 1
B 12 208 1
B 12 209 1
B 12 212 1
B 12 214 3
B 12 216 1
B 12 218 1
B 12 221 2
B 12 222 2
B 12 223 1
B 12 224 2
B 12 225 1
B 12 226 2
B 12 228 1
B 12 232 1
B 12 234 3
B 12 236 1
B 12 237 2
B 12 239 1
B 12 240 1
B 12 241 1
B 12 242 2
B 12 248 1
B 12 249 2
B 12 251 2
B 12 258 2
B 12 259 1
B 12 276 2
B 12 280 1
B 12 282 1
B 12 287 1
B 12 288 1
B 12 291 1
B 12 292 1
B 12 293 1
B 12 294 1
B 12 301 2
B 12 302 2
B 12 303 1
B 12 304 1
B 12 307 1
B 12 309 1
B 12 312 1
B 12 315 1
B 12 322 1
B 12 325 1
B 12 326 1
B 12 328 1
B 12 331 1
B 12 333 2
B 12 343 1
B 12 352 1
B 12 358 1
B 12 361 1
B 12 366 1
B 12 370 2
B 12 377 1
B 12 382 2
B 12 385 2
B 12 386 1
B 12 387 1
B 12 389 1
B 12 392 1
B 12 393 1
B 12 399 1
B 12 400 1
B 12 403 1
B 12 405 1
B 12 418 1
B 12 420 1
B 12 421 1
B 12 423 1
B 12 424 1
B 12 429 1
B 12 437 1
B 12 438 1
B 12 440 1
B 12 442 1
B 12 450 2
B 12 451 1
B 12 454 1
B 12 461 1
B 12 462 1
B 12 468 1
B 12 469 1
B 12 470 1
B 12 474 1
B 12 476 1
B 12 478 1
B 12 483 1
B 12 494 1
B 12 507 1
B 12 514 1
B 12 525 1
B 12 531 1
B 12 545 1
P 13 0.020
B 13 5 1
B 13 7 1
B 13 16 1
B 13 17 1
B 13 22 1
B 13 24 1
B 13 29 1
B 13 31 1
B 13 32 1
B 13 35 1
B 13 36 1
B 13 38 4
B 13 45 2
B 13 50 1
B 13 53 1
B 13 62 2
B 13 63 1
B 13 71 2
B 13 72 1
B 13 75 1
B 13 76 1
B 13 77 1
B 13 79 1
B 13 81 1
B 13 84 1
B 13 85 1
B 13 87 1
B 13 91 1
B 13 93 1
B 13 94 1
B 13 98 1
B 13 99 1
B 13 103 1
B 13 108 2
B 13 110 1
B 13 119 1
B 13 121 1
B 13 123 2
B 13 125 1
B 13 129 1
B 13 130 1
B 13 131 1
B 13 132 2
B 13 134 1
B 13 135 1
B 13 137 2
B 13 138 1
B 13 140 1
B 13 141 1
B 13 160 1
B 13 168 1
B 13 173 1
B 13 176 1
B 13 177 1
B 13 179 1
B 13 181 1
B 13 183 1
B 13 184 1
B 13 186 1
B 13 188 1
B 13 190 2
B 13 191 1
B 13 192 1
B 13 193 1
B 13 196 1
B 13 197 1
B 13 198 1
B 13 202 1
B 13 205 2
B 13 207 1
B 13 211 1
B 13 213 1
B 13 214 1
B 13 215 2
B 13 218 1
B 13 219 1
B 13 221 1
B 13 225 2
B 13 230 1
B 13 235 2
B 13 237 2
B 13 241 2
B 13 246 1
B 13 253 1
B 13 254 1
B 13 255 1
B 13 262 1
B 13 264 2
B 13 265 1
B 13 267 2
B 13 269 1
B 13 272 1
B 13 275 1
B 13 279 1
B 13 283 1
B 13 286 1
B 13 288 1
B 13 289 1
B 13 290 2
B 13 293 2
B 13 299 1
B 13 302 1
B 13 304 1
B 13 306 1
B 13 307 1
B 13 323 1
B 13 326 1
B 13 331 1
B 13 332 1
B 13 343 1
B 13 346 2
B 13 353 2
B 13 358 1
B 13 360 1
B 13 362 1
B 13 363 1
B 13 365 1
B 13 370 1
B 13 372 1
B 13 373 1
B 13 380 1
B 13 388 1
B 13 404 1
B 13 422 1
B 13 427 1
B 13 428 2
B 13 440 1
B 13 451 1
B 13 452 1
B 13 456 1
B 13 457 1
B 13 458 1
B 13 466 1
B 13 470 1
B 13 485 1
B 13 493 1
B 13 497 1
B 13 513 1
B 13 514 1
B 13 524 1
B 13 530 1
B 13 532 1
B 13 538 1
B 13 540 1
P 14 0.020
B 14 5 2
B 14 6 1
B 14 8 2
B 14 17 1
B 14 18 1
B 14 20 1
B 14 21 1
B 14 26 1
B 14 32 1
B 14 38 1
B 14 42 1
B 14 46 1
B 14 47 2
B 14 49 1
B 14 55 1
B 14 61 1
B 14 62 1
B 14 64 1
B 14 69 2
B 14 70 1
B 14 71 1
B 14 74 1
B 14 75 1
B 14 79 1
B 14 80 1
B 14 81 2
B 14 82 1
B 14 83 1
B 14 90 2
B 14 95 1
B 14 105 1
B 14 106 1
B 14 113 1
B 14 121 1
B 14 123 1
B 14 124 1
B 14 126 1
B 14 128 2
B 14 129 1
B 14 131 1
B 14 132 1
B 14 136 2
B 14 138 2
B 14 140 1
B 14 144 1
B 14 148 1
B 14 152 2
B 14 156 2
B 14 158 1
B 14 160 1
B 14 163 1
B 14 164 1
B 14 177 1
B 14 183 1
B 14 184 1
B 14 186 2
B 14 191 1
B 14 193 1
B 14 194 2
B 14 198 1
B 14 201 1
B 14 203 1
B 14 204 1
B 14 205 1
B 14 206 2
B 14 210 2
B 14 211 1
B 14 212 1
B 14 213 3
B 14 214 1
B 14 215 3
B 14 218 1
B 14 219 1
B 14 229 1
B 14 234 2
B 14 237 1
B 14 241 1
B 14 247 1
B 14 248 1
B 14 251 1
B 14 253 1
B 14 255 1
B 14 257 1
B 14 258 1
B 14 260 1
B 14 263 1
B 14 268 2
B 14 269 1
B 14 272 1
B 14 275 1
B 14 276 1
B 14 277 1
B 14 282 1
B 14 283 1
B 14 284 1
B 14 290 1
B 14 295 1
B 14 299 1
B 14 302 1
B 14 306 2
B 14 318 4
B 14 319 1
B 14 321 1
B 14 325 1
B 14 326 2
B 14 327 1
B 14 331 3
B 14 344 1
B 14 350 1
B 14 357 1
B 14 359 1
B 14 361 1
B 14 364 1
B 14 366 1
B 14 367 1
B 14 370 2
B 14 373 3
B 14 375 1
B 14 382 1
B 14 383 1
B 14 386 1
B 14 388 1
B 14 392 1
B 14 393 1
B 14 394 1
B 14 401 1
B 14 404 1
B 14 408 2
B 14 422 1
B 14 428 1
B 14 438 1
B 14 445 1
B 14 450 1
B 14 453 1
B 14 461 1
B 14 463 1
B 14 473 1
B 14 487 1
B 14 490 1
B 14 494 1
B 14 500 1
B 14 517 1
B 14 530 2
B 14 538 1
B 14 546 1
P 15 0.020
B 15 18 2
B 15 21 1
B 15 22 1
B 15 24 1
B 15 26 2
B 15 29 1
B 15 32 1
B 15 41 3
B 15 45 1
B 15 46 1
B 15 47 1
B 15 50 1
B 15 53 1
B 15 54 2
B 15 56 1
B 15 57 1
B 15 61 1
B 15 69 1
B 15 70 1
B 15 73 1
B 15 74 1
B 15 76 1
B 15 81 1
B 15 89 1
B 15 90 1
B 15 98 1
B 15 99 1
B 15 109 1
B 15 121 1
B 15 126 3
B 15 130 1
B 15 131 1
B 15 133 1
B 15 135 2
B 15 137 1
B 15 138 2
B 15 139 1
B 15 144 1
B 15 148 1
B 15 151 1
B 15 154 1
B 15 155 2
B 15 156 1
B 15 175 1
B 15 177 1
B 15 179 1
B 15 187 1
B 15 188 1
B 15 189 1
B 15 190 1
B 15 191 1
B 15 193 1
B 15 197 3
B 15 200 1
B 15 202 2
B 15 203 1
B 15 204 1
B 15 205 1
B 15 207 2
B 15 208 1
B 15 210 1
B 15 217 1
B 15 219 1
B 15 228 1
B 15 230 1
B 15 233 1
B 15 236 1
B 15 239 2
B 15 241 1
B 15 243 2
B 15 244 1
B 15 248 1
B 15 250 1
B 15 251 1
B 15 255 2
B 15 256 2
B 15 257 1
B 15 258 2
B 15 260 1
B 15 261 1
B 15 262 1
B 15 268 1
B 15 269 1
B 15 272 1
B 15 277 1
B 15 282 1
B 15 283 1
B 15 286 1
B 15 290 2
B 15 292 1
B 15 297 1
B 15 299 1
B 15 301 1
B 15 306 2
B 15 310 1
B 15 311 1
B 15 315 1
B 15 321 1
B 15 325 2
B 15 326 1
B 15 331 1
B 15 338 1
B 15 340 1
B 15 343 1
B 15 351 1
B 15 353 1
B 15 355 1
B 15 357 1
B 15 361 3
B 15 363 1
B 15 365 1
B 15 367 2
B 15 373 2
B 15 382 1
B 15 386 1
B 15 389 1
B 15 396 2
B 15 405 1
B 15 410 1
B 15 411 2
B 15 412 1
B 15 414 1
B 15 421 1
B 15 422 1
B 15 429 1
B 15 434 1
B 15 438 2
B 15 440 1
B 15 442 1
B 15 453 1
B 15 457 1
B 15 460 1
B 15 467 1
B 15 473 1
B 15 485 1
B 15 488 1
B 15 493 1
B 15 498 1
B 15 507 1
B 15 510 1
B 15 517 1
B 15 544 1
P 16 0.020
B 16 7 1
B 16 21 1
B 16 25 1
B 16 29 1
B 16 33 1
B 16 38 2
B 16 45 3
B 16 49 1
B 16 50 2
B 16 53 1
B 16 55 1
B 16 56 1
B 16 57 2
B 16 60 2
B 16 61 1
B 16 62 4
B 16 64 2
B 16 67 1
B 16 69 1
B 16 72 3
B 16 73 2
B 16 74 1
B 16 75 1
B 16 78 1
B 16 83 1
B 16 84 1
B 16 85 1
B 16 87 1
B 16 102 1
B 16 105 1
B 16 106 1
B 16 107 1
B 16 108 1
B 16 111 1
B 16 114 1
B 16 119 1
B 16 123 1
B 16 128 1
B 16 130 1
B 16 131 1
B 16 133 1
B 16 137 1
B 16 140 1
B 16 148 1
B 16 154 1
B 16 155 2
B 16 158 1
B 16 159 1
B 16 177 3
B 16 178 1
B 16 179 1
B 16 181 1
B 16 194 2
B 16 197 1
B 16 199 1
B 16 203 1
B 16 206 1
B 16 207 1
B 16 210 1
B 16 213 2
B 16 215 5
B 16 221 4
B 16 227 2
B 16 230 2
B 16 231 1
B 16 233 1
B 16 234 1
B 16 236 1
B 16 239 1
B 16 241 1
B 16 244 1
B 16 246 1
B 16 248 1
B 16 249 2
B 16 250 2
B 16 251 1
B 16 253 1
B 16 255 1
B 16 258 1
B 16 264 1
B 16 268 1
B 16 278 1
B 16 279 2
B 16 284 1
B 16 294 1
B 16 298 1
B 16 300 1
B 16 306 2
B 16 311 1
B 16 314 1
B 16 318 1
B 16 325 1
B 16 333 1
B 16 340 1
B 16 345 1
B 16 355 1
B 16 357 1
B 16 361 1
B 16 382 1
B 16 383 1
B 16 384 1
B 16 385 1
B 16 386 1
B 16 387 1
B 16 393 1
B 16 395 1
B 16 404 1
B 16 405 1
B 16 409 1
B 16 416 2
B 16 417 3
B 16 426 1
B 16 431 1
B 16 450 1
B 16 454 1
B 16 473 1
B 16 477 1
B 16 483 1
B 16 485 1
B 16 492 1
B 16 495 1
B 16 500 1
B 16 502 3
B 16 504 2
B 16 506 1
B 16 518 1
B 16 521 1
B 16 524 1
B 16 525 2
B 16 526 1
B 16 542 1
P 17 0.020
B 17 5 1
B 17 6 1
B 17 7 1
B 17 16 2
B 17 20 2
B 17 21 1
B 17 24 1
B 17 27 2
B 17 28 1
B 17 34 1
B 17 42 1
B 17 43 1
B 17 46 3
B 17 48 1
B 17 50 3
B 17 54 1
B 17 55 1
B 17 57 1
B 17 60 1
B 17 62 1
B 17 67 1
B 17 68 1
B 17 70 1
B 17 72 1
B 17 75 1
B 17 77 2
B 17 81 1
B 17 82 1
B 17 84 1
B 17 90 3
B 17 93 1
B 17 108 1
B 17 114 1
B 17 119 1
B 17 120 1
B 17 125 2
B 17 127 2
B 17 133 2
B 17 135 1
B 17 150 1
B 17 155 2
B 17 156 1
B 17 158 1
B 17 159 1
B 17 160 1
B 17 179 1
B 17 181 2
B 17 184 1
B 17 187 1
B 17 192 1
B 17 195 1
B 17 198 1
B 17 201 1
B 17 202 1
B 17 205 4
B 17 207 3
B 17 208 1
B 17 211 1
B 17 213 2
B 17 214 1
B 17 215 2
B 17 216 1
B 17 219 2
B 17 224 1
B 17 227 1
B 17 234 2
B 17 235 1
B 17 237 2
B 17 239 1
B 17 242 1
B 17 246 1
B 17 249 1
B 17 250 1
B 17 251 1
B 17 252 1
B 17 254 1
B 17 255 1
B 17 258 1
B 17 259 1
B 17 263 1
B 17 267 1
B 17 268 1
B 17 269 1
B 17 270 1
B 17 271 1
B 17 276 2
B 17 280 1
B 17 288 1
B 17 294 1
B 17 295 1
B 17 302 2
B 17 303 1
B 17 306 2
B 17 307 1
B 17 309 2
B 17 310 1
B 17 312 1
B 17 314 1
B 17 318 3
B 17 329 1
B 17 348 1
B 17 349 1
B 17 350 1
B 17 352 2
B 17 353 1
B 17 356 1
B 17 361 2
B 17 379 1
B 17 381 1
B 17 383 1
B 17 386 1
B 17 388 1
B 17 393 1
B 17 394 1
B 17 400 1
B 17 404 1
B 17 406 1
B 17 409 2
B 17 411 1
B 17 438 1
B 17 440 2
B 17 450 1
B 17 451 1
B 17 457 2
B 17 460 1
B 17 462 1
B 17 464 1
B 17 466 1
B 17 470 1
B 17 481 1
B 17 482 1
B 17 500 1
B 17 503 2
B 17 511 1
B 17 516 1
B 17 532 1
B 17 541 1
P 18 0.020
B 18 5 3
B 18 7 1
B 18 15 1
B 18 17 1
B 18 21 1
B 18 22 1
B 18 24 1
B 18 31 1
B 18 34 1
B 18 42 1
B 18 44 1
B 18 47 1
B 18 48 1
B 18 49 1
B 18 51 1
B 18 52 2
B 18 53 1
B 18 57 1
B 18 62 1
B 18 63 1
B 18 68 1
B 18 69 2
B 18 71 1
B 18 72 1
B 18 73 1
B 18 75 1
B 18 77 1
B 18 90 1
B 18 92 1
B 18 95 1
B 18 99 1
B 18 100 1
B 18 101 1
B 18 114 1
B 18 121 1
B 18 123 2
B 18 125 1
B 18 126 2
B 18 127 2
B 18 129 2
B 18 132 1
B 18 136 1
B 18 142 1
B 18 144 1
B 18 146 1
B 18 158 1
B 18 163 1
B 18 172 1
B 18 175 1
B 18 176 1
B 18 178 1
B 18 179 2
B 18 193 1
B 18 194 1
B 18 196 1
B 18 199 1
B 18 200 2
B 18 201 1
B 18 202 2
B 18 209 1
B 18 210 1
B 18 213 2
B 18 214 1
B 18 215 1
B 18 217 3
B 18 225 1
B 18 231 1
B 18 234 3
B 18 239 1
B 18 240 1
B 18 252 1
B 18 253 1
B 18 258 1
B 18 260 1
B 18 265 2
B 18 266 1
B 18 278 1
B 18 283 1
B 18 288 1
B 18 290 1
B 18 297 1
B 18 300 1
B 18 304 1
B 18 314 1
B 18 317 1
B 18 318 1
B 18 322 1
B 18 331 1
B 18 338 1
B 18 339 1
B 18 345 2
B 18 346 2
B 18 348 1
B 18 359 1
B 18 363 1
B 18 372 1
B 18 373 1
B 18 378 1
B 18 380 1
B 18 383 1
B 18 384 1
B 18 386 1
B 18 400 1
B 18 403 1
B 18 409 3
B 18 414 1
B 18 420 1
B 18 427 1
B 18 428 1
B 18 436 1
B 18 437 1
B 18 439 1
B 18 450 1
B 18 454 1
B 18 455 2
B 18 457 1
B 18 470 3
B 18 472 1
B 18 482 2
B 18 497 1
B 18 506 2
B 18 513 1
B 18 516 1
B 18 525 1
B 18 545 1
P 19 0.020
B 19 3 1
B 19 5 1
B 19 7 1
B 19 8 3
B 19 9 1
B 19 16 1
B 19 27 2
B 19 35 1
B 19 42 1
B 19 44 2
B 19 47 1
B 19 50 1
B 19 51 1
B 19 56 1
B 19 61 1
B 19 65 2
B 19 72 3
B 19 75 1
B 19 76 1
B 19 78 1
B 19 81 1
B 19 85 1
B 19 97 2
B 19 99 1
B 19 102 2
B 19 108 1
B 19 109 1
B 19 110 1
B 19 122 2
B 19 125 3
B 19 126 1
B 19 128 1
B 19 131 1
B 19 140 1
B 19 141 1
B 19 142 1
B 19 157 1
B 19 160 1
B 19 161 1
B 19 168 1
B 19 169 1
B 19 179 2
B 19 187 1
B 19 196 1
B 19 204 1
B 19 215 3
B 19 216 1
B 19 218 1
B 19 221 2
B 19 222 1
B 19 224 1
B 19 226 1
B 19 229 1
B 19 234 1
B 19 236 1
B 19 239 1
B 19 240 1
B 19 242 2
B 19 247 1
B 19 249 1
B 19 251 1
B 19 252 1
B 19 255 1
B 19 257 1
B 19 260 1
B 19 261 1
B 19 265 1
B 19 275 1
B 19 280 1
B 19 288 1
B 19 294 2
B 19 301 1
B 19 304 2
B 19 306 1
B 19 309 2
B 19 314 2
B 19 320 1
B 19 324 1
B 19 325 1
B 19 326 1
B 19 327 1
B 19 341 1
B 19 345 1
B 19 348 1
B 19 349 1
B 19 350 1
B 19 356 1
B 19 360 1
B 19 363 1
B 19 375 1
B 19 400 1
B 19 403 1
B 19 409 1
B 19 420 1
B 19 426 1
B 19 440 1
B 19 447 1
B 19 449 1
B 19 454 1
B 19 457 1
B 19 460 1
B 19 466 1
B 19 471 1
B 19 476 1
B 19 481 1
B 19 483 1
B 19 501 1
B 19 504 1
B 19 521 1
B 19 533 1
P 20 0.020
B 20 5 2
B 20 8 1
B 20 9 1
B 20 16 1
B 20 18 2
B 20 21 1
B 20 27 1
B 20 29 1
B 20 32 1
B 20 33 1
B 20 41 1
B 20 43 1
B 20 46 3
B 20 51 1
B 20 53 1
B 20 55 1
B 20 57 1
B 20 62 1
B 20 67 1
B 20 70 1
B 20 77 1
B 20 81 2
B 20 83 4
B 20 85 1
B 20 92 1
B 20 99 2
B 20 100 1
B 20 107 1
B 20 108 2
B 20 119 1
B 20 121 1
B 20 123 2
B 20 126 1
B 20 128 1
B 20 129 1
B 20 130 1
B 20 131 2
B 20 135 1
B 20 136 1
B 20 137 1
B 20 152 1
B 20 153 1
B 20 157 1
B 20 158 1
B 20 159 1
B 20 163 3
B 20 175 2
B 20 177 1
B 20 178 1
B 20 183 1
B 20 191 1
B 20 197 1
B 20 201 1
B 20 204 2
B 20 205 1
B 20 216 1
B 20 217 1
B 20 219 1
B 20 221 1
B 20 224 1
B 20 225 1
B 20 227 1
B 20 233 1
B 20 234 4
B 20 241 1
B 20 242 2
B 20 243 1
B 20 244 1
B 20 250 1
B 20 251 1
B 20 252 3
B 20 253 1
B 20 254 1
B 20 256 1
B 20 262 3
B 20 267 1
B 20 268 1
B 20 270 3
B 20 272 1
B 20 276 1
B 20 278 1
B 20 280 1
B 20 282 1
B 20 286 2
B 20 292 1
B 20 294 1
B 20 296 1
B 20 297 1
B 20 308 1
B 20 311 1
B 20 314 2
B 20 318 1
B 20 321 1
B 20 325 1
B 20 326 1
B 20 327 2
B 20 332 1
B 20 337 1
B 20 343 1
B 20 344 1
B 20 345 1
B 20 346 1
B 20 350 1
B 20 353 2
B 20 354 1
B 20 355 1
B 20 357 1
B 20 370 1
B 20 384 1
B 20 394 1
B 20 404 1
B 20 405 1
B 20 406 1
B 20 416 1
B 20 422 1
B 20 428 1
B 20 434 1
B 20 440 1
B 20 448 1
B 20 451 1
B 20 452 1
B 20 454 1
B 20 460 1
B 20 473 1
B 20 484 1
B 20 493 1
B 20 496 2
B 20 500 2
B 20 512 1
B 20 541 1
B 20 543 1
P 21 0.020
B 21 7 1
B 21 8 1
B 21 17 1
B 21 24 2
B 21 32 1
B 21 41 2
B 21 42 1
B 21 44 1
B 21 46 1
B 21 50 1
B 21 53 1
B 21 54 1
B 21 55 1
B 21 74 1
B 21 76 2
B 21 78 1
B 21 81 1
B 21 83 1
B 21 90 1
B 21 96 1
B 21 105 1
B 21 109 1
B 21 122 1
B 21 123 1
B 21 126 1
B 21 128 2
B 21 133 1
B 21 135 1
B 21 142 1
B 21 144 1
B 21 148 1
B 21 154 1
B 21 155 2
B 21 160 1
B 21 175 1
B 21 177 1
B 21 179 1
B 21 182 1
B 21 186 1
B 21 190 1
B 21 192 1
B 21 197 1
B 21 201 1
B 21 203 1
B 21 210 2
B 21 211 1
B 21 212 2
B 21 215 3
B 21 218 1
B 21 219 1
B 21 221 1
B 21 235 1
B 21 249 1
B 21 250 2
B 21 254 1
B 21 256 1
B 21 258 2
B 21 259 1
B 21 261 1
B 21 262 1
B 21 265 1
B 21 268 1
B 21 270 1
B 21 276 1
B 21 279 1
B 21 283 1
B 21 285 1
B 21 290 1
B 21 292 1
B 21 293 1
B 21 294 3
B 21 299 1
B 21 307 1
B 21 309 1
B 21 314 1
B 21 326 1
B 21 328 2
B 21 339 1
B 21 340 1
B 21 341 1
B 21 350 1
B 21 352 1
B 21 357 1
B 21 368 1
B 21 373 2
B 21 383 1
B 21 389 1
B 21 411 1
B 21 424 1
B 21 426 1
B 21 430 1
B 21 438 3
B 21 440 2
B 21 451 2
B 21 455 1
B 21 458 1
B 21 460 1
B 21 472 2
B 21 473 1
B 21 482 1
B 21 483 2
B 21 484 1
B 21 496 1
B 21 502 2
B 21 510 1
B 21 515 1
B 21 521 3
B 21 522 1
B 21 533 1
B 21 540 1
B 21 541 1
P 22 0.020
B 22 1 1
B 22 7 1
B 22 8 1
B 22 15 1
B 22 17 1
B 22 19 1
B 22 21 1
B 22 22 3
B 22 27 2
B 22 38 2
B 22 41 1
B 22 42 1
B 22 43 1
B 22 50 1
B 22 52 1
B 22 53 2
B 22 54 2
B 22 60 2
B 22 62 2
B 22 67 1
B 22 68 1
B 22 74 2
B 22 75 1
B 22 77 2
B 22 80 1
B 22 81 1
B 22 82 1
B 22 84 1
B 22 87 1
B 22 92 1
B 22 101 2
B 22 102 1
B 22 103 1
B 22 106 1
B 22 112 1
B 22 116 1
B 22 117 1
B 22 122 1
B 22 123 1
B 22 124 1
B 22 125 1
B 22 128 2
B 22 129 1
B 22 131 1
B 22 132 3
B 22 133 2
B 22 134 1
B 22 137 2
B 22 138 1
B 22 140 1
B 22 142 2
B 22 148 3
B 22 151 1
B 22 153 1
B 22 156 3
B 22 160 1
B 22 163 2
B 22 178 1
B 22 181 1
B 22 183 1
B 22 194 1
B 22 197 3
B 22 202 3
B 22 203 1
B 22 204 1
B 22 205 2
B 22 208 1
B 22 212 2
B 22 213 3
B 22 215 1
B 22 217 1
B 22 219 1
B 22 224 2
B 22 225 1
B 22 227 1
B 22 234 1
B 22 237 2
B 22 240 1
B 22 241 1
B 22 242 1
B 22 246 2
B 22 247 1
B 22 249 1
B 22 251 2
B 22 253 1
B 22 254 2
B 22 255 1
B 22 258 2
B 22 262 1
B 22 264 1
B 22 268 1
B 22 270 1
B 22 272 3
B 22 276 1
B 22 278 2
B 22 288 1
B 22 289 1
B 22 292 1
B 22 298 1
B 22 299 1
B 22 303 2
B 22 304 1
B 22 306 3
B 22 308 1
B 22 316 1
B 22 318 1
B 22 320 1
B 22 322 1
B 22 340 1
B 22 342 1
B 22 343 1
B 22 345 1
B 22 355 1
B 22 357 1
B 22 373 1
B 22 378 1
B 22 379 1
B 22 383 1
B 22 385 2
B 22 386 1
B 22 394 1
B 22 402 1
B 22 411 1
B 22 416 1
B 22 424 2
B 22 438 2
B 22 450 1
B 22 454 2
B 22 457 1
B 22 465 1
P 23 0.020
B 23 5 1
B 23 6 1
B 23 11 1
B 23 17 2
B 23 22 2
B 23 27 1
B 23 37 1
B 23 43 1
B 23 45 1
B 23 47 1
B 23 50 2
B 23 55 1
B 23 57 1
B 23 58 1
B 23 68 1
B 23 69 2
B 23 71 1
B 23 72 1
B 23 75 1
B 23 76 2
B 23 82 1
B 23 83 2
B 23 84 2
B 23 85 1
B 23 89 1
B 23 90 2
B 23 92 1
B 23 97 2
B 23 98 1
B 23 99 2
B 23 101 1
B 23 108 1
B 23 121 1
B 23 126 2
B 23 128 1
B 23 132 1
B 23 135 2
B 23 136 2
B 23 137 1
B 23 140 1
B 23 142 1
B 23 153 1
B 23 155 1
B 23 159 1
B 23 163 1
B 23 164 1
B 23 178 1
B 23 179 1
B 23 185 1
B 23 190 1
B 23 195 1
B 23 196 1
B 23 198 1
B 23 203 1
B 23 205 3
B 23 206 1
B 23 207 1
B 23 208 1
B 23 210 1
B 23 211 1
B 23 213 2
B 23 214 1
B 23 215 2
B 23 217 1
B 23 221 2
B 23 227 1
B 23 230 1
B 23 233 1
B 23 234 2
B 23 236 1
B 23 243 1
B 23 247 1
B 23 256 1
B 23 264 2
B 23 279 1
B 23 285 1
B 23 286 1
B 23 288 1
B 23 294 1
B 23 296 2
B 23 301 1
B 23 302 2
B 23 303 1
B 23 307 1
B 23 312 1
B 23 321 1
B 23 326 1
B 23 333 1
B 23 337 1
B 23 341 1
B 23 343 1
B 23 353 1
B 23 362 1
B 23 370 1
B 23 371 1
B 23 381 1
B 23 384 1
B 23 385 1
B 23 389 1
B 23 404 1
B 23 410 1
B 23 416 1
B 23 417 1
B 23 418 1
B 23 438 1
B 23 440 3
B 23 450 1
B 23 454 1
B 23 458 1
B 23 464 1
B 23 466 1
B 23 467 2
B 23 469 1
B 23 470 2
B 23 476 1
B 23 481 1
B 23 484 1
B 23 487 1
B 23 488 1
B 23 495 1
B 23 496 1
B 23 498 1
B 23 521 1
B 23 526 1
B 23 529 1
B 23 545 1
P 24 0.020
B 24 8 1
B 24 12 1
B 24 18 2
B 24 46 1
B 24 47 1
B 24 53 1
B 24 54 1
B 24 55 2
B 24 60 1
B 24 62 1
B 24 65 1
B 24 68 1
B 24 72 1
B 24 75 1
B 24 77 1
B 24 78 1
B 24 81 1
B 24 85 2
B 24 86 1
B 24 94 1
B 24 103 1
B 24 104 1
B 24 108 1
B 24 109 1
B 24 119 1
B 24 122 2
B 24 123 2
B 24 126 1
B 24 127 1
B 24 128 1
B 24 129 1
B 24 132 1
B 24 142 1
B 24 144 1
B 24 147 1
B 24 148 2
B 24 153 2
B 24 154 1
B 24 160 1
B 24 174 1
B 24 176 1
B 24 179 1
B 24 190 1
B 24 191 1
B 24 194 2
B 24 195 1
B 24 198 1
B 24 199 1
B 24 203 2
B 24 204 1
B 24 205 1
B 24 207 1
B 24 211 1
B 24 214 1
B 24 219 3
B 24 226 1
B 24 228 2
B 24 229 1
B 24 234 2
B 24 236 1
B 24 239 1
B 24 242 1
B 24 247 1
B 24 249 1
B 24 251 2
B 24 252 1
B 24 253 1
B 24 255 1
B 24 258 3
B 24 259 1
B 24 262 1
B 24 265 1
B 24 277 1
B 24 280 1
B 24 282 2
B 24 283 1
B 24 284 1
B 24 302 1
B 24 306 1
B 24 308 2
B 24 317 1
B 24 318 2
B 24 319 1
B 24 344 1
B 24 348 1
B 24 358 1
B 24 359 1
B 24 373 1
B 24 374 2
B 24 375 1
B 24 377 2
B 24 389 1
B 24 400 1
B 24 403 1
B 24 409 1
B 24 411 1
B 24 417 1
B 24 418 1
B 24 420 1
B 24 426 1
B 24 437 1
B 24 438 2
B 24 440 1
B 24 442 2
B 24 453 1
B 24 454 1
B 24 457 4
B 24 458 1
B 24 461 2
B 24 490 1
B 24 500 1
B 24 501 2
B 24 510 1
B 24 521 1
B 24 530 1
B 24 533 1
B 24 541 1
B 24 544 1
P 25 0.020
B 25 1 1
B 25 5 1
B 25 7 1
B 25 18 1
B 25 21 1
B 25 24 1
B 25 26 1
B 25 28 1
B 25 32 1
B 25 34 1
B 25 41 2
B 25 42 3
B 25 46 1
B 25 51 1
B 25 53 1
B 25 55 1
B 25 68 1
B 25 70 1
B 25 74 1
B 25 75 1
B 25 81 1
B 25 85 2
B 25 93 1
B 25 100 1
B 25 101 1
B 25 103 1
B 25 108 1
B 25 119 3
B 25 127 1
B 25 133 1
B 25 134 1
B 25 136 1
B 25 153 1
B 25 154 1
B 25 181 1
B 25 189 1
B 25 190 1
B 25 191 1
B 25 192 1
B 25 193 1
B 25 194 1
B 25 196 1
B 25 197 1
B 25 198 1
B 25 202 1
B 25 203 1
B 25 205 1
B 25 207 1
B 25 208 2
B 25 210 1
B 25 212 2
B 25 215 1
B 25 224 1
B 25 226 1
B 25 227 1
B 25 228 2
B 25 233 1
B 25 234 2
B 25 239 1
B 25 241 1
B 25 244 1
B 25 246 1
B 25 247 1
B 25 250 1
B 25 258 1
B 25 259 1
B 25 260 1
B 25 261 1
B 25 262 1
B 25 266 1
B 25 267 1
B 25 275 1
B 25 279 1
B 25 280 1
B 25 292 1
B 25 297 1
B 25 298 1
B 25 299 2
B 25 300 1
B 25 303 1
B 25 314 2
B 25 315 2
B 25 318 2
B 25 325 1
B 25 328 1
B 25 331 1
B 25 338 1
B 25 344 1
B 25 346 1
B 25 350 1
B 25 356 1
B 25 361 1
B 25 366 1
B 25 383 1
B 25 405 2
B 25 411 1
B 25 425 1
B 25 428 2
B 25 429 1
B 25 437 1
B 25 438 2
B 25 440 1
B 25 451 3
B 25 454 1
B 25 474 1
B 25 476 1
B 25 484 1
B 25 493 1
B 25 494 1
B 25 496 1
B 25 507 1
B 25 517 2
B 25 525 1
B 25 527 1
B 25 530 1
P 26 0.020
B 26 1 1
B 26 10 1
B 26 18 1
B 26 21 1
B 26 24 1
B 26 25 2
B 26 28 1
B 26 34 1
B 26 43 1
B 26 45 1
B 26 47 1
B 26 49 2
B 26 52 1
B 26 55 1
B 26 64 2
B 26 68 2
B 26 74 1
B 26 75 2
B 26 77 1
B 26 78 2
B 26 85 1
B 26 86 1
B 26 87 1
B 26 90 1
B 26 92 1
B 26 98 1
B 26 101 1
B 26 104 1
B 26 112 1
B 26 114 1
B 26 121 1
B 26 124 1
B 26 126 1
B 26 127 1
B 26 131 2
B 26 132 1
B 26 143 1
B 26 146 1
B 26 147 1
B 26 151 1
B 26 153 2
B 26 160 2
B 26 175 1
B 26 177 1
B 26 179 2
B 26 181 1
B 26 185 1
B 26 187 1
B 26 191 1
B 26 192 1
B 26 195 2
B 26 204 2
B 26 207 1
B 26 209 1
B 26 212 1
B 26 215 1
B 26 220 1
B 26 221 2
B 26 222 1
B 26 234 2
B 26 235 2
B 26 241 1
B 26 246 2
B 26 249 1
B 26 251 1
B 26 254 2
B 26 255 2
B 26 257 1
B 26 258 1
B 26 259 1
B 26 261 1
B 26 267 2
B 26 273 1
B 26 275 1
B 26 276 1
B 26 278 1
B 26 280 1
B 26 282 1
B 26 285 1
B 26 288 1
B 26 293 2
B 26 294 2
B 26 297 1
B 26 303 1
B 26 304 1
B 26 306 1
B 26 312 1
B 26 318 2
B 26 328 1
B 26 331 1
B 26 345 1
B 26 352 1
B 26 361 1
B 26 371 3
B 26 381 1
B 26 382 1
B 26 384 1
B 26 386 1
B 26 400 1
B 26 404 1
B 26 413 1
B 26 417 1
B 26 418 2
B 26 422 1
B 26 424 2
B 26 429 2
B 26 430 1
B 26 438 2
B 26 450 1
B 26 457 2
B 26 458 1
B 26 460 1
B 26 484 1
B 26 487 1
B 26 493 1
B 26 494 1
B 26 500 3
B 26 508 1
B 26 510 1
B 26 512 1
B 26 519 1
B 26 521 2
B 26 525 1
B 26 532 1
B 26 536 1
B 26 538 2
B 26 543 1
P 27 0.020
B 27 16 2
B 27 18 3
B 27 22 1
B 27 27 2
B 27 42 1
B 27 43 1
B 27 46 1
B 27 49 2
B 27 51 1
B 27 54 1
B 27 56 1
B 27 60 1
B 27 63 1
B 27 65 1
B 27 69 1
B 27 71 1
B 27 74 1
B 27 75 2
B 27 76 2
B 27 78 1
B 27 79 1
B 27 85 1
B 27 100 1
B 27 103 1
B 27 122 1
B 27 125 1
B 27 126 1
B 27 128 1
B 27 129 1
B 27 132 1
B 27 136 1
B 27 140 1
B 27 144 1
B 27 155 3
B 27 161 1
B 27 163 1
B 27 174 1
B 27 178 1
B 27 179 1
B 27 184 2
B 27 186 1
B 27 190 1
B 27 192 1
B 27 193 1
B 27 194 1
B 27 195 1
B 27 203 1
B 27 204 2
B 27 213 1
B 27 217 1
B 27 222 1
B 27 223 1
B 27 234 1
B 27 237 1
B 27 243 1
B 27 246 1
B 27 249 1
B 27 250 1
B 27 252 3
B 27 254 1
B 27 255 1
B 27 258 1
B 27 266 1
B 27 272 1
B 27 277 2
B 27 279 1
B 27 294 2
B 27 297 1
B 27 299 1
B 27 311 1
B 27 317 1
B 27 324 2
B 27 328 1
B 27 332 1
B 27 364 1
B 27 366 2
B 27 372 1
B 27 373 1
B 27 375 1
B 27 378 1
B 27 383 2
B 27 384 1
B 27 386 1
B 27 387 1
B 27 405 1
B 27 409 1
B 27 412 1
B 27 420 3
B 27 440 2
B 27 454 1
B 27 455 1
B 27 460 1
B 27 471 1
B 27 473 1
B 27 495 1
B 27 501 1
B 27 502 1
B 27 509 1
B 27 512 1
B 27 516 1
B 27 521 1
B 27 525 1
B 27 541 1
B 27 548 1
P 28 0.020
B 28 1 1
B 28 6 1
B 28 7 1
B 28 21 1
B 28 22 1
B 28 24 1
B 28 32 2
B 28 34 2
B 28 36 1
B 28 44 1
B 28 45 1
B 28 46 1
B 28 54 1
B 28 56 1
B 28 57 2
B 28 60 1
B 28 64 1
B 28 68 1
B 28 70 1
B 28 71 1
B 28 72 1
B 28 73 1
B 28 79 1
B 28 85 2
B 28 86 1
B 28 90 2
B 28 96 1
B 28 99 3
B 28 100 1
B 28 103 1
B 28 114 1
B 28 126 2
B 28 130 1
B 28 132 3
B 28 133 1
B 28 136 1
B 28 137 2
B 28 140 1
B 28 148 1
B 28 149 1
B 28 153 1
B 28 155 1
B 28 158 2
B 28 163 1
B 28 178 2
B 28 182 1
B 28 183 2
B 28 184 1
B 28 185 1
B 28 187 2
B 28 188 1
B 28 191 1
B 28 193 1
B 28 194 1
B 28 197 4
B 28 198 1
B 28 202 1
B 28 203 1
B 28 205 1
B 28 208 1
B 28 209 1
B 28 211 2
B 28 215 1
B 28 229 1
B 28 240 2
B 28 244 1
B 28 249 1
B 28 250 1
B 28 252 1
B 28 253 1
B 28 254 1
B 28 255 1
B 28 258 1
B 28 265 1
B 28 275 1
B 28 278 1
B 28 283 1
B 28 288 1
B 28 289 1
B 28 290 1
B 28 298 1
B 28 300 1
B 28 303 1
B 28 306 2
B 28 308 1
B 28 309 1
B 28 313 1
B 28 319 1
B 28 321 1
B 28 322 1
B 28 323 1
B 28 327 1
B 28 329 2
B 28 340 1
B 28 341 3
B 28 346 1
B 28 349 1
B 28 359 1
B 28 361 1
B 28 366 1
B 28 368 1
B 28 374 1
B 28 377 1
B 28 383 1
B 28 389 1
B 28 390 1
B 28 396 1
B 28 403 1
B 28 404 2
B 28 409 2
B 28 410 2
B 28 417 1
B 28 422 1
B 28 426 1
B 28 428 1
B 28 433 1
B 28 440 2
B 28 443 1
B 28 451 1
B 28 457 1
B 28 460 1
B 28 461 1
B 28 470 2
B 28 473 1
B 28 482 1
B 28 488 1
B 28 493 1
B 28 501 1
B 28 542 1
P 29 0.020
B 29 7 1
B 29 11 1
B 29 14 1
B 29 17 3
B 29 18 2
B 29 24 1
B 29 26 1
B 29 41 1
B 29 46 1
B 29 50 2
B 29 51 1
B 29 54 1
B 29 62 4
B 29 64 1
B 29 67 2
B 29 68 1
B 29 69 1
B 29 71 2
B 29 72 2
B 29 76 2
B 29 78 2
B 29 79 1
B 29 84 2
B 29 90 1
B 29 92 1
B 29 100 1
B 29 101 1
B 29 104 2
B 29 106 1
B 29 119 1
B 29 121 1
B 29 122 1
B 29 124 2
B 29 127 1
B 29 128 2
B 29 129 2
B 29 131 1
B 29 135 2
B 29 140 2
B 29 142 1
B 29 152 1
B 29 153 1
B 29 155 1
B 29 156 1
B 29 160 1
B 29 163 1
B 29 169 1
B 29 183 1
B 29 187 2
B 29 191 1
B 29 192 1
B 29 195 1
B 29 196 1
B 29 198 2
B 29 199 1
B 29 200 1
B 29 201 1
B 29 202 2
B 29 203 1
B 29 205 2
B 29 207 2
B 29 217 1
B 29 219 1
B 29 224 1
B 29 227 1
B 29 234 1
B 29 240 1
B 29 242 1
B 29 245 1
B 29 247 1
B 29 249 1
B 29 251 1
B 29 252 1
B 29 256 1
B 29 262 1
B 29 263 1
B 29 264 1
B 29 265 1
B 29 267 1
B 29 268 1
B 29 269 1
B 29 270 1
B 29 277 1
B 29 278 1
B 29 282 2
B 29 288 2
B 29 289 1
B 29 290 2
B 29 291 1
B 29 297 1
B 29 298 1
B 29 302 1
B 29 317 1
B 29 318 2
B 29 332 1
B 29 345 1
B 29 359 1
B 29 360 1
B 29 361 1
B 29 363 1
B 29 369 1
B 29 378 1
B 29 383 1
B 29 400 1
B 29 401 1
B 29 405 1
B 29 409 1
B 29 415 1
B 29 453 1
B 29 458 2
B 29 462 1
B 29 474 1
B 29 501 1
B 29 506 1
B 29 507 1
B 29 515 1
B 29 518 3
B 29 521 1
B 29 529 1
B 29 533 1
B 29 541 1
P 30 0.020
B 30 18 3
B 30 24 1
B 30 27 1
B 30 32 1
B 30 33 1
B 30 38 1
B 30 41 1
B 30 42 1
B 30 43 1
B 30 46 2
B 30 49 1
B 30 50 1
B 30 53 2
B 30 56 1
B 30 57 1
B 30 60 1
B 30 61 1
B 30 62 3
B 30 64 1
B 30 67 1
B 30 68 1
B 30 69 2
B 30 70 2
B 30 72 1
B 30 76 2
B 30 77 1
B 30 78 1
B 30 82 2
B 30 86 1
B 30 87 1
B 30 97 1
B 30 108 1
B 30 116 1
B 30 121 1
B 30 123 2
B 30 124 1
B 30 126 1
B 30 129 1
B 30 130 1
B 30 133 1
B 30 136 1
B 30 137 1
B 30 138 1
B 30 143 1
B 30 151 1
B 30 159 1
B 30 160 1
B 30 168 1
B 30 177 1
B 30 179 1
B 30 184 1
B 30 186 1
B 30 188 2
B 30 190 2
B 30 194 1
B 30 196 1
B 30 200 1
B 30 202 1
B 30 203 1
B 30 204 1
B 30 209 1
B 30 211 1
B 30 212 1
B 30 219 1
B 30 222 1
B 30 226 2
B 30 227 2
B 30 228 1
B 30 231 1
B 30 234 1
B 30 236 1
B 30 237 1
B 30 242 1
B 30 246 1
B 30 250 3
B 30 256 1
B 30 257 1
B 30 259 1
B 30 263 1
B 30 276 1
B 30 280 1
B 30 289 1
B 30 290 2
B 30 293 1
B 30 294 1
B 30 298 1
B 30 303 1
B 30 306 1
B 30 311 1
B 30 314 1
B 30 315 1
B 30 316 1
B 30 319 2
B 30 322 1
B 30 325 1
B 30 343 1
B 30 345 1
B 30 359 1
B 30 371 1
B 30 383 1
B 30 384 1
B 30 385 1
B 30 391 1
B 30 392 1
B 30 403 1
B 30 409 1
B 30 410 1
B 30 416 1
B 30 417 1
B 30 428 1
B 30 438 2
B 30 440 1
B 30 450 1
B 30 454 1
B 30 460 2
B 30 474 1
B 30 476 1
B 30 477 1
B 30 482 1
B 30 493 1
B 30 500 1
B 30 502 1
B 30 513 1
B 30 514 1
B 30 526 1
B 30 533 1
P 31 0.020
B 31 5 1
B 31 6 1
B 31 18 1
B 31 33 1
B 31 38 2
B 31 42 1
B 31 43 1
B 31 49 1
B 31 54 2
B 31 62 2
B 31 67 1
B 31 69 1
B 31 72 1
B 31 74 1
B 31 77 1
B 31 78 1
B 31 80 2
B 31 89 1
B 31 91 1
B 31 97 1
B 31 114 1
B 31 124 1
B 31 126 1
B 31 127 1
B 31 129 1
B 31 161 1
B 31 163 2
B 31 167 1
B 31 176 1
B 31 187 3
B 31 188 1
B 31 192 1
B 31 198 2
B 31 203 2
B 31 205 1
B 31 206 1
B 31 207 1
B 31 210 1
B 31 219 1
B 31 221 2
B 31 224 1
B 31 228 2
B 31 230 1
B 31 233 2
B 31 237 1
B 31 238 1
B 31 241 1
B 31 243 1
B 31 249 1
B 31 250 1
B 31 253 2
B 31 255 1
B 31 256 1
B 31 257 1
B 31 259 1
B 31 270 1
B 31 278 3
B 31 280 1
B 31 282 1
B 31 292 1
B 31 294 3
B 31 296 1
B 31 303 1
B 31 304 1
B 31 305 1
B 31 307 1
B 31 308 1
B 31 314 1
B 31 318 1
B 31 319 1
B 31 320 1
B 31 325 1
B 31 332 1
B 31 342 1
B 31 344 1
B 31 350 1
B 31 354 1
B 31 356 1
B 31 378 1
B 31 383 1
B 31 385 1
B 31 386 1
B 31 392 1
B 31 396 1
B 31 403 1
B 31 413 1
B 31 417 1
B 31 422 1
B 31 424 1
B 31 426 2
B 31 428 1
B 31 429 1
B 31 431 1
B 31 438 2
B 31 448 1
B 31 451 1
B 31 458 1
B 31 470 1
B 31 473 1
B 31 478 1
B 31 482 1
B 31 483 1
B 31 494 1
B 31 515 1
P 32 0.020
B 32 12 1
B 32 17 1
B 32 18 1
B 32 20 1
B 32 34 1
B 32 36 1
B 32 38 1
B 32 44 1
B 32 47 1
B 32 54 1
B 32 57 1
B 32 62 1
B 32 64 2
B 32 69 1
B 32 73 1
B 32 75 1
B 32 76 2
B 32 79 1
B 32 82 1
B 32 85 1
B 32 87 1
B 32 91 2
B 32 93 1
B 32 110 1
B 32 121 1
B 32 122 1
B 32 125 2
B 32 128 2
B 32 129 1
B 32 140 2
B 32 148 1
B 32 153 1
B 32 155 1
B 32 157 1
B 32 159 2
B 32 162 1
B 32 174 1
B 32 179 3
B 32 181 2
B 32 182 1
B 32 190 1
B 32 194 1
B 32 197 1
B 32 204 1
B 32 205 1
B 32 206 3
B 32 208 2
B 32 209 1
B 32 210 1
B 32 211 2
B 32 218 1
B 32 223 1
B 32 225 1
B 32 233 1
B 32 234 2
B 32 235 1
B 32 239 2
B 32 241 1
B 32 242 1
B 32 246 1
B 32 249 2
B 32 253 1
B 32 261 1
B 32 263 2
B 32 266 2
B 32 276 2
B 32 278 1
B 32 280 1
B 32 282 1
B 32 289 1
B 32 292 1
B 32 303 1
B 32 305 1
B 32 310 2
B 32 311 1
B 32 320 1
B 32 324 1
B 32 325 1
B 32 330 1
B 32 339 1
B 32 341 1
B 32 350 1
B 32 354 1
B 32 359 1
B 32 363 1
B 32 370 1
B 32 371 1
B 32 381 1
B 32 385 1
B 32 388 1
B 32 397 1
B 32 403 1
B 32 405 1
B 32 408 1
B 32 410 1
B 32 411 1
B 32 428 1
B 32 438 1
B 32 450 2
B 32 463 1
B 32 464 1
B 32 487 2
B 32 496 1
B 32 500 2
B 32 512 1
B 32 518 1
B 32 530 1
B 32 541 2
P 33 0.020
B 33 5 1
B 33 7 1
B 33 8 1
B 33 17 2
B 33 18 1
B 33 24 1
B 33 34 1
B 33 38 1
B 33 50 1
B 33 54 2
B 33 55 2
B 33 65 1
B 33 67 1
B 33 69 1
B 33 71 2
B 33 72 1
B 33 73 2
B 33 74 2
B 33 75 1
B 33 81 1
B 33 83 2
B 33 85 2
B 33 87 1
B 33 88 1
B 33 89 1
B 33 90 1
B 33 91 1
B 33 92 1
B 33 96 1
B 33 100 1
B 33 102 1
B 33 108 1
B 33 109 1
B 33 121 1
B 33 123 1
B 33 126 1
B 33 130 1
B 33 133 1
B 33 140 1
B 33 143 1
B 33 148 1
B 33 152 1
B 33 158 1
B 33 160 2
B 33 161 1
B 33 169 1
B 33 175 1
B 33 177 1
B 33 182 1
B 33 186 2
B 33 189 1
B 33 191 1
B 33 195 1
B 33 196 1
B 33 199 1
B 33 202 1
B 33 203 2
B 33 205 3
B 33 206 1
B 33 207 2
B 33 208 1
B 33 211 3
B 33 212 1
B 33 213 2
B 33 217 1
B 33 219 1
B 33 221 1
B 33 243 1
B 33 246 1
B 33 247 1
B 33 248 1
B 33 252 1
B 33 253 2
B 33 254 1
B 33 256 2
B 33 257 2
B 33 260 1
B 33 262 1
B 33 267 1
B 33 268 1
B 33 269 1
B 33 272 2
B 33 276 1
B 33 277 1
B 33 280 1
B 33 286 1
B 33 287 1
B 33 293 1
B 33 296 1
B 33 301 1
B 33 303 1
B 33 309 1
B 33 318 1
B 33 321 1
B 33 332 1
B 33 333 1
B 33 344 1
B 33 352 1
B 33 359 1
B 33 360 1
B 33 389 1
B 33 394 1
B 33 396 1
B 33 400 1
B 33 403 1
B 33 409 1
B 33 411 1
B 33 412 1
B 33 416 1
B 33 417 1
B 33 420 1
B 33 423 1
B 33 437 1
B 33 438 2
B 33 446 1
B 33 450 2
B 33 454 1
B 33 458 2
B 33 460 1
B 33 461 1
B 33 464 1
B 33 470 1
B 33 483 2
B 33 487 1
B 33 493 1
B 33 516 1
B 33 518 1
B 33 536 1
B 33 541 1
B 33 547 1
P 34 0.020
B 34 1 1
B 34 5 1
B 34 7 2
B 34 9 1
B 34 17 1
B 34 22 1
B 34 23 1
B 34 24 1
B 34 26 1
B 34 27 1
B 34 32 1
B 34 37 1
B 34 42 1
B 34 43 2
B 34 47 1
B 34 50 2
B 34 57 2
B 34 60 1
B 34 61 2
B 34 64 1
B 34 69 1
B 34 72 1
B 34 73 1
B 34 79 2
B 34 82 1
B 34 83 2
B 34 87 1
B 34 92 2
B 34 95 1
B 34 97 1
B 34 98 1
B 34 102 1
B 34 104 1
B 34 105 1
B 34 113 1
B 34 122 2
B 34 124 1
B 34 126 1
B 34 132 1
B 34 136 1
B 34 137 1
B 34 144 1
B 34 146 1
B 34 158 1
B 34 161 1
B 34 163 1
B 34 178 1
B 34 179 1
B 34 182 1
B 34 187 1
B 34 191 1
B 34 192 2
B 34 197 2
B 34 198 1
B 34 199 1
B 34 202 1
B 34 203 1
B 34 205 1
B 34 206 1
B 34 208 1
B 34 213 1
B 34 216 1
B 34 218 1
B 34 219 1
B 34 230 1
B 34 239 1
B 34 242 1
B 34 244 1
B 34 251 1
B 34 253 1
B 34 254 1
B 34 256 1
B 34 260 2
B 34 262 1
B 34 277 1
B 34 282 1
B 34 285 1
B 34 293 1
B 34 297 2
B 34 304 1
B 34 307 1
B 34 311 1
B 34 312 1
B 34 318 1
B 34 324 1
B 34 327 1
B 34 332 1
B 34 358 1
B 34 368 1
B 34 372 1
B 34 378 2
B 34 383 1
B 34 385 1
B 34 389 1
B 34 403 1
B 34 418 1
B 34 426 1
B 34 438 1
B 34 446 1
B 34 455 1
B 34 460 1
B 34 482 1
B 34 493 1
B 34 499 1
B 34 500 1
B 34 506 1
B 34 512 1
B 34 517 1
B 34 532 1
B 34 534 1
B 34 535 1
B 34 541 1
P 35 0.020
B 35 7 2
B 35 17 1
B 35 18 1
B 35 22 1
B 35 24 2
B 35 35 1
B 35 38 2
B 35 42 1
B 35 43 1
B 35 48 1
B 35 51 1
B 35 60 1
B 35 62 1
B 35 70 1
B 35 71 1
B 35 72 2
B 35 73 1
B 35 74 1
B 35 75 1
B 35 76 1
B 35 77 2
B 35 81 1
B 35 86 1
B 35 89 1
B 35 97 1
B 35 98 1
B 35 100 2
B 35 102 1
B 35 111 1
B 35 119 1
B 35 121 2
B 35 127 1
B 35 128 1
B 35 129 1
B 35 131 1
B 35 137 2
B 35 138 2
B 35 155 1
B 35 178 1
B 35 179 2
B 35 185 1
B 35 186 1
B 35 190 3
B 35 191 1
B 35 195 2
B 35 197 1
B 35 202 2
B 35 203 1
B 35 204 1
B 35 205 1
B 35 211 2
B 35 215 1
B 35 217 2
B 35 233 1
B 35 236 1
B 35 239 3
B 35 243 1
B 35 244 1
B 35 245 1
B 35 250 1
B 35 255 2
B 35 256 2
B 35 259 1
B 35 264 1
B 35 265 1
B 35 272 2
B 35 277 2
B 35 279 1
B 35 283 1
B 35 284 1
B 35 286 1
B 35 292 1
B 35 294 1
B 35 297 1
B 35 298 1
B 35 303 1
B 35 304 1
B 35 312 1
B 35 315 1
B 35 318 2
B 35 319 1
B 35 325 1
B 35 340 1
B 35 344 1
B 35 352 1
B 35 354 1
B 35 359 1
B 35 361 1
B 35 365 1
B 35 370 2
B 35 371 2
B 35 373 1
B 35 374 1
B 35 387 1
B 35 388 1
B 35 389 1
B 35 394 1
B 35 405 1
B 35 407 1
B 35 408 1
B 35 412 1
B 35 414 1
B 35 423 1
B 35 440 2
B 35 454 1
B 35 455 1
B 35 459 1
B 35 464 1
B 35 476 1
B 35 477 1
B 35 487 1
B 35 493 1
B 35 495 1
B 35 503 1
B 35 506 1
B 35 512 1
B 35 525 1
B 35 533 1
B 35 536 1
B 35 539 1
B 35 544 1
P 36 0.020
B 36 7 1
B 36 18 1
B 36 21 1
B 36 22 2
B 36 29 2
B 36 32 1
B 36 34 1
B 36 37 1
B 36 41 1
B 36 45 2
B 36 49 1
B 36 52 2
B 36 54 1
B 36 57 1
B 36 64 1
B 36 72 1
B 36 75 1
B 36 76 1
B 36 78 2
B 36 84 1
B 36 86 1
B 36 88 1
B 36 92 1
B 36 94 1
B 36 100 1
B 36 101 1
B 36 103 1
B 36 104 1
B 36 105 1
B 36 119 2
B 36 127 1
B 36 130 1
B 36 131 1
B 36 135 1
B 36 144 1
B 36 146 1
B 36 160 1
B 36 163 1
B 36 166 1
B 36 168 1
B 36 175 1
B 36 179 1
B 36 183 1
B 36 185 1
B 36 187 3
B 36 190 1
B 36 191 1
B 36 193 1
B 36 194 1
B 36 199 1
B 36 203 1
B 36 205 1
B 36 208 1
B 36 212 3
B 36 213 1
B 36 215 1
B 36 218 1
B 36 219 2
B 36 233 1
B 36 239 1
B 36 244 1
B 36 247 1
B 36 249 1
B 36 250 2
B 36 252 1
B 36 253 1
B 36 256 1
B 36 258 2
B 36 261 1
B 36 276 2
B 36 283 1
B 36 286 1
B 36 287 1
B 36 288 1
B 36 289 1
B 36 294 1
B 36 302 1
B 36 310 1
B 36 311 1
B 36 312 1
B 36 314 1
B 36 315 1
B 36 320 1
B 36 329 2
B 36 341 1
B 36 346 1
B 36 357 1
B 36 359 1
B 36 360 1
B 36 361 2
B 36 387 1
B 36 400 3
B 36 406 1
B 36 414 1
B 36 420 1
B 36 422 1
B 36 423 1
B 36 429 1
B 36 438 1
B 36 440 1
B 36 450 1
B 36 452 1
B 36 455 1
B 36 470 1
B 36 476 1
B 36 492 1
B 36 500 1
B 36 504 1
B 36 512 1
B 36 518 1
B 36 521 1
B 36 522 2
B 36 524 1
B 36 526 1
B 36 536 1
B 36 541 1
B 36 547 1
P 37 0.020
B 37 0 1
B 37 1 1
B 37 7 1
B 37 17 1
B 37 18 1
B 37 20 1
B 37 27 1
B 37 29 1
B 37 33 1
B 37 35 1
B 37 49 1
B 37 54 1
B 37 57 1
B 37 67 1
B 37 68 1
B 37 69 1
B 37 70 1
B 37 72 1
B 37 73 1
B 37 75 3
B 37 79 1
B 37 82 1
B 37 85 1
B 37 87 2
B 37 90 1
B 37 91 1
B 37 119 1
B 37 123 2
B 37 125 1
B 37 126 1
B 37 128 1
B 37 130 1
B 37 131 1
B 37 132 1
B 37 137 1
B 37 144 2
B 37 148 1
B 37 151 1
B 37 153 1
B 37 155 1
B 37 156 1
B 37 160 2
B 37 161 2
B 37 178 3
B 37 179 1
B 37 182 1
B 37 190 1
B 37 194 1
B 37 202 2
B 37 205 1
B 37 213 2
B 37 214 1
B 37 215 1
B 37 217 1
B 37 218 1
B 37 219 1
B 37 221 1
B 37 228 1
B 37 233 1
B 37 234 1
B 37 240 1
B 37 249 1
B 37 250 1
B 37 251 1
B 37 262 1
B 37 275 1
B 37 278 1
B 37 288 1
B 37 290 1
B 37 293 1
B 37 294 2
B 37 299 1
B 37 300 1
B 37 303 1
B 37 304 1
B 37 306 2
B 37 307 1
B 37 311 1
B 37 312 1
B 37 323 1
B 37 325 1
B 37 326 1
B 37 327 1
B 37 329 1
B 37 336 1
B 37 341 1
B 37 346 1
B 37 347 1
B 37 352 1
B 37 359 1
B 37 370 1
B 37 371 1
B 37 373 1
B 37 389 1
B 37 405 1
B 37 406 1
B 37 429 1
B 37 434 1
B 37 440 1
B 37 449 1
B 37 451 1
B 37 464 1
B 37 476 1
B 37 493 2
B 37 495 1
B 37 500 1
B 37 504 1
B 37 521 3
P 38 0.020
B 38 5 2
B 38 18 1
B 38 20 1
B 38 24 2
B 38 31 1
B 38 33 1
B 38 46 1
B 38 47 1
B 38 49 1
B 38 53 1
B 38 54 1
B 38 61 1
B 38 71 2
B 38 72 1
B 38 73 1
B 38 75 1
B 38 77 1
B 38 78 1
B 38 83 1
B 38 88 1
B 38 94 1
B 38 98 1
B 38 101 1
B 38 109 1
B 38 119 1
B 38 122 2
B 38 127 1
B 38 132 1
B 38 134 1
B 38 137 2
B 38 139 1
B 38 140 2
B 38 156 1
B 38 178 1
B 38 179 1
B 38 183 1
B 38 187 1
B 38 188 1
B 38 190 3
B 38 194 1
B 38 198 2
B 38 201 1
B 38 202 1
B 38 203 2
B 38 204 1
B 38 212 1
B 38 214 1
B 38 215 1
B 38 217 1
B 38 219 1
B 38 221 1
B 38 227 1
B 38 228 2
B 38 234 2
B 38 237 1
B 38 242 1
B 38 244 1
B 38 246 1
B 38 247 2
B 38 249 1
B 38 255 1
B 38 262 1
B 38 265 1
B 38 272 1
B 38 277 1
B 38 278 1
B 38 280 3
B 38 281 1
B 38 288 1
B 38 290 1
B 38 293 1
B 38 300 1
B 38 304 2
B 38 305 1
B 38 306 1
B 38 308 1
B 38 318 1
B 38 328 1
B 38 330 1
B 38 331 1
B 38 333 2
B 38 345 1
B 38 349 1
B 38 354 1
B 38 359 1
B 38 371 2
B 38 382 1
B 38 385 1
B 38 386 1
B 38 393 1
B 38 400 1
B 38 401 2
B 38 403 2
B 38 416 1
B 38 420 1
B 38 425 1
B 38 435 1
B 38 454 1
B 38 468 1
B 38 478 2
B 38 522 1
B 38 525 1
B 38 541 3
B 38 547 1
B 38 548 1
P 39 0.020
B 39 1 1
B 39 3 1
B 39 5 1
B 39 8 1
B 39 10 1
B 39 12 1
B 39 26 1
B 39 28 1
B 39 32 1
B 39 34 1
B 39 36 1
B 39 38 1
B 39 41 1
B 39 42 1
B 39 54 1
B 39 56 1
B 39 60 1
B 39 61 3
B 39 62 1
B 39 73 1
B 39 79 2
B 39 82 2
B 39 91 1
B 39 102 1
B 39 103 1
B 39 111 1
B 39 119 1
B 39 122 1
B 39 132 1
B 39 142 1
B 39 156 1
B 39 160 2
B 39 166 1
B 39 176 1
B 39 180 1
B 39 188 1
B 39 190 1
B 39 191 1
B 39 195 1
B 39 199 1
B 39 202 1
B 39 207 1
B 39 213 2
B 39 217 1
B 39 221 1
B 39 222 1
B 39 234 3
B 39 236 1
B 39 239 1
B 39 248 1
B 39 250 1
B 39 252 1
B 39 253 1
B 39 258 2
B 39 277 1
B 39 279 1
B 39 288 1
B 39 290 1
B 39 293 1
B 39 294 1
B 39 297 1
B 39 309 1
B 39 310 1
B 39 311 1
B 39 312 1
B 39 325 1
B 39 327 1
B 39 333 1
B 39 350 1
B 39 352 1
B 39 355 1
B 39 370 1
B 39 372 2
B 39 378 1
B 39 383 2
B 39 384 2
B 39 385 1
B 39 403 2
B 39 404 1
B 39 405 2
B 39 437 1
B 39 440 1
B 39 446 1
B 39 450 1
B 39 451 1
B 39 465 1
B 39 468 1
B 39 469 1
B 39 476 1
B 39 482 1
B 39 487 1
B 39 501 1
B 39 512 1
B 39 529 1
B 39 541 1
P 40 0.020
B 40 8 1
B 40 28 1
B 40 32 2
B 40 34 1
B 40 38 1
B 40 41 1
B 40 42 1
B 40 49 1
B 40 50 1
B 40 52 2
B 40 54 1
B 40 55 2
B 40 57 1
B 40 64 2
B 40 69 1
B 40 72 1
B 40 76 1
B 40 77 1
B 40 81 1
B 40 82 1
B 40 84 1
B 40 85 1
B 40 89 1
B 40 92 1
B 40 108 1
B 40 111 1
B 40 116 1
B 40 119 1
B 40 129 2
B 40 130 1
B 40 131 1
B 40 132 2
B 40 156 1
B 40 161 1
B 40 177 1
B 40 182 1
B 40 195 1
B 40 205 2
B 40 207 2
B 40 210 3
B 40 211 1
B 40 212 1
B 40 218 1
B 40 219 1
B 40 227 2
B 40 234 1
B 40 248 1
B 40 249 1
B 40 250 2
B 40 251 1
B 40 255 1
B 40 256 2
B 40 258 1
B 40 259 1
B 40 265 1
B 40 278 1
B 40 282 1
B 40 303 1
B 40 306 1
B 40 308 1
B 40 312 1
B 40 318 1
B 40 341 1
B 40 358 1
B 40 370 1
B 40 373 1
B 40 375 1
B 40 379 1
B 40 383 1
B 40 385 1
B 40 388 2
B 40 394 1
B 40 396 1
B 40 407 1
B 40 408 1
B 40 417 1
B 40 423 1
B 40 428 1
B 40 434 1
B 40 437 1
B 40 438 2
B 40 440 1
B 40 445 1
B 40 454 1
B 40 458 2
B 40 460 1
B 40 494 1
B 40 501 1
B 40 512 1
B 40 518 1
B 40 527 1
B 40 539 1
B 40 541 1
B 40 543 1
P 41 0.020
B 41 0 1
B 41 5 1
B 41 7 1
B 41 8 2
B 41 9 1
B 41 18 1
B 41 21 1
B 41 22 1
B 41 25 1
B 41 31 1
B 41 41 1
B 41 44 1
B 41 46 1
B 41 53 2
B 41 60 1
B 41 61 1
B 41 62 2
B 41 64 1
B 41 76 2
B 41 77 1
B 41 80 1
B 41 84 1
B 41 107 1
B 41 114 1
B 41 120 1
B 41 121 1
B 41 123 2
B 41 130 1
B 41 135 1
B 41 136 1
B 41 144 1
B 41 159 1
B 41 174 1
B 41 184 1
B 41 186 1
B 41 188 1
B 41 190 1
B 41 194 1
B 41 195 2
B 41 199 3
B 41 205 1
B 41 206 1
B 41 208 1
B 41 213 1
B 41 215 1
B 41 219 2
B 41 221 1
B 41 228 1
B 41 229 1
B 41 232 1
B 41 234 2
B 41 239 1
B 41 243 1
B 41 244 1
B 41 249 1
B 41 252 1
B 41 255 1
B 41 256 1
B 41 260 1
B 41 262 1
B 41 264 1
B 41 270 1
B 41 272 2
B 41 276 1
B 41 277 1
B 41 287 1
B 41 290 1
B 41 298 1
B 41 301 1
B 41 303 1
B 41 307 1
B 41 308 1
B 41 310 1
B 41 313 1
B 41 314 1
B 41 319 1
B 41 321 1
B 41 322 1
B 41 324 1
B 41 325 1
B 41 326 1
B 41 344 2
B 41 350 1
B 41 353 1
B 41 361 1
B 41 368 1
B 41 378 2
B 41 384 1
B 41 385 1
B 41 392 1
B 41 396 1
B 41 400 1
B 41 410 1
B 41 412 1
B 41 414 1
B 41 417 2
B 41 419 1
B 41 422 1
B 41 426 1
B 41 438 2
B 41 447 1
B 41 455 1
B 41 463 1
B 41 473 1
B 41 489 1
B 41 492 1
B 41 499 1
B 41 500 1
B 41 502 1
B 41 504 1
B 41 522 1
B 41 525 1
B 41 544 1
P 42 0.020
B 42 1 1
B 42 7 1
B 42 8 2
B 42 18 1
B 42 21 1
B 42 26 1
B 42 38 1
B 42 50 1
B 42 52 1
B 42 53 1
B 42 54 1
B 42 55 1
B 42 57 1
B 42 61 1
B 42 62 1
B 42 69 1
B 42 76 1
B 42 78 1
B 42 79 1
B 42 80 1
B 42 97 1
B 42 103 2
B 42 118 1
B 42 119 1
B 42 121 1
B 42 122 1
B 42 124 1
B 42 125 1
B 42 126 2
B 42 127 1
B 42 128 1
B 42 129 2
B 42 130 2
B 42 132 2
B 42 136 1
B 42 155 1
B 42 156 1
B 42 157 1
B 42 158 2
B 42 160 2
B 42 161 1
B 42 177 1
B 42 178 1
B 42 192 1
B 42 193 1
B 42 196 1
B 42 197 1
B 42 199 1
B 42 203 1
B 42 204 1
B 42 207 1
B 42 208 2
B 42 215 1
B 42 219 3
B 42 221 2
B 42 222 1
B 42 236 1
B 42 237 1
B 42 245 1
B 42 248 1
B 42 252 2
B 42 255 1
B 42 258 1
B 42 260 1
B 42 264 1
B 42 272 1
B 42 276 1
B 42 277 1
B 42 278 1
B 42 280 1
B 42 288 1
B 42 289 1
B 42 300 1
B 42 301 2
B 42 303 1
B 42 306 1
B 42 309 1
B 42 316 1
B 42 322 1
B 42 328 1
B 42 331 1
B 42 341 1
B 42 349 1
B 42 353 1
B 42 356 1
B 42 366 2
B 42 386 1
B 42 388 1
B 42 389 1
B 42 403 1
B 42 410 1
B 42 418 1
B 42 426 1
B 42 429 1
B 42 435 1
B 42 446 1
B 42 449 2
B 42 451 1
B 42 453 1
B 42 470 1
B 42 477 1
B 42 483 2
B 42 494 1
B 42 495 1
B 42 500 1
B 42 501 2
B 42 507 1
B 42 514 1
B 42 516 1
B 42 521 1
B 42 528 1
B 42 538 1
P 43 0.020
B 43 1 1
B 43 5 1
B 43 10 1
B 43 15 1
B 43 18 1
B 43 21 1
B 43 22 1
B 43 24 1
B 43 28 1
B 43 32 1
B 43 41 1
B 43 42 1
B 43 44 1
B 43 46 2
B 43 47 1
B 43 49 1
B 43 50 1
B 43 51 1
B 43 52 1
B 43 56 1
B 43 60 1
B 43 64 1
B 43 72 1
B 43 73 1
B 43 76 1
B 43 79 1
B 43 88 1
B 43 99 1
B 43 113 1
B 43 123 1
B 43 125 2
B 43 126 1
B 43 128 1
B 43 129 2
B 43 130 2
B 43 133 1
B 43 135 1
B 43 139 1
B 43 155 1
B 43 163 1
B 43 174 2
B 43 178 1
B 43 179 1
B 43 181 1
B 43 194 1
B 43 195 1
B 43 198 1
B 43 205 1
B 43 210 3
B 43 211 1
B 43 217 1
B 43 221 1
B 43 226 1
B 43 234 1
B 43 240 1
B 43 242 1
B 43 243 1
B 43 244 1
B 43 245 1
B 43 247 1
B 43 254 1
B 43 258 1
B 43 259 1
B 43 264 1
B 43 266 1
B 43 272 1
B 43 276 1
B 43 277 1
B 43 278 1
B 43 280 1
B 43 282 1
B 43 283 2
B 43 285 1
B 43 287 1
B 43 288 1
B 43 290 1
B 43 293 1
B 43 294 1
B 43 295 1
B 43 297 1
B 43 306 3
B 43 317 1
B 43 329 1
B 43 344 1
B 43 352 1
B 43 360 1
B 43 361 1
B 43 362 1
B 43 363 1
B 43 378 1
B 43 381 1
B 43 385 1
B 43 403 1
B 43 414 1
B 43 417 1
B 43 424 1
B 43 425 1
B 43 430 1
B 43 431 1
B 43 438 2
B 43 457 1
B 43 464 1
B 43 468 1
B 43 474 1
B 43 477 1
B 43 502 1
B 43 540 2
P 44 0.020
B 44 5 1
B 44 6 1
B 44 18 1
B 44 24 1
B 44 27 1
B 44 32 2
B 44 38 1
B 44 41 3
B 44 42 1
B 44 44 1
B 44 46 1
B 44 51 1
B 44 54 1
B 44 57 1
B 44 70 1
B 44 71 2
B 44 84 1
B 44 86 1
B 44 96 1
B 44 97 1
B 44 114 1
B 44 117 1
B 44 127 1
B 44 131 1
B 44 132 1
B 44 138 1
B 44 142 2
B 44 144 1
B 44 159 1
B 44 178 1
B 44 181 1
B 44 188 1
B 44 190 3
B 44 195 1
B 44 197 1
B 44 198 1
B 44 199 3
B 44 203 1
B 44 205 2
B 44 207 1
B 44 211 2
B 44 214 1
B 44 216 1
B 44 221 1
B 44 227 2
B 44 234 1
B 44 239 2
B 44 241 1
B 44 244 1
B 44 248 1
B 44 255 1
B 44 267 1
B 44 268 1
B 44 272 1
B 44 277 1
B 44 279 1
B 44 286 1
B 44 287 1
B 44 288 1
B 44 291 1
B 44 297 1
B 44 302 1
B 44 306 2
B 44 309 1
B 44 318 1
B 44 322 1
B 44 324 1
B 44 325 1
B 44 332 2
B 44 333 1
B 44 339 1
B 44 353 2
B 44 354 1
B 44 360 2
B 44 361 1
B 44 371 1
B 44 373 1
B 44 374 1
B 44 377 1
B 44 379 1
B 44 380 1
B 44 392 1
B 44 400 1
B 44 408 2
B 44 416 2
B 44 417 1
B 44 434 1
B 44 437 1
B 44 438 1
B 44 450 1
B 44 461 1
B 44 464 1
B 44 467 1
B 44 473 1
B 44 477 1
B 44 478 2
B 44 495 1
B 44 500 1
B 44 535 1
B 44 539 1
P 45 0.020
B 45 1 1
B 45 5 1
B 45 17 1
B 45 19 1
B 45 21 1
B 45 32 1
B 45 37 1
B 45 44 1
B 45 46 1
B 45 47 1
B 45 53 1
B 45 54 1
B 45 68 1
B 45 70 2
B 45 72 1
B 45 76 1
B 45 79 1
B 45 81 1
B 45 82 1
B 45 84 1
B 45 90 1
B 45 94 1
B 45 107 1
B 45 119 2
B 45 127 1
B 45 128 1
B 45 137 2
B 45 148 1
B 45 153 2
B 45 174 1
B 45 177 1
B 45 179 1
B 45 181 1
B 45 183 1
B 45 185 1
B 45 190 1
B 45 192 1
B 45 194 1
B 45 202 1
B 45 204 1
B 45 205 1
B 45 206 1
B 45 209 2
B 45 210 1
B 45 211 1
B 45 213 1
B 45 218 2
B 45 221 1
B 45 234 1
B 45 239 1
B 45 249 1
B 45 251 1
B 45 254 1
B 45 256 1
B 45 258 1
B 45 261 1
B 45 262 1
B 45 269 1
B 45 282 1
B 45 290 1
B 45 294 3
B 45 299 2
B 45 300 1
B 45 301 1
B 45 309 1
B 45 313 1
B 45 321 1
B 45 333 1
B 45 344 1
B 45 346 1
B 45 350 2
B 45 352 1
B 45 353 1
B 45 355 1
B 45 366 1
B 45 371 1
B 45 375 1
B 45 380 1
B 45 385 2
B 45 408 1
B 45 409 1
B 45 410 1
B 45 411 1
B 45 413 1
B 45 419 1
B 45 422 2
B 45 424 1
B 45 434 1
B 45 438 3
B 45 460 1
B 45 465 1
B 45 473 1
B 45 483 1
B 45 495 1
B 45 503 1
B 45 512 1
B 45 521 2
B 45 529 1
B 45 536 1
B 45 542 2
P 46 0.020
B 46 5 1
B 46 6 1
B 46 11 1
B 46 15 1
B 46 17 1
B 46 18 1
B 46 20 1
B 46 22 2
B 46 24 2
B 46 28 1
B 46 36 1
B 46 42 1
B 46 46 1
B 46 47 1
B 46 48 1
B 46 51 1
B 46 54 1
B 46 55 1
B 46 64 1
B 46 72 1
B 46 73 1
B 46 74 1
B 46 75 1
B 46 76 1
B 46 77 1
B 46 78 1
B 46 82 1
B 46 83 1
B 46 84 2
B 46 85 1
B 46 100 1
B 46 113 1
B 46 114 1
B 46 121 1
B 46 123 1
B 46 128 1
B 46 130 1
B 46 137 1
B 46 138 1
B 46 144 1
B 46 149 3
B 46 153 1
B 46 154 1
B 46 160 1
B 46 161 1
B 46 163 1
B 46 167 1
B 46 174 1
B 46 177 1
B 46 178 1
B 46 181 2
B 46 182 2
B 46 183 1
B 46 193 1
B 46 197 1
B 46 203 1
B 46 208 1
B 46 209 1
B 46 210 2
B 46 214 1
B 46 216 1
B 46 217 1
B 46 218 1
B 46 221 1
B 46 222 1
B 46 228 1
B 46 229 1
B 46 238 1
B 46 241 1
B 46 242 1
B 46 246 1
B 46 251 2
B 46 252 1
B 46 258 1
B 46 263 1
B 46 266 2
B 46 267 1
B 46 275 1
B 46 282 1
B 46 283 1
B 46 290 1
B 46 304 1
B 46 306 1
B 46 309 1
B 46 315 2
B 46 322 1
B 46 327 1
B 46 343 1
B 46 345 1
B 46 349 1
B 46 353 1
B 46 358 1
B 46 362 1
B 46 366 1
B 46 373 1
B 46 375 1
B 46 378 1
B 46 379 2
B 46 383 1
B 46 385 1
B 46 386 1
B 46 388 1
B 46 414 1
B 46 416 1
B 46 423 1
B 46 434 1
B 46 441 1
B 46 453 1
B 46 460 1
B 46 477 1
B 46 478 1
B 46 487 1
B 46 507 2
B 46 516 1
B 46 519 1
B 46 521 1
B 46 533 1
P 47 0.020
B 47 15 1
B 47 18 2
B 47 38 1
B 47 46 1
B 47 54 1
B 47 57 1
B 47 60 1
B 47 62 2
B 47 64 1
B 47 70 1
B 47 71 1
B 47 72 1
B 47 74 1
B 47 76 1
B 47 77 1
B 47 78 2
B 47 82 1
B 47 84 1
B 47 87 1
B 47 92 1
B 47 99 1
B 47 104 1
B 47 119 1
B 47 121 2
B 47 123 1
B 47 124 1
B 47 127 1
B 47 128 1
B 47 130 2
B 47 136 1
B 47 137 1
B 47 141 1
B 47 153 1
B 47 154 1
B 47 155 1
B 47 158 1
B 47 161 1
B 47 163 1
B 47 176 1
B 47 178 1
B 47 179 1
B 47 181 1
B 47 191 2
B 47 192 1
B 47 193 1
B 47 198 2
B 47 202 2
B 47 203 1
B 47 205 1
B 47 206 1
B 47 208 2
B 47 216 1
B 47 217 1
B 47 221 1
B 47 224 2
B 47 230 1
B 47 232 2
B 47 235 1
B 47 243 1
B 47 246 3
B 47 247 2
B 47 249 1
B 47 252 1
B 47 264 1
B 47 266 2
B 47 272 1
B 47 278 1
B 47 294 1
B 47 297 1
B 47 311 2
B 47 323 1
B 47 325 1
B 47 343 1
B 47 346 1
B 47 359 1
B 47 361 1
B 47 379 1
B 47 381 1
B 47 400 1
B 47 410 3
B 47 417 1
B 47 419 1
B 47 440 1
B 47 447 1
B 47 449 1
B 47 450 1
B 47 457 1
B 47 458 1
B 47 464 1
B 47 474 1
B 47 497 2
B 47 504 1
B 47 521 1
B 47 534 1
B 47 541 1
B 47 547 1
P 48 0.020
B 48 5 1
B 48 10 1
B 48 17 1
B 48 20 1
B 48 24 1
B 48 34 2
B 48 38 1
B 48 42 2
B 48 45 1
B 48 59 1
B 48 60 1
B 48 62 1
B 48 64 1
B 48 67 1
B 48 69 2
B 48 76 2
B 48 81 2
B 48 82 1
B 48 100 1
B 48 102 1
B 48 115 1
B 48 123 2
B 48 124 1
B 48 126 1
B 48 127 1
B 48 132 1
B 48 147 1
B 48 155 1
B 48 159 1
B 48 177 1
B 48 181 2
B 48 183 1
B 48 185 1
B 48 186 2
B 48 196 1
B 48 198 1
B 48 204 1
B 48 205 1
B 48 207 1
B 48 208 1
B 48 210 1
B 48 211 1
B 48 212 1
B 48 213 2
B 48 215 1
B 48 221 1
B 48 228 1
B 48 243 1
B 48 244 1
B 48 249 1
B 48 252 1
B 48 256 1
B 48 258 2
B 48 260 1
B 48 263 1
B 48 264 1
B 48 270 1
B 48 275 1
B 48 276 1
B 48 286 1
B 48 288 1
B 48 290 1
B 48 294 2
B 48 306 1
B 48 313 1
B 48 337 1
B 48 341 1
B 48 349 2
B 48 359 1
B 48 367 1
B 48 370 1
B 48 372 1
B 48 389 1
B 48 400 1
B 48 411 1
B 48 414 1
B 48 416 2
B 48 417 1
B 48 438 1
B 48 450 1
B 48 453 1
B 48 481 1
B 48 482 1
B 48 487 1
B 48 503 1
B 48 513 1
B 48 521 1
B 48 541 1
P 49 0.020
B 49 5 2
B 49 8 1
B 49 17 1
B 49 18 2
B 49 21 2
B 49 24 1
B 49 41 1
B 49 60 1
B 49 64 1
B 49 67 1
B 49 74 1
B 49 82 1
B 49 83 1
B 49 84 1
B 49 85 2
B 49 90 1
B 49 91 1
B 49 105 1
B 49 114 1
B 49 118 1
B 49 122 1
B 49 131 1
B 49 133 1
B 49 135 1
B 49 138 1
B 49 155 1
B 49 158 1
B 49 160 1
B 49 178 1
B 49 192 1
B 49 198 2
B 49 202 1
B 49 203 1
B 49 207 1
B 49 213 1
B 49 216 1
B 49 217 1
B 49 228 2
B 49 234 2
B 49 239 1
B 49 240 1
B 49 242 1
B 49 243 1
B 49 244 1
B 49 246 1
B 49 265 1
B 49 267 1
B 49 268 1
B 49 269 1
B 49 270 1
B 49 277 2
B 49 288 1
B 49 290 1
B 49 304 1
B 49 306 2
B 49 309 1
B 49 313 1
B 49 315 1
B 49 317 1
B 49 318 1
B 49 319 1
B 49 321 1
B 49 323 1
B 49 327 1
B 49 349 1
B 49 354 1
B 49 361 1
B 49 363 1
B 49 370 1
B 49 384 1
B 49 389 1
B 49 400 1
B 49 403 1
B 49 409 3
B 49 413 1
B 49 417 1
B 49 420 1
B 49 422 1
B 49 429 1
B 49 434 1
B 49 450 1
B 49 451 1
B 49 457 1
B 49 464 1
B 49 479 1
B 49 482 1
B 49 483 1
B 49 493 1
B 49 525 1
B 49 530 1
