50
P 0 0.020
B 0 1 1
B 0 2 1
B 0 5 2
B 0 6 1
B 0 7 3
B 0 8 3
B 0 10 1
B 0 16 1
B 0 17 1
B 0 18 3
B 0 20 1
B 0 21 3
B 0 22 1
B 0 24 2
B 0 25 2
B 0 27 1
B 0 28 2
B 0 30 1
B 0 31 2
B 0 32 1
B 0 36 2
B 0 37 3
B 0 38 2
B 0 41 5
B 0 42 3
B 0 43 1
B 0 44 3
B 0 46 1
B 0 47 2
B 0 49 1
B 0 50 3
B 0 51 2
B 0 52 1
B 0 53 1
B 0 55 3
B 0 57 1
B 0 58 1
B 0 59 1
B 0 60 2
B 0 61 1
B 0 62 4
B 0 64 1
B 0 65 1
B 0 67 1
B 0 69 2
B 0 70 1
B 0 71 1
B 0 72 4
B 0 73 1
B 0 74 1
B 0 75 2
B 0 76 1
B 0 77 1
B 0 78 3
B 0 79 1
B 0 82 1
B 0 83 1
B 0 84 2
B 0 85 1
B 0 86 1
B 0 87 1
B 0 88 1
B 0 89 1
B 0 90 1
B 0 92 1
B 0 97 2
B 0 98 2
B 0 99 1
B 0 100 1
B 0 101 1
B 0 103 1
B 0 104 1
B 0 105 1
B 0 106 2
B 0 107 4
B 0 109 2
B 0 111 1
B 0 113 1
B 0 114 2
B 0 115 1
B 0 119 4
B 0 121 1
B 0 122 1
B 0 123 5
B 0 125 2
B 0 126 1
B 0 127 2
B 0 130 1
B 0 131 2
B 0 132 1
B 0 134 1
B 0 135 1
B 0 136 1
B 0 137 4
B 0 138 1
B 0 139 1
B 0 140 1
B 0 144 2
B 0 145 1
B 0 147 1
B 0 148 2
B 0 149 3
B 0 150 1
B 0 151 1
B 0 153 3
B 0 154 1
B 0 155 2
B 0 156 1
B 0 157 1
B 0 158 3
B 0 160 2
B 0 162 1
B 0 163 2
B 0 170 1
B 0 174 1
B 0 175 3
B 0 176 3
B 0 177 1
B 0 178 1
B 0 179 2
B 0 181 1
B 0 183 3
B 0 184 1
B 0 186 1
B 0 187 1
B 0 188 1
B 0 190 1
B 0 191 1
B 0 192 1
B 0 194 2
B 0 196 6
B 0 197 1
B 0 198 1
B 0 199 1
B 0 200 1
B 0 201 1
B 0 202 2
B 0 205 2
B 0 206 1
B 0 208 2
B 0 209 1
B 0 210 2
B 0 213 2
B 0 214 4
B 0 217 1
B 0 218 1
B 0 219 1
B 0 221 5
B 0 222 1
B 0 223 1
B 0 225 1
B 0 227 3
B 0 228 1
B 0 229 2
B 0 230 1
B 0 233 1
B 0 234 1
B 0 235 2
B 0 236 1
B 0 237 2
B 0 239 1
B 0 241 1
B 0 242 1
B 0 245 2
B 0 246 1
B 0 247 2
B 0 249 1
B 0 251 3
B 0 252 1
B 0 253 3
B 0 255 2
B 0 257 1
B 0 258 3
B 0 259 2
B 0 261 1
B 0 263 2
B 0 266 1
B 0 267 2
B 0 268 1
B 0 269 1
B 0 272 4
B 0 275 1
B 0 277 1
B 0 278 2
B 0 279 1
B 0 280 2
B 0 283 1
B 0 284 1
B 0 285 1
B 0 288 1
B 0 290 1
B 0 292 1
B 0 293 1
B 0 294 4
B 0 297 2
B 0 298 1
B 0 299 4
B 0 301 1
B 0 302 1
B 0 303 1
B 0 304 1
B 0 305 3
B 0 306 2
B 0 308 3
B 0 309 1
B 0 310 1
B 0 311 1
B 0 312 1
B 0 313 3
B 0 314 2
B 0 315 1
B 0 317 1
B 0 318 3
B 0 319 1
B 0 320 2
B 0 325 2
B 0 326 1
B 0 327 2
B 0 328 1
B 0 331 1
B 0 333 1
B 0 339 1
B 0 341 3
B 0 342 1
B 0 343 1
B 0 344 1
B 0 345 1
B 0 346 1
B 0 348 1
B 0 349 1
B 0 353 4
B 0 355 1
B 0 357 2
B 0 358 1
B 0 359 2
B 0 360 1
B 0 362 2
B 0 363 1
B 0 369 1
B 0 372 2
B 0 374 2
B 0 377 1
B 0 379 1
B 0 380 1
B 0 382 1
B 0 385 2
B 0 388 1
B 0 389 2
B 0 394 1
B 0 396 1
B 0 403 2
B 0 404 2
B 0 414 1
B 0 417 1
B 0 418 1
B 0 419 1
B 0 420 4
B 0 423 1
B 0 424 2
B 0 426 1
B 0 429 1
B 0 431 1
B 0 433 1
B 0 435 1
B 0 437 1
B 0 438 3
B 0 440 3
B 0 442 1
B 0 446 1
B 0 449 3
B 0 450 1
B 0 453 1
B 0 458 1
B 0 460 3
B 0 461 1
B 0 463 1
B 0 464 2
B 0 467 1
B 0 471 1
B 0 472 1
B 0 478 1
B 0 481 1
B 0 494 1
B 0 495 2
B 0 496 2
B 0 498 1
B 0 500 2
B 0 504 3
B 0 506 1
B 0 512 4
B 0 516 1
B 0 521 3
B 0 524 1
B 0 535 1
B 0 540 1
P 1 0.020
B 1 12 1
B 1 18 1
B 1 21 1
B 1 24 1
B 1 28 1
B 1 41 2
B 1 42 1
B 1 43 1
B 1 46 1
B 1 52 1
B 1 53 1
B 1 57 1
B 1 60 1
B 1 69 1
B 1 73 1
B 1 77 1
B 1 81 2
B 1 82 1
B 1 87 1
B 1 90 1
B 1 98 1
B 1 102 1
B 1 106 1
B 1 110 1
B 1 119 2
B 1 121 1
B 1 123 1
B 1 124 1
B 1 133 1
B 1 142 2
B 1 148 1
B 1 153 1
B 1 154 1
B 1 155 1
B 1 159 1
B 1 160 1
B 1 174 1
B 1 178 1
B 1 179 1
B 1 183 2
B 1 188 2
B 1 191 1
B 1 192 1
B 1 193 1
B 1 194 1
B 1 195 1
B 1 199 1
B 1 204 1
B 1 207 1
B 1 211 1
B 1 213 2
B 1 215 1
B 1 217 1
B 1 218 1
B 1 219 1
B 1 226 1
B 1 229 1
B 1 232 1
B 1 233 1
B 1 235 1
B 1 242 1
B 1 243 1
B 1 244 1
B 1 255 1
B 1 257 1
B 1 258 1
B 1 270 1
B 1 275 1
B 1 277 1
B 1 282 1
B 1 284 1
B 1 289 1
B 1 290 1
B 1 291 1
B 1 293 1
B 1 294 1
B 1 298 1
B 1 300 1
B 1 301 1
B 1 304 1
B 1 313 1
B 1 320 1
B 1 323 1
B 1 325 1
B 1 326 1
B 1 327 1
B 1 328 2
B 1 332 1
B 1 341 2
B 1 345 1
B 1 349 1
B 1 353 1
B 1 355 1
B 1 360 1
B 1 363 3
B 1 370 1
B 1 377 1
B 1 378 1
B 1 379 1
B 1 381 1
B 1 388 1
B 1 392 1
B 1 401 2
B 1 403 1
B 1 404 1
B 1 405 2
B 1 416 1
B 1 417 2
B 1 438 2
B 1 454 1
B 1 457 1
B 1 458 1
B 1 465 1
B 1 470 1
B 1 491 1
B 1 504 2
B 1 506 1
B 1 507 1
B 1 511 1
B 1 521 1
B 1 525 1
B 1 530 1
B 1 532 1
B 1 541 1
P 2 0.020
B 2 10 1
B 2 17 3
B 2 20 1
B 2 22 1
B 2 27 1
B 2 28 1
B 2 29 1
B 2 31 2
B 2 34 1
B 2 37 1
B 2 41 1
B 2 44 1
B 2 45 1
B 2 46 2
B 2 51 1
B 2 52 1
B 2 53 2
B 2 71 1
B 2 75 1
B 2 77 2
B 2 78 2
B 2 80 1
B 2 85 1
B 2 91 1
B 2 98 2
B 2 102 1
B 2 109 1
B 2 117 1
B 2 119 1
B 2 120 1
B 2 121 2
B 2 122 2
B 2 125 2
B 2 126 1
B 2 127 1
B 2 132 1
B 2 134 1
B 2 136 1
B 2 138 1
B 2 143 1
B 2 145 1
B 2 153 1
B 2 159 1
B 2 161 1
B 2 165 1
B 2 178 3
B 2 179 1
B 2 184 2
B 2 187 2
B 2 193 3
B 2 195 2
B 2 198 1
B 2 199 1
B 2 206 1
B 2 210 1
B 2 215 2
B 2 217 1
B 2 219 1
B 2 224 2
B 2 225 1
B 2 228 1
B 2 229 1
B 2 234 1
B 2 239 1
B 2 240 1
B 2 242 2
B 2 243 1
B 2 244 2
B 2 253 3
B 2 264 1
B 2 267 1
B 2 278 1
B 2 279 1
B 2 283 1
B 2 290 2
B 2 297 1
B 2 299 2
B 2 301 2
B 2 303 1
B 2 306 2
B 2 307 1
B 2 318 2
B 2 322 1
B 2 329 1
B 2 332 1
B 2 343 1
B 2 346 3
B 2 349 1
B 2 350 1
B 2 353 1
B 2 354 1
B 2 363 1
B 2 379 1
B 2 380 1
B 2 382 1
B 2 385 1
B 2 386 1
B 2 405 1
B 2 408 1
B 2 410 1
B 2 412 1
B 2 420 1
B 2 422 1
B 2 425 1
B 2 428 1
B 2 429 1
B 2 438 2
B 2 440 2
B 2 457 1
B 2 470 1
B 2 478 1
B 2 483 1
B 2 484 1
B 2 493 1
B 2 503 1
B 2 513 1
B 2 524 1
B 2 537 1
P 3 0.020
B 3 6 2
B 3 8 1
B 3 11 1
B 3 17 2
B 3 20 1
B 3 21 1
B 3 22 2
B 3 26 1
B 3 28 1
B 3 30 1
B 3 34 1
B 3 43 1
B 3 45 1
B 3 51 1
B 3 57 1
B 3 60 2
B 3 61 1
B 3 64 1
B 3 72 1
B 3 74 1
B 3 76 1
B 3 78 1
B 3 84 2
B 3 90 1
B 3 92 1
B 3 95 1
B 3 99 1
B 3 100 1
B 3 117 1
B 3 121 1
B 3 122 2
B 3 128 1
B 3 132 1
B 3 133 1
B 3 137 1
B 3 139 1
B 3 144 1
B 3 153 1
B 3 154 1
B 3 155 1
B 3 156 1
B 3 158 1
B 3 160 2
B 3 163 1
B 3 174 1
B 3 175 1
B 3 178 1
B 3 181 1
B 3 197 1
B 3 199 1
B 3 200 1
B 3 202 2
B 3 204 2
B 3 205 1
B 3 206 1
B 3 210 2
B 3 212 2
B 3 213 1
B 3 217 1
B 3 219 2
B 3 227 1
B 3 228 1
B 3 230 1
B 3 237 1
B 3 251 1
B 3 255 1
B 3 262 1
B 3 268 1
B 3 277 1
B 3 283 1
B 3 285 1
B 3 301 1
B 3 302 2
B 3 305 1
B 3 307 1
B 3 311 1
B 3 315 1
B 3 332 1
B 3 349 1
B 3 350 1
B 3 358 1
B 3 370 2
B 3 403 2
B 3 407 1
B 3 417 2
B 3 423 1
B 3 437 1
B 3 440 1
B 3 444 1
B 3 457 1
B 3 461 1
B 3 464 1
B 3 473 1
B 3 474 1
B 3 476 1
B 3 496 1
B 3 501 1
B 3 502 1
B 3 503 1
B 3 512 1
B 3 518 2
B 3 523 1
B 3 540 1
P 4 0.020
B 4 14 1
B 4 15 1
B 4 17 1
B 4 18 1
B 4 21 1
B 4 24 2
B 4 27 2
B 4 41 1
B 4 42 1
B 4 43 1
B 4 46 2
B 4 48 1
B 4 50 1
B 4 55 1
B 4 58 1
B 4 61 2
B 4 72 1
B 4 73 1
B 4 76 3
B 4 79 1
B 4 81 1
B 4 84 1
B 4 87 2
B 4 97 1
B 4 103 1
B 4 107 1
B 4 109 1
B 4 113 1
B 4 114 2
B 4 121 1
B 4 123 1
B 4 126 1
B 4 127 2
B 4 129 1
B 4 132 1
B 4 135 1
B 4 136 1
B 4 138 1
B 4 140 2
B 4 152 1
B 4 153 1
B 4 154 1
B 4 155 1
B 4 159 2
B 4 161 1
B 4 163 1
B 4 176 1
B 4 181 1
B 4 191 1
B 4 192 1
B 4 197 1
B 4 198 1
B 4 205 2
B 4 207 1
B 4 208 1
B 4 212 1
B 4 213 1
B 4 215 2
B 4 221 3
B 4 225 1
B 4 229 1
B 4 236 1
B 4 243 1
B 4 246 2
B 4 249 1
B 4 253 1
B 4 254 2
B 4 255 1
B 4 258 1
B 4 259 2
B 4 262 1
B 4 267 1
B 4 270 1
B 4 283 1
B 4 286 1
B 4 287 1
B 4 288 2
B 4 294 1
B 4 296 1
B 4 303 1
B 4 308 1
B 4 313 2
B 4 320 1
B 4 322 1
B 4 324 1
B 4 328 1
B 4 332 1
B 4 344 1
B 4 345 1
B 4 355 1
B 4 359 1
B 4 361 2
B 4 364 1
B 4 375 1
B 4 378 2
B 4 384 1
B 4 388 1
B 4 392 1
B 4 398 1
B 4 411 1
B 4 412 1
B 4 420 1
B 4 421 1
B 4 426 1
B 4 438 1
B 4 449 1
B 4 450 1
B 4 458 1
B 4 461 1
B 4 484 1
B 4 485 1
B 4 490 1
B 4 494 1
B 4 497 1
B 4 501 1
B 4 502 1
B 4 510 1
B 4 514 1
B 4 521 1
B 4 527 1
B 4 531 1
B 4 536 1
B 4 541 1
B 4 547 1
P 5 0.020
B 5 0 1
B 5 2 1
B 5 17 3
B 5 33 1
B 5 37 2
B 5 41 1
B 5 45 2
B 5 52 1
B 5 55 1
B 5 57 1
B 5 59 1
B 5 60 1
B 5 61 1
B 5 62 2
B 5 67 1
B 5 70 1
B 5 72 2
B 5 73 1
B 5 74 2
B 5 76 1
B 5 77 1
B 5 79 2
B 5 85 1
B 5 87 1
B 5 94 1
B 5 99 1
B 5 100 1
B 5 109 1
B 5 127 1
B 5 128 1
B 5 129 1
B 5 134 1
B 5 135 1
B 5 154 1
B 5 158 1
B 5 159 1
B 5 160 1
B 5 161 1
B 5 189 2
B 5 195 1
B 5 199 1
B 5 202 2
B 5 205 1
B 5 206 1
B 5 207 1
B 5 211 1
B 5 212 2
B 5 213 1
B 5 214 1
B 5 228 2
B 5 234 1
B 5 235 1
B 5 237 1
B 5 239 1
B 5 240 1
B 5 241 1
B 5 242 1
B 5 245 1
B 5 249 1
B 5 251 1
B 5 255 1
B 5 259 2
B 5 262 1
B 5 264 3
B 5 278 1
B 5 283 1
B 5 294 2
B 5 303 1
B 5 305 1
B 5 306 1
B 5 318 1
B 5 327 2
B 5 348 1
B 5 353 1
B 5 357 1
B 5 363 1
B 5 366 1
B 5 373 1
B 5 379 1
B 5 392 1
B 5 403 1
B 5 416 1
B 5 417 1
B 5 420 1
B 5 440 1
B 5 455 1
B 5 469 1
B 5 474 2
B 5 477 1
B 5 483 1
B 5 487 1
B 5 496 1
B 5 507 1
B 5 535 1
B 5 539 1
B 5 540 1
B 5 541 1
B 5 544 1
B 5 547 1
P 6 0.020
B 6 10 1
B 6 11 1
B 6 17 2
B 6 18 1
B 6 21 1
B 6 24 1
B 6 25 1
B 6 27 1
B 6 46 1
B 6 57 1
B 6 62 1
B 6 70 2
B 6 72 1
B 6 74 1
B 6 76 2
B 6 83 1
B 6 91 1
B 6 97 1
B 6 98 1
B 6 100 1
B 6 110 1
B 6 121 1
B 6 128 1
B 6 129 1
B 6 130 1
B 6 133 1
B 6 135 1
B 6 144 2
B 6 150 1
B 6 153 1
B 6 154 1
B 6 156 1
B 6 159 1
B 6 163 1
B 6 179 1
B 6 181 1
B 6 183 1
B 6 186 1
B 6 187 2
B 6 188 1
B 6 190 1
B 6 194 1
B 6 196 1
B 6 201 1
B 6 204 1
B 6 205 4
B 6 207 1
B 6 211 1
B 6 212 1
B 6 213 1
B 6 221 1
B 6 222 1
B 6 224 1
B 6 247 2
B 6 249 1
B 6 250 1
B 6 258 2
B 6 268 1
B 6 272 1
B 6 279 1
B 6 284 1
B 6 292 1
B 6 294 1
B 6 298 1
B 6 300 1
B 6 301 2
B 6 306 1
B 6 312 1
B 6 331 1
B 6 339 1
B 6 341 2
B 6 345 1
B 6 351 1
B 6 354 1
B 6 361 1
B 6 373 1
B 6 387 1
B 6 392 1
B 6 408 1
B 6 409 1
B 6 412 3
B 6 424 1
B 6 438 1
B 6 445 1
B 6 446 1
B 6 457 1
B 6 461 2
B 6 471 1
B 6 483 1
B 6 485 1
B 6 500 1
B 6 515 1
B 6 517 1
B 6 521 1
B 6 522 1
B 6 523 1
B 6 535 1
P 7 0.020
B 7 9 1
B 7 21 2
B 7 24 1
B 7 28 1
B 7 30 1
B 7 34 1
B 7 36 1
B 7 50 2
B 7 53 1
B 7 54 1
B 7 60 1
B 7 62 1
B 7 69 1
B 7 71 1
B 7 72 2
B 7 76 1
B 7 79 1
B 7 100 1
B 7 105 1
B 7 120 1
B 7 121 1
B 7 125 1
B 7 126 2
B 7 127 1
B 7 131 1
B 7 135 1
B 7 136 1
B 7 137 1
B 7 140 1
B 7 142 1
B 7 144 1
B 7 153 1
B 7 155 1
B 7 158 1
B 7 160 1
B 7 175 1
B 7 178 3
B 7 184 1
B 7 186 1
B 7 190 1
B 7 192 2
B 7 202 1
B 7 203 1
B 7 209 1
B 7 211 3
B 7 213 1
B 7 215 1
B 7 219 2
B 7 224 2
B 7 228 1
B 7 234 2
B 7 239 1
B 7 251 1
B 7 252 1
B 7 254 1
B 7 260 1
B 7 262 1
B 7 266 1
B 7 270 1
B 7 277 1
B 7 286 1
B 7 288 1
B 7 289 1
B 7 294 1
B 7 296 1
B 7 300 1
B 7 310 1
B 7 313 1
B 7 318 1
B 7 322 1
B 7 333 1
B 7 352 1
B 7 354 1
B 7 355 1
B 7 356 1
B 7 359 1
B 7 379 1
B 7 405 1
B 7 409 1
B 7 412 1
B 7 420 2
B 7 427 1
B 7 438 2
B 7 451 1
B 7 454 1
B 7 461 2
B 7 469 1
B 7 470 1
B 7 474 1
B 7 477 1
B 7 494 1
B 7 498 1
B 7 512 1
B 7 514 1
B 7 516 1
B 7 544 1
P 8 0.020
B 8 1 1
B 8 16 1
B 8 18 1
B 8 21 1
B 8 30 1
B 8 39 1
B 8 41 1
B 8 42 2
B 8 46 1
B 8 48 1
B 8 49 1
B 8 50 2
B 8 54 1
B 8 61 1
B 8 71 1
B 8 73 1
B 8 74 1
B 8 75 1
B 8 76 1
B 8 77 1
B 8 80 1
B 8 81 2
B 8 82 1
B 8 88 1
B 8 92 1
B 8 93 1
B 8 95 1
B 8 105 1
B 8 114 1
B 8 122 2
B 8 123 2
B 8 128 1
B 8 132 1
B 8 134 1
B 8 136 1
B 8 137 1
B 8 139 1
B 8 148 1
B 8 152 1
B 8 153 1
B 8 154 2
B 8 155 1
B 8 158 1
B 8 160 1
B 8 161 1
B 8 186 1
B 8 188 1
B 8 197 1
B 8 200 1
B 8 203 2
B 8 205 1
B 8 207 2
B 8 212 1
B 8 219 1
B 8 228 1
B 8 229 1
B 8 233 1
B 8 234 1
B 8 240 1
B 8 241 1
B 8 242 1
B 8 244 1
B 8 250 1
B 8 251 1
B 8 263 1
B 8 269 1
B 8 272 1
B 8 279 1
B 8 283 1
B 8 292 1
B 8 293 1
B 8 312 1
B 8 321 1
B 8 329 1
B 8 330 1
B 8 332 1
B 8 339 1
B 8 371 1
B 8 383 1
B 8 384 1
B 8 392 1
B 8 393 1
B 8 411 1
B 8 416 1
B 8 419 1
B 8 426 1
B 8 451 1
B 8 460 1
B 8 461 3
B 8 468 1
B 8 475 1
B 8 495 1
B 8 508 1
B 8 514 1
B 8 523 1
B 8 530 1
B 8 538 1
B 8 541 2
P 9 0.020
B 9 5 1
B 9 8 3
B 9 17 3
B 9 38 1
B 9 39 1
B 9 41 1
B 9 42 1
B 9 43 1
B 9 45 1
B 9 46 2
B 9 50 1
B 9 53 1
B 9 57 2
B 9 60 1
B 9 61 1
B 9 64 1
B 9 70 1
B 9 83 1
B 9 84 1
B 9 87 1
B 9 92 1
B 9 97 1
B 9 99 2
B 9 108 1
B 9 115 1
B 9 119 1
B 9 124 1
B 9 126 1
B 9 133 1
B 9 143 1
B 9 147 1
B 9 155 3
B 9 160 1
B 9 177 2
B 9 183 1
B 9 184 1
B 9 185 1
B 9 186 1
B 9 188 1
B 9 190 2
B 9 191 1
B 9 198 2
B 9 202 1
B 9 208 1
B 9 211 1
B 9 212 1
B 9 213 1
B 9 215 1
B 9 217 2
B 9 228 1
B 9 229 1
B 9 230 1
B 9 234 3
B 9 235 1
B 9 239 1
B 9 241 1
B 9 243 1
B 9 245 1
B 9 249 1
B 9 251 1
B 9 253 1
B 9 255 1
B 9 264 1
B 9 283 1
B 9 297 1
B 9 305 1
B 9 306 2
B 9 310 1
B 9 318 2
B 9 324 1
B 9 326 1
B 9 331 1
B 9 349 1
B 9 364 1
B 9 367 1
B 9 371 1
B 9 373 1
B 9 394 1
B 9 401 1
B 9 403 2
B 9 409 1
B 9 416 1
B 9 440 1
B 9 450 2
B 9 462 1
B 9 474 1
B 9 500 1
B 9 501 1
B 9 512 1
B 9 517 1
B 9 541 1
P 10 0.020
B 10 5 1
B 10 9 1
B 10 15 1
B 10 18 2
B 10 32 1
B 10 36 1
B 10 42 1
B 10 43 1
B 10 44 1
B 10 46 1
B 10 47 1
B 10 50 2
B 10 55 1
B 10 57 1
B 10 60 1
B 10 62 2
B 10 68 1
B 10 70 1
B 10 72 1
B 10 73 1
B 10 74 1
B 10 75 1
B 10 81 2
B 10 83 2
B 10 85 1
B 10 99 1
B 10 114 1
B 10 121 1
B 10 128 1
B 10 130 1
B 10 133 1
B 10 143 1
B 10 144 1
B 10 153 2
B 10 157 1
B 10 158 1
B 10 178 1
B 10 188 1
B 10 192 1
B 10 200 1
B 10 204 1
B 10 205 2
B 10 208 1
B 10 210 1
B 10 215 1
B 10 217 1
B 10 221 1
B 10 229 1
B 10 234 1
B 10 237 1
B 10 239 1
B 10 240 1
B 10 244 1
B 10 246 1
B 10 257 1
B 10 267 1
B 10 268 1
B 10 271 1
B 10 276 1
B 10 280 1
B 10 286 2
B 10 290 1
B 10 292 1
B 10 293 1
B 10 303 1
B 10 308 1
B 10 336 1
B 10 339 1
B 10 340 1
B 10 341 1
B 10 355 1
B 10 357 1
B 10 360 1
B 10 363 1
B 10 368 1
B 10 374 1
B 10 375 1
B 10 396 1
B 10 405 1
B 10 408 1
B 10 411 1
B 10 414 1
B 10 438 2
B 10 449 2
B 10 450 1
B 10 451 1
B 10 473 1
B 10 483 1
B 10 503 1
B 10 518 1
B 10 522 1
B 10 540 1
P 11 0.020
B 11 15 1
B 11 17 1
B 11 18 1
B 11 21 1
B 11 24 1
B 11 26 2
B 11 32 1
B 11 34 2
B 11 36 1
B 11 38 1
B 11 41 3
B 11 44 1
B 11 46 1
B 11 50 1
B 11 56 2
B 11 64 2
B 11 69 1
B 11 73 1
B 11 75 1
B 11 76 1
B 11 77 1
B 11 80 1
B 11 82 1
B 11 83 1
B 11 91 1
B 11 100 1
B 11 103 1
B 11 104 1
B 11 109 1
B 11 110 1
B 11 113 2
B 11 121 1
B 11 137 1
B 11 139 1
B 11 140 1
B 11 141 1
B 11 150 1
B 11 154 2
B 11 158 1
B 11 164 1
B 11 172 1
B 11 175 1
B 11 178 2
B 11 179 1
B 11 186 1
B 11 188 1
B 11 192 1
B 11 198 2
B 11 204 2
B 11 206 2
B 11 217 1
B 11 218 1
B 11 219 1
B 11 221 1
B 11 225 1
B 11 227 1
B 11 228 1
B 11 232 1
B 11 234 2
B 11 239 1
B 11 243 1
B 11 247 1
B 11 252 1
B 11 256 3
B 11 261 1
B 11 264 1
B 11 275 1
B 11 277 2
B 11 279 1
B 11 283 1
B 11 294 4
B 11 298 1
B 11 303 1
B 11 313 1
B 11 314 1
B 11 318 1
B 11 325 1
B 11 326 1
B 11 330 1
B 11 343 1
B 11 350 1
B 11 358 1
B 11 386 1
B 11 390 1
B 11 394 2
B 11 400 2
B 11 403 1
B 11 404 1
B 11 417 1
B 11 426 2
B 11 440 1
B 11 451 1
B 11 482 1
B 11 484 1
B 11 493 1
B 11 494 1
B 11 500 1
B 11 511 2
B 11 518 1
B 11 521 1
B 11 535 1
B 11 536 1
B 11 543 1
P 12 0.020
B 12 1 1
B 12 17 2
B 12 18 1
B 12 29 2
B 12 33 1
B 12 38 1
B 12 44 1
B 12 53 1
B 12 55 1
B 12 57 3
B 12 67 1
B 12 71 1
B 12 72 1
B 12 73 1
B 12 77 2
B 12 80 1
B 12 90 1
B 12 97 3
B 12 98 1
B 12 105 1
B 12 110 1
B 12 119 1
B 12 121 1
B 12 123 1
B 12 132 1
B 12 133 2
B 12 137 1
B 12 151 1
B 12 155 1
B 12 156 2
B 12 158 2
B 12 160 1
B 12 175 1
B 12 179 1
B 12 182 1
B 12 184 1
B 12 190 1
B 12 197 1
B 12 199 1
B 12 203 1
B 12 204 1
B 12 205 1
B 12 208 1
B 12 211 1
B 12 212 1
B 12 213 1
B 12 215 1
B 12 218 1
B 12 219 1
B 12 221 1
B 12 228 1
B 12 242 1
B 12 243 1
B 12 245 2
B 12 253 1
B 12 255 1
B 12 256 1
B 12 268 1
B 12 272 1
B 12 273 1
B 12 278 2
B 12 286 1
B 12 290 1
B 12 314 1
B 12 318 1
B 12 333 1
B 12 341 1
B 12 353 1
B 12 354 1
B 12 357 1
B 12 358 1
B 12 382 1
B 12 407 1
B 12 408 1
B 12 410 1
B 12 416 1
B 12 417 1
B 12 422 1
B 12 426 2
B 12 429 1
B 12 451 1
B 12 454 1
B 12 456 1
B 12 463 1
B 12 470 1
B 12 471 1
B 12 477 1
B 12 483 1
B 12 488 1
B 12 504 1
B 12 513 1
B 12 525 1
P 13 0.020
B 13 8 1
B 13 17 1
B 13 21 1
B 13 24 1
B 13 44 1
B 13 47 1
B 13 49 1
B 13 51 1
B 13 55 2
B 13 60 1
B 13 61 2
B 13 66 1
B 13 67 1
B 13 70 1
B 13 73 1
B 13 75 1
B 13 77 2
B 13 85 2
B 13 88 1
B 13 92 1
B 13 93 1
B 13 98 1
B 13 99 1
B 13 105 1
B 13 112 1
B 13 116 1
B 13 123 2
B 13 125 2
B 13 126 1
B 13 127 1
B 13 128 1
B 13 131 1
B 13 133 1
B 13 137 1
B 13 140 1
B 13 153 1
B 13 155 1
B 13 158 2
B 13 177 1
B 13 181 1
B 13 186 1
B 13 195 3
B 13 196 1
B 13 199 1
B 13 205 2
B 13 206 1
B 13 207 1
B 13 210 1
B 13 211 1
B 13 221 1
B 13 223 1
B 13 227 1
B 13 230 1
B 13 233 2
B 13 236 1
B 13 248 1
B 13 253 2
B 13 256 1
B 13 259 1
B 13 264 1
B 13 266 1
B 13 268 1
B 13 283 1
B 13 286 1
B 13 290 1
B 13 294 1
B 13 295 1
B 13 298 2
B 13 301 1
B 13 302 1
B 13 304 1
B 13 308 1
B 13 310 1
B 13 311 1
B 13 313 1
B 13 316 1
B 13 317 1
B 13 324 1
B 13 332 1
B 13 352 1
B 13 368 1
B 13 374 1
B 13 375 1
B 13 422 1
B 13 426 2
B 13 430 1
B 13 434 1
B 13 447 1
B 13 450 1
B 13 457 1
B 13 461 2
B 13 483 1
B 13 498 1
B 13 502 2
B 13 538 1
P 14 0.020
B 14 8 1
B 14 17 1
B 14 18 1
B 14 21 1
B 14 31 1
B 14 33 2
B 14 42 1
B 14 44 1
B 14 52 2
B 14 54 1
B 14 57 1
B 14 58 1
B 14 60 1
B 14 61 1
B 14 64 1
B 14 67 2
B 14 71 1
B 14 73 1
B 14 75 1
B 14 77 1
B 14 78 1
B 14 85 1
B 14 87 1
B 14 91 1
B 14 99 1
B 14 114 1
B 14 115 1
B 14 123 1
B 14 124 1
B 14 128 2
B 14 133 1
B 14 144 1
B 14 145 1
B 14 146 1
B 14 153 2
B 14 154 1
B 14 156 1
B 14 161 1
B 14 177 2
B 14 179 1
B 14 182 1
B 14 186 1
B 14 195 1
B 14 201 1
B 14 206 1
B 14 211 1
B 14 212 1
B 14 215 2
B 14 217 3
B 14 219 1
B 14 224 1
B 14 228 1
B 14 230 2
B 14 234 1
B 14 235 1
B 14 236 1
B 14 237 1
B 14 243 1
B 14 251 1
B 14 254 2
B 14 255 1
B 14 259 1
B 14 261 1
B 14 262 2
B 14 266 1
B 14 267 1
B 14 270 1
B 14 277 1
B 14 289 1
B 14 291 1
B 14 294 1
B 14 295 1
B 14 297 1
B 14 303 1
B 14 304 1
B 14 305 1
B 14 309 1
B 14 314 1
B 14 323 1
B 14 325 1
B 14 352 1
B 14 357 1
B 14 367 1
B 14 385 1
B 14 388 1
B 14 389 1
B 14 392 1
B 14 413 1
B 14 428 2
B 14 429 1
B 14 435 1
B 14 455 2
B 14 467 1
B 14 470 1
B 14 477 1
B 14 478 1
B 14 482 2
B 14 516 2
B 14 538 2
P 15 0.020
B 15 17 1
B 15 22 1
B 15 24 1
B 15 26 1
B 15 38 1
B 15 41 1
B 15 42 1
B 15 44 1
B 15 50 2
B 15 54 1
B 15 55 1
B 15 57 1
B 15 62 2
B 15 70 1
B 15 75 1
B 15 77 1
B 15 84 1
B 15 90 1
B 15 94 1
B 15 110 1
B 15 122 2
B 15 126 1
B 15 137 1
B 15 139 1
B 15 148 1
B 15 152 1
B 15 153 1
B 15 154 1
B 15 155 1
B 15 156 2
B 15 158 2
B 15 160 1
B 15 164 1
B 15 179 1
B 15 181 1
B 15 184 1
B 15 190 2
B 15 209 1
B 15 211 1
B 15 215 1
B 15 217 3
B 15 218 1
B 15 230 1
B 15 237 2
B 15 243 1
B 15 249 1
B 15 254 1
B 15 258 1
B 15 264 2
B 15 268 3
B 15 270 2
B 15 277 1
B 15 278 1
B 15 279 1
B 15 282 1
B 15 285 1
B 15 286 1
B 15 297 1
B 15 305 1
B 15 306 1
B 15 307 1
B 15 315 1
B 15 319 1
B 15 321 1
B 15 323 1
B 15 333 2
B 15 355 1
B 15 375 2
B 15 382 2
B 15 383 1
B 15 388 1
B 15 405 1
B 15 411 1
B 15 419 1
B 15 430 1
B 15 449 1
B 15 452 1
B 15 454 1
B 15 460 1
B 15 470 1
B 15 482 1
B 15 487 1
B 15 494 1
B 15 502 1
B 15 521 1
B 15 522 1
B 15 530 1
B 15 532 1
B 15 541 3
P 16 0.020
B 16 6 1
B 16 8 1
B 16 15 1
B 16 17 1
B 16 21 1
B 16 24 1
B 16 42 2
B 16 44 1
B 16 45 2
B 16 49 1
B 16 64 1
B 16 71 1
B 16 75 1
B 16 81 1
B 16 92 1
B 16 101 1
B 16 105 1
B 16 114 1
B 16 121 1
B 16 128 1
B 16 132 1
B 16 137 1
B 16 140 1
B 16 145 1
B 16 148 1
B 16 153 1
B 16 159 1
B 16 160 1
B 16 176 1
B 16 179 1
B 16 183 1
B 16 191 1
B 16 195 1
B 16 197 1
B 16 204 1
B 16 205 3
B 16 209 1
B 16 215 1
B 16 218 1
B 16 219 1
B 16 221 1
B 16 229 1
B 16 233 1
B 16 234 2
B 16 236 1
B 16 247 1
B 16 250 1
B 16 257 1
B 16 262 3
B 16 266 1
B 16 276 1
B 16 286 2
B 16 294 1
B 16 297 2
B 16 299 2
B 16 301 1
B 16 303 1
B 16 306 1
B 16 309 1
B 16 316 1
B 16 321 1
B 16 326 1
B 16 343 1
B 16 353 1
B 16 363 1
B 16 378 1
B 16 383 1
B 16 389 1
B 16 391 1
B 16 401 1
B 16 408 1
B 16 427 1
B 16 437 1
B 16 438 1
B 16 442 1
B 16 462 1
B 16 470 2
B 16 471 1
B 16 487 1
B 16 527 1
B 16 529 1
B 16 538 1
B 16 541 1
P 17 0.020
B 17 7 1
B 17 17 2
B 17 26 1
B 17 35 1
B 17 38 1
B 17 41 2
B 17 42 1
B 17 44 3
B 17 45 1
B 17 53 1
B 17 60 1
B 17 73 1
B 17 76 1
B 17 77 1
B 17 78 1
B 17 98 1
B 17 104 1
B 17 114 1
B 17 120 1
B 17 121 1
B 17 123 2
B 17 124 1
B 17 129 1
B 17 132 1
B 17 134 2
B 17 137 1
B 17 140 2
B 17 144 1
B 17 146 1
B 17 160 4
B 17 177 1
B 17 183 1
B 17 186 1
B 17 195 1
B 17 198 1
B 17 202 2
B 17 207 1
B 17 211 1
B 17 215 1
B 17 219 1
B 17 221 1
B 17 224 1
B 17 227 1
B 17 234 1
B 17 235 1
B 17 237 1
B 17 239 1
B 17 240 1
B 17 245 1
B 17 246 1
B 17 247 1
B 17 251 1
B 17 253 1
B 17 254 1
B 17 255 1
B 17 262 1
B 17 264 1
B 17 268 1
B 17 278 1
B 17 286 1
B 17 290 1
B 17 293 2
B 17 310 1
B 17 314 1
B 17 328 1
B 17 343 1
B 17 345 1
B 17 349 2
B 17 357 1
B 17 371 1
B 17 381 2
B 17 385 1
B 17 386 1
B 17 396 1
B 17 403 2
B 17 406 1
B 17 409 1
B 17 410 1
B 17 424 1
B 17 438 1
B 17 440 1
B 17 450 1
B 17 455 1
B 17 462 1
B 17 464 3
B 17 470 1
B 17 476 1
B 17 477 1
B 17 478 1
B 17 487 1
B 17 493 1
B 17 499 1
B 17 500 2
B 17 501 1
B 17 512 1
B 17 539 1
B 17 540 1
B 17 548 1
P 18 0.020
B 18 1 1
B 18 10 1
B 18 17 1
B 18 22 1
B 18 35 1
B 18 41 1
B 18 50 1
B 18 51 1
B 18 54 1
B 18 62 1
B 18 68 1
B 18 76 1
B 18 81 3
B 18 93 1
B 18 97 1
B 18 99 1
B 18 109 1
B 18 114 1
B 18 121 1
B 18 125 1
B 18 126 2
B 18 127 1
B 18 130 1
B 18 133 1
B 18 136 1
B 18 140 1
B 18 141 1
B 18 142 1
B 18 148 1
B 18 153 1
B 18 155 2
B 18 178 1
B 18 179 1
B 18 181 1
B 18 191 1
B 18 192 1
B 18 194 2
B 18 202 1
B 18 208 1
B 18 213 1
B 18 218 2
B 18 219 1
B 18 220 1
B 18 229 1
B 18 234 1
B 18 242 1
B 18 243 1
B 18 246 1
B 18 247 1
B 18 248 1
B 18 249 2
B 18 250 1
B 18 256 1
B 18 258 1
B 18 259 1
B 18 263 1
B 18 264 1
B 18 270 2
B 18 278 1
B 18 279 1
B 18 280 2
B 18 283 1
B 18 284 2
B 18 292 1
B 18 294 2
B 18 300 1
B 18 301 1
B 18 303 1
B 18 309 1
B 18 322 1
B 18 332 1
B 18 339 1
B 18 343 1
B 18 346 1
B 18 348 1
B 18 370 1
B 18 403 1
B 18 420 1
B 18 426 1
B 18 428 1
B 18 434 1
B 18 438 1
B 18 440 1
B 18 442 1
B 18 464 1
B 18 470 1
B 18 473 1
B 18 487 1
B 18 488 1
B 18 495 1
B 18 498 1
B 18 531 1
B 18 540 1
B 18 545 1
P 19 0.020
B 19 1 1
B 19 8 2
B 19 16 1
B 19 17 1
B 19 24 1
B 19 25 1
B 19 27 1
B 19 32 1
B 19 38 1
B 19 41 1
B 19 44 1
B 19 52 1
B 19 55 1
B 19 61 1
B 19 70 1
B 19 73 2
B 19 76 1
B 19 80 1
B 19 81 1
B 19 82 1
B 19 85 1
B 19 121 1
B 19 126 1
B 19 127 2
B 19 138 1
B 19 144 1
B 19 153 1
B 19 154 1
B 19 155 2
B 19 158 1
B 19 160 2
B 19 163 1
B 19 183 1
B 19 189 1
B 19 190 1
B 19 204 1
B 19 207 1
B 19 208 1
B 19 210 1
B 19 217 1
B 19 219 2
B 19 221 1
B 19 224 1
B 19 227 1
B 19 230 1
B 19 233 1
B 19 234 1
B 19 239 1
B 19 242 1
B 19 250 3
B 19 253 1
B 19 283 1
B 19 293 1
B 19 294 2
B 19 296 1
B 19 297 1
B 19 298 2
B 19 300 1
B 19 312 1
B 19 313 1
B 19 321 1
B 19 333 1
B 19 355 1
B 19 373 1
B 19 387 1
B 19 404 1
B 19 406 1
B 19 408 1
B 19 416 1
B 19 426 1
B 19 428 1
B 19 434 1
B 19 440 2
B 19 447 1
B 19 455 1
B 19 460 1
B 19 466 1
B 19 472 1
B 19 482 1
B 19 500 1
B 19 521 1
B 19 538 2
B 19 543 1
B 19 546 1
P 20 0.020
B 20 17 1
B 20 20 1
B 20 24 1
B 20 28 1
B 20 38 2
B 20 41 1
B 20 44 1
B 20 45 1
B 20 46 2
B 20 52 1
B 20 56 1
B 20 61 1
B 20 62 1
B 20 64 1
B 20 68 1
B 20 81 1
B 20 90 2
B 20 91 1
B 20 108 1
B 20 119 1
B 20 123 1
B 20 135 1
B 20 136 2
B 20 137 1
B 20 138 2
B 20 143 1
B 20 151 1
B 20 153 1
B 20 156 1
B 20 161 1
B 20 178 1
B 20 186 1
B 20 188 1
B 20 191 1
B 20 197 1
B 20 202 1
B 20 207 1
B 20 208 1
B 20 210 1
B 20 211 2
B 20 212 2
B 20 214 1
B 20 215 1
B 20 216 2
B 20 217 1
B 20 218 1
B 20 227 1
B 20 230 1
B 20 238 1
B 20 241 1
B 20 244 2
B 20 246 1
B 20 249 2
B 20 254 1
B 20 265 1
B 20 275 1
B 20 283 1
B 20 286 1
B 20 288 1
B 20 301 1
B 20 303 1
B 20 314 1
B 20 326 1
B 20 327 1
B 20 328 1
B 20 331 1
B 20 344 1
B 20 345 1
B 20 366 1
B 20 389 1
B 20 403 2
B 20 406 1
B 20 407 1
B 20 411 1
B 20 416 1
B 20 426 1
B 20 434 1
B 20 438 2
B 20 449 1
B 20 450 1
B 20 461 1
B 20 472 1
B 20 474 1
B 20 475 1
B 20 514 1
B 20 518 1
P 21 0.020
B 21 5 1
B 21 6 1
B 21 17 1
B 21 27 1
B 21 39 1
B 21 42 2
B 21 43 1
B 21 46 2
B 21 57 1
B 21 64 1
B 21 68 1
B 21 69 1
B 21 70 1
B 21 75 1
B 21 76 2
B 21 78 2
B 21 80 1
B 21 87 1
B 21 89 1
B 21 97 1
B 21 99 1
B 21 104 1
B 21 105 1
B 21 120 1
B 21 121 3
B 21 123 2
B 21 126 1
B 21 127 1
B 21 136 1
B 21 142 1
B 21 151 1
B 21 153 1
B 21 155 1
B 21 156 1
B 21 181 1
B 21 186 1
B 21 191 1
B 21 195 1
B 21 197 2
B 21 207 3
B 21 208 1
B 21 213 1
B 21 214 1
B 21 221 1
B 21 224 2
B 21 226 2
B 21 228 1
B 21 229 1
B 21 234 1
B 21 238 1
B 21 239 1
B 21 240 1
B 21 245 1
B 21 252 1
B 21 255 1
B 21 256 1
B 21 258 1
B 21 261 1
B 21 262 1
B 21 265 1
B 21 275 1
B 21 288 1
B 21 291 1
B 21 304 1
B 21 306 1
B 21 308 1
B 21 310 1
B 21 319 1
B 21 332 1
B 21 343 1
B 21 348 1
B 21 354 1
B 21 358 1
B 21 359 1
B 21 382 1
B 21 400 1
B 21 401 2
B 21 403 2
B 21 405 1
B 21 406 1
B 21 409 1
B 21 410 1
B 21 417 1
B 21 418 1
B 21 427 1
B 21 434 1
B 21 436 1
B 21 442 1
B 21 460 1
B 21 464 1
B 21 471 1
B 21 477 1
B 21 489 1
B 21 501 1
B 21 525 1
B 21 529 1
B 21 543 1
P 22 0.020
B 22 7 1
B 22 18 1
B 22 22 1
B 22 23 1
B 22 24 1
B 22 27 1
B 22 32 2
B 22 42 2
B 22 45 1
B 22 46 1
B 22 49 1
B 22 53 1
B 22 61 2
B 22 64 1
B 22 69 1
B 22 70 1
B 22 73 1
B 22 79 1
B 22 82 2
B 22 87 1
B 22 99 3
B 22 114 1
B 22 121 1
B 22 122 1
B 22 125 2
B 22 126 1
B 22 127 1
B 22 128 1
B 22 137 1
B 22 140 1
B 22 152 1
B 22 153 1
B 22 155 1
B 22 158 1
B 22 159 1
B 22 178 1
B 22 179 2
B 22 186 1
B 22 193 1
B 22 195 1
B 22 197 1
B 22 198 1
B 22 203 1
B 22 210 1
B 22 211 2
B 22 216 1
B 22 221 1
B 22 227 1
B 22 228 1
B 22 237 2
B 22 246 1
B 22 254 1
B 22 256 1
B 22 258 1
B 22 260 1
B 22 262 1
B 22 270 1
B 22 278 1
B 22 280 1
B 22 289 1
B 22 294 2
B 22 299 1
B 22 331 1
B 22 341 2
B 22 349 1
B 22 353 1
B 22 358 1
B 22 361 1
B 22 377 1
B 22 383 1
B 22 386 1
B 22 389 1
B 22 403 1
B 22 405 1
B 22 409 1
B 22 417 1
B 22 423 1
B 22 426 2
B 22 428 1
B 22 438 1
B 22 447 1
B 22 451 1
B 22 461 1
B 22 464 2
B 22 474 1
B 22 476 1
B 22 477 1
B 22 500 2
B 22 507 1
B 22 516 1
B 22 521 1
B 22 539 1
P 23 0.020
B 23 1 1
B 23 6 1
B 23 8 1
B 23 12 1
B 23 18 1
B 23 21 1
B 23 22 1
B 23 26 1
B 23 28 1
B 23 36 1
B 23 44 1
B 23 45 1
B 23 46 2
B 23 47 1
B 23 62 1
B 23 64 1
B 23 67 2
B 23 73 1
B 23 87 2
B 23 90 1
B 23 99 2
B 23 104 1
B 23 106 1
B 23 111 1
B 23 118 1
B 23 119 2
B 23 127 1
B 23 130 1
B 23 137 1
B 23 148 1
B 23 156 1
B 23 179 1
B 23 185 1
B 23 188 1
B 23 191 1
B 23 194 1
B 23 200 1
B 23 205 1
B 23 207 1
B 23 212 1
B 23 213 1
B 23 217 1
B 23 218 1
B 23 219 1
B 23 227 1
B 23 238 1
B 23 246 1
B 23 253 2
B 23 261 1
B 23 262 1
B 23 272 1
B 23 279 1
B 23 280 1
B 23 288 1
B 23 294 3
B 23 297 1
B 23 301 1
B 23 303 1
B 23 309 1
B 23 313 1
B 23 317 1
B 23 324 1
B 23 341 1
B 23 344 2
B 23 346 2
B 23 348 1
B 23 356 1
B 23 361 2
B 23 365 1
B 23 371 1
B 23 373 1
B 23 378 1
B 23 381 1
B 23 382 1
B 23 391 1
B 23 403 1
B 23 405 1
B 23 422 1
B 23 426 1
B 23 427 1
B 23 434 1
B 23 438 3
B 23 440 1
B 23 450 1
B 23 453 1
B 23 454 2
B 23 469 1
B 23 473 1
B 23 475 1
B 23 478 1
B 23 483 1
B 23 494 1
B 23 497 1
B 23 502 3
B 23 512 1
B 23 545 2
B 23 546 1
P 24 0.020
B 24 12 1
B 24 15 1
B 24 21 1
B 24 22 1
B 24 27 1
B 24 31 1
B 24 32 1
B 24 41 1
B 24 45 1
B 24 50 1
B 24 53 1
B 24 60 2
B 24 64 1
B 24 66 1
B 24 70 1
B 24 73 1
B 24 74 1
B 24 78 2
B 24 82 2
B 24 83 1
B 24 88 1
B 24 101 1
B 24 103 1
B 24 119 1
B 24 123 1
B 24 126 1
B 24 127 1
B 24 129 1
B 24 130 2
B 24 138 1
B 24 140 1
B 24 161 1
B 24 177 1
B 24 179 1
B 24 183 1
B 24 186 1
B 24 196 2
B 24 197 1
B 24 198 1
B 24 203 1
B 24 210 1
B 24 213 1
B 24 215 1
B 24 217 1
B 24 218 1
B 24 220 1
B 24 223 1
B 24 224 1
B 24 227 1
B 24 229 1
B 24 233 1
B 24 234 1
B 24 235 1
B 24 239 1
B 24 250 1
B 24 251 1
B 24 253 1
B 24 254 2
B 24 256 1
B 24 257 1
B 24 262 1
B 24 278 2
B 24 286 1
B 24 294 1
B 24 296 1
B 24 299 1
B 24 301 1
B 24 303 1
B 24 313 1
B 24 325 2
B 24 326 1
B 24 331 1
B 24 332 1
B 24 340 1
B 24 348 1
B 24 355 1
B 24 367 1
B 24 379 1
B 24 389 1
B 24 400 1
B 24 401 1
B 24 417 1
B 24 419 1
B 24 422 1
B 24 435 1
B 24 437 1
B 24 448 1
B 24 451 1
B 24 460 1
B 24 468 1
B 24 475 1
B 24 476 1
B 24 493 1
B 24 511 1
B 24 539 2
B 24 545 1
P 25 0.020
B 25 5 2
B 25 7 1
B 25 8 1
B 25 16 1
B 25 22 2
B 25 24 1
B 25 27 1
B 25 38 1
B 25 41 1
B 25 44 1
B 25 45 1
B 25 46 1
B 25 47 1
B 25 49 1
B 25 69 1
B 25 70 1
B 25 74 1
B 25 75 2
B 25 82 1
B 25 83 1
B 25 84 1
B 25 104 1
B 25 123 1
B 25 131 2
B 25 132 1
B 25 135 1
B 25 140 1
B 25 142 1
B 25 144 1
B 25 153 1
B 25 154 1
B 25 158 1
B 25 161 1
B 25 163 2
B 25 169 1
B 25 178 1
B 25 193 1
B 25 197 1
B 25 205 1
B 25 211 1
B 25 214 1
B 25 220 1
B 25 234 1
B 25 242 1
B 25 244 1
B 25 250 1
B 25 251 1
B 25 255 1
B 25 262 2
B 25 267 1
B 25 270 1
B 25 271 1
B 25 277 2
B 25 280 2
B 25 293 1
B 25 294 1
B 25 298 2
B 25 304 1
B 25 305 1
B 25 310 1
B 25 312 2
B 25 317 2
B 25 322 1
B 25 327 1
B 25 328 1
B 25 349 1
B 25 351 1
B 25 353 1
B 25 354 1
B 25 357 1
B 25 384 1
B 25 426 1
B 25 448 1
B 25 458 1
B 25 460 1
B 25 471 1
B 25 474 1
B 25 480 1
B 25 482 1
B 25 494 1
B 25 500 1
B 25 506 1
B 25 512 1
B 25 532 1
B 25 540 1
B 25 541 1
P 26 0.020
B 26 1 1
B 26 8 1
B 26 9 1
B 26 18 1
B 26 26 1
B 26 36 1
B 26 39 1
B 26 45 2
B 26 49 1
B 26 51 1
B 26 62 1
B 26 64 1
B 26 71 1
B 26 75 1
B 26 78 1
B 26 84 1
B 26 87 1
B 26 90 1
B 26 92 1
B 26 98 1
B 26 105 1
B 26 118 1
B 26 119 1
B 26 126 1
B 26 129 1
B 26 133 1
B 26 141 1
B 26 153 1
B 26 155 1
B 26 163 1
B 26 174 1
B 26 177 2
B 26 188 1
B 26 192 1
B 26 196 1
B 26 199 1
B 26 201 1
B 26 202 1
B 26 205 2
B 26 209 1
B 26 211 1
B 26 215 1
B 26 216 1
B 26 224 1
B 26 228 1
B 26 234 1
B 26 237 1
B 26 239 1
B 26 244 1
B 26 248 2
B 26 263 1
B 26 264 1
B 26 282 1
B 26 287 1
B 26 289 1
B 26 290 1
B 26 292 1
B 26 294 2
B 26 296 1
B 26 300 1
B 26 301 1
B 26 305 1
B 26 308 1
B 26 318 1
B 26 324 1
B 26 346 1
B 26 361 2
B 26 373 1
B 26 377 1
B 26 379 1
B 26 381 1
B 26 382 1
B 26 388 1
B 26 392 1
B 26 404 1
B 26 410 1
B 26 411 1
B 26 423 1
B 26 432 1
B 26 433 1
B 26 437 1
B 26 438 1
B 26 442 1
B 26 450 1
B 26 453 1
B 26 470 1
B 26 485 1
B 26 487 1
B 26 493 1
B 26 511 1
B 26 521 1
B 26 533 1
P 27 0.020
B 27 8 1
B 27 9 1
B 27 17 1
B 27 22 2
B 27 24 2
B 27 26 1
B 27 41 1
B 27 45 1
B 27 46 1
B 27 52 1
B 27 55 2
B 27 57 1
B 27 68 1
B 27 69 1
B 27 76 1
B 27 80 1
B 27 82 1
B 27 90 1
B 27 100 1
B 27 104 2
B 27 128 1
B 27 130 1
B 27 133 1
B 27 135 1
B 27 139 1
B 27 154 1
B 27 159 1
B 27 160 1
B 27 161 1
B 27 175 1
B 27 177 1
B 27 194 1
B 27 198 2
B 27 202 1
B 27 205 1
B 27 219 1
B 27 221 1
B 27 222 2
B 27 241 1
B 27 242 1
B 27 253 1
B 27 254 2
B 27 256 2
B 27 258 1
B 27 265 1
B 27 272 1
B 27 277 1
B 27 280 1
B 27 282 1
B 27 287 1
B 27 288 1
B 27 291 1
B 27 293 1
B 27 294 2
B 27 298 1
B 27 299 1
B 27 301 1
B 27 303 2
B 27 314 1
B 27 315 1
B 27 318 1
B 27 320 1
B 27 325 2
B 27 328 1
B 27 352 1
B 27 404 1
B 27 405 1
B 27 407 1
B 27 409 1
B 27 410 2
B 27 417 1
B 27 422 1
B 27 426 1
B 27 438 1
B 27 440 1
B 27 450 1
B 27 455 1
B 27 460 2
B 27 470 1
B 27 471 1
B 27 485 1
B 27 490 1
B 27 495 1
B 27 497 1
B 27 512 2
B 27 524 1
P 28 0.020
B 28 8 1
B 28 21 1
B 28 24 1
B 28 26 1
B 28 29 1
B 28 34 1
B 28 36 1
B 28 45 1
B 28 46 1
B 28 61 1
B 28 64 1
B 28 73 1
B 28 80 1
B 28 81 1
B 28 84 1
B 28 89 1
B 28 97 1
B 28 98 1
B 28 104 1
B 28 121 1
B 28 124 1
B 28 129 1
B 28 132 1
B 28 137 1
B 28 149 1
B 28 153 1
B 28 155 1
B 28 159 1
B 28 174 1
B 28 181 1
B 28 184 1
B 28 186 1
B 28 191 1
B 28 192 1
B 28 194 1
B 28 195 2
B 28 196 1
B 28 204 1
B 28 208 1
B 28 211 1
B 28 213 1
B 28 214 1
B 28 217 1
B 28 218 1
B 28 223 1
B 28 226 1
B 28 228 1
B 28 236 1
B 28 247 2
B 28 251 2
B 28 252 1
B 28 253 1
B 28 254 1
B 28 258 1
B 28 265 1
B 28 287 1
B 28 303 1
B 28 304 2
B 28 317 2
B 28 327 1
B 28 341 2
B 28 343 1
B 28 352 1
B 28 355 1
B 28 356 1
B 28 360 1
B 28 368 1
B 28 373 2
B 28 384 1
B 28 386 1
B 28 388 1
B 28 389 2
B 28 392 1
B 28 397 1
B 28 422 1
B 28 425 1
B 28 438 3
B 28 447 1
B 28 450 2
B 28 458 1
B 28 470 1
B 28 484 1
B 28 487 1
B 28 496 2
B 28 501 1
B 28 540 1
B 28 541 1
P 29 0.020
B 29 22 1
B 29 28 1
B 29 38 2
B 29 41 1
B 29 47 1
B 29 49 1
B 29 50 3
B 29 53 1
B 29 54 1
B 29 63 1
B 29 69 2
B 29 73 1
B 29 75 1
B 29 79 1
B 29 85 1
B 29 90 1
B 29 103 2
B 29 114 1
B 29 123 2
B 29 127 1
B 29 131 1
B 29 134 1
B 29 137 2
B 29 140 1
B 29 148 1
B 29 152 1
B 29 153 1
B 29 160 1
B 29 163 1
B 29 178 1
B 29 179 1
B 29 186 1
B 29 188 1
B 29 193 1
B 29 194 2
B 29 196 1
B 29 203 1
B 29 205 1
B 29 207 1
B 29 210 1
B 29 212 2
B 29 213 3
B 29 215 2
B 29 219 1
B 29 244 1
B 29 246 1
B 29 247 1
B 29 250 1
B 29 256 1
B 29 261 2
B 29 266 1
B 29 279 1
B 29 282 2
B 29 283 1
B 29 290 2
B 29 293 1
B 29 294 1
B 29 304 1
B 29 326 1
B 29 327 1
B 29 331 1
B 29 344 1
B 29 352 1
B 29 364 1
B 29 373 1
B 29 377 1
B 29 383 1
B 29 386 1
B 29 389 1
B 29 396 1
B 29 410 1
B 29 414 1
B 29 420 1
B 29 423 1
B 29 447 1
B 29 449 1
B 29 455 1
B 29 457 1
B 29 472 1
B 29 474 1
B 29 477 1
B 29 487 1
B 29 490 1
B 29 521 1
B 29 529 1
B 29 533 1
P 30 0.020
B 30 1 1
B 30 6 1
B 30 15 1
B 30 18 2
B 30 21 1
B 30 22 1
B 30 28 1
B 30 29 1
B 30 38 1
B 30 43 1
B 30 56 1
B 30 69 1
B 30 72 1
B 30 74 1
B 30 76 1
B 30 86 1
B 30 90 1
B 30 92 1
B 30 93 1
B 30 99 1
B 30 103 1
B 30 121 1
B 30 123 2
B 30 128 2
B 30 132 1
B 30 134 1
B 30 148 1
B 30 153 1
B 30 154 1
B 30 159 1
B 30 160 1
B 30 163 1
B 30 181 1
B 30 183 2
B 30 192 2
B 30 195 1
B 30 198 1
B 30 202 1
B 30 205 2
B 30 212 1
B 30 213 1
B 30 227 1
B 30 228 1
B 30 234 1
B 30 247 1
B 30 251 1
B 30 254 1
B 30 255 1
B 30 256 1
B 30 258 1
B 30 261 2
B 30 262 1
B 30 264 1
B 30 266 1
B 30 269 1
B 30 282 2
B 30 290 2
B 30 294 1
B 30 297 1
B 30 301 1
B 30 303 2
B 30 306 1
B 30 307 1
B 30 308 1
B 30 321 1
B 30 325 1
B 30 326 1
B 30 342 1
B 30 345 1
B 30 346 1
B 30 348 2
B 30 349 1
B 30 350 1
B 30 359 1
B 30 375 1
B 30 379 1
B 30 385 1
B 30 389 1
B 30 414 1
B 30 418 1
B 30 424 1
B 30 437 1
B 30 440 1
B 30 442 1
B 30 451 1
B 30 460 1
B 30 463 1
B 30 465 1
B 30 475 1
B 30 489 1
B 30 494 1
B 30 495 2
B 30 500 1
B 30 503 1
B 30 507 1
B 30 521 1
P 31 0.020
B 31 0 1
B 31 5 1
B 31 7 2
B 31 17 1
B 31 24 1
B 31 25 1
B 31 28 2
B 31 38 1
B 31 45 1
B 31 50 1
B 31 53 1
B 31 55 1
B 31 57 1
B 31 62 1
B 31 64 1
B 31 68 1
B 31 71 1
B 31 76 1
B 31 78 1
B 31 91 1
B 31 97 1
B 31 103 1
B 31 107 1
B 31 116 1
B 31 117 1
B 31 119 1
B 31 121 1
B 31 128 1
B 31 132 1
B 31 133 1
B 31 137 1
B 31 139 1
B 31 140 2
B 31 144 1
B 31 148 2
B 31 160 1
B 31 161 1
B 31 187 1
B 31 189 1
B 31 190 1
B 31 192 1
B 31 195 1
B 31 197 1
B 31 211 1
B 31 213 1
B 31 218 1
B 31 226 1
B 31 228 1
B 31 230 1
B 31 234 2
B 31 237 1
B 31 247 1
B 31 251 1
B 31 256 1
B 31 259 1
B 31 262 1
B 31 271 1
B 31 276 1
B 31 278 1
B 31 279 1
B 31 284 1
B 31 301 1
B 31 302 1
B 31 306 2
B 31 310 1
B 31 319 1
B 31 321 2
B 31 329 1
B 31 344 3
B 31 353 1
B 31 357 1
B 31 361 1
B 31 375 1
B 31 410 1
B 31 411 1
B 31 417 1
B 31 420 1
B 31 434 1
B 31 455 1
B 31 462 1
B 31 500 2
B 31 501 1
B 31 521 1
B 31 532 1
P 32 0.020
B 32 5 5
B 32 7 1
B 32 20 1
B 32 24 1
B 32 26 1
B 32 32 1
B 32 38 1
B 32 39 1
B 32 41 1
B 32 53 2
B 32 64 2
B 32 67 1
B 32 75 2
B 32 76 1
B 32 77 1
B 32 82 1
B 32 91 1
B 32 98 1
B 32 99 1
B 32 101 1
B 32 106 1
B 32 110 1
B 32 111 1
B 32 113 2
B 32 115 1
B 32 121 1
B 32 123 1
B 32 126 3
B 32 127 2
B 32 132 1
B 32 151 1
B 32 153 1
B 32 156 2
B 32 159 1
B 32 160 1
B 32 163 2
B 32 168 1
B 32 175 1
B 32 183 1
B 32 185 1
B 32 186 1
B 32 191 1
B 32 205 1
B 32 206 1
B 32 208 1
B 32 211 1
B 32 229 1
B 32 236 1
B 32 248 1
B 32 252 2
B 32 258 1
B 32 282 1
B 32 283 1
B 32 289 1
B 32 298 1
B 32 301 1
B 32 305 1
B 32 310 1
B 32 312 1
B 32 318 1
B 32 321 1
B 32 325 2
B 32 331 1
B 32 344 1
B 32 361 2
B 32 368 1
B 32 372 1
B 32 373 1
B 32 377 1
B 32 383 1
B 32 387 1
B 32 400 1
B 32 401 1
B 32 417 1
B 32 423 1
B 32 426 1
B 32 432 1
B 32 434 1
B 32 438 1
B 32 446 1
B 32 463 1
B 32 470 1
B 32 483 1
B 32 501 1
B 32 526 1
B 32 536 1
B 32 541 2
P 33 0.020
B 33 5 1
B 33 9 2
B 33 17 2
B 33 21 3
B 33 22 1
B 33 33 1
B 33 43 1
B 33 44 1
B 33 45 1
B 33 46 1
B 33 47 2
B 33 53 1
B 33 54 1
B 33 57 1
B 33 62 1
B 33 67 1
B 33 73 1
B 33 74 1
B 33 76 1
B 33 85 1
B 33 92 1
B 33 100 1
B 33 101 1
B 33 103 1
B 33 112 1
B 33 120 1
B 33 122 2
B 33 127 1
B 33 144 1
B 33 148 1
B 33 156 1
B 33 160 1
B 33 177 2
B 33 184 1
B 33 192 3
B 33 195 1
B 33 198 1
B 33 203 1
B 33 204 1
B 33 211 2
B 33 216 1
B 33 226 1
B 33 229 1
B 33 244 1
B 33 246 1
B 33 263 1
B 33 265 1
B 33 281 1
B 33 283 1
B 33 287 1
B 33 290 1
B 33 300 1
B 33 301 1
B 33 302 1
B 33 329 1
B 33 331 1
B 33 346 1
B 33 363 1
B 33 366 1
B 33 372 1
B 33 374 1
B 33 378 1
B 33 379 1
B 33 394 1
B 33 409 1
B 33 414 1
B 33 422 1
B 33 440 2
B 33 450 1
B 33 451 1
B 33 487 2
B 33 489 1
B 33 503 1
B 33 504 1
B 33 521 1
P 34 0.020
B 34 7 1
B 34 8 1
B 34 16 1
B 34 22 1
B 34 27 1
B 34 38 1
B 34 44 1
B 34 50 1
B 34 53 2
B 34 59 1
B 34 69 1
B 34 71 1
B 34 73 1
B 34 75 1
B 34 112 1
B 34 119 1
B 34 121 1
B 34 124 1
B 34 129 1
B 34 131 2
B 34 132 1
B 34 134 1
B 34 143 1
B 34 146 1
B 34 148 1
B 34 159 1
B 34 161 1
B 34 164 1
B 34 179 1
B 34 183 1
B 34 184 1
B 34 193 1
B 34 197 1
B 34 204 1
B 34 207 1
B 34 210 1
B 34 215 2
B 34 217 2
B 34 219 1
B 34 223 1
B 34 228 1
B 34 234 1
B 34 235 1
B 34 241 1
B 34 243 1
B 34 247 1
B 34 248 1
B 34 249 1
B 34 250 2
B 34 255 1
B 34 265 2
B 34 270 1
B 34 283 1
B 34 286 1
B 34 294 1
B 34 296 1
B 34 301 2
B 34 303 1
B 34 307 1
B 34 311 1
B 34 314 1
B 34 315 2
B 34 316 1
B 34 319 1
B 34 329 1
B 34 331 1
B 34 361 1
B 34 370 1
B 34 378 1
B 34 379 1
B 34 401 1
B 34 408 1
B 34 409 1
B 34 411 1
B 34 424 1
B 34 427 1
B 34 453 1
B 34 454 1
B 34 455 1
B 34 500 1
B 34 512 1
B 34 519 1
B 34 526 1
B 34 538 1
B 34 542 1
P 35 0.020
B 35 5 1
B 35 18 1
B 35 21 2
B 35 22 1
B 35 24 1
B 35 38 1
B 35 42 1
B 35 47 1
B 35 50 1
B 35 62 1
B 35 69 1
B 35 76 1
B 35 77 1
B 35 82 1
B 35 83 1
B 35 98 2
B 35 100 1
B 35 105 1
B 35 122 2
B 35 131 1
B 35 142 1
B 35 155 1
B 35 158 1
B 35 163 1
B 35 176 1
B 35 183 2
B 35 195 2
B 35 199 1
B 35 203 2
B 35 207 1
B 35 212 1
B 35 213 1
B 35 214 1
B 35 216 1
B 35 219 1
B 35 228 1
B 35 229 1
B 35 230 1
B 35 241 1
B 35 244 1
B 35 246 1
B 35 247 1
B 35 249 1
B 35 250 1
B 35 259 1
B 35 261 1
B 35 278 1
B 35 284 1
B 35 292 1
B 35 293 3
B 35 294 3
B 35 303 1
B 35 313 1
B 35 325 1
B 35 326 1
B 35 329 1
B 35 330 1
B 35 346 1
B 35 358 1
B 35 380 1
B 35 400 1
B 35 426 1
B 35 454 1
B 35 470 1
B 35 484 1
B 35 495 1
B 35 501 1
B 35 507 1
B 35 512 1
B 35 516 1
B 35 543 1
P 36 0.020
B 36 5 2
B 36 22 1
B 36 28 1
B 36 32 2
B 36 38 1
B 36 43 1
B 36 45 1
B 36 49 1
B 36 53 1
B 36 64 1
B 36 66 1
B 36 67 1
B 36 72 1
B 36 81 2
B 36 83 1
B 36 88 1
B 36 112 1
B 36 116 1
B 36 121 1
B 36 122 1
B 36 126 1
B 36 127 2
B 36 128 1
B 36 129 2
B 36 137 1
B 36 138 1
B 36 140 1
B 36 144 1
B 36 159 1
B 36 160 1
B 36 161 1
B 36 163 1
B 36 172 1
B 36 179 1
B 36 187 1
B 36 194 1
B 36 196 1
B 36 202 1
B 36 212 1
B 36 244 1
B 36 246 1
B 36 251 1
B 36 253 1
B 36 258 1
B 36 280 1
B 36 281 1
B 36 289 1
B 36 292 1
B 36 300 1
B 36 311 1
B 36 315 1
B 36 326 1
B 36 329 1
B 36 333 1
B 36 346 1
B 36 365 1
B 36 374 1
B 36 380 1
B 36 385 1
B 36 388 1
B 36 417 1
B 36 418 1
B 36 438 1
B 36 440 1
B 36 447 1
B 36 460 1
B 36 473 1
B 36 474 1
B 36 476 1
B 36 477 2
B 36 478 1
B 36 516 1
B 36 526 1
P 37 0.020
B 37 18 2
B 37 22 1
B 37 26 1
B 37 43 1
B 37 46 1
B 37 50 1
B 37 53 1
B 37 61 1
B 37 64 1
B 37 77 1
B 37 79 1
B 37 82 1
B 37 83 2
B 37 88 1
B 37 110 1
B 37 124 1
B 37 129 2
B 37 132 2
B 37 135 1
B 37 140 1
B 37 142 1
B 37 160 1
B 37 179 1
B 37 185 1
B 37 190 1
B 37 191 1
B 37 193 2
B 37 195 1
B 37 205 2
B 37 207 1
B 37 219 1
B 37 229 1
B 37 230 1
B 37 234 1
B 37 236 1
B 37 246 1
B 37 256 1
B 37 259 1
B 37 278 1
B 37 279 1
B 37 280 1
B 37 294 1
B 37 298 1
B 37 299 1
B 37 311 1
B 37 318 2
B 37 322 2
B 37 326 1
B 37 343 1
B 37 350 1
B 37 355 1
B 37 357 1
B 37 364 1
B 37 366 1
B 37 379 1
B 37 383 1
B 37 388 1
B 37 389 1
B 37 392 1
B 37 397 1
B 37 403 1
B 37 406 1
B 37 411 1
B 37 417 1
B 37 425 1
B 37 444 1
B 37 464 1
B 37 472 1
B 37 478 1
B 37 487 1
B 37 500 1
B 37 502 1
B 37 512 1
P 38 0.020
B 38 7 1
B 38 22 2
B 38 26 1
B 38 37 1
B 38 42 1
B 38 45 1
B 38 49 1
B 38 52 1
B 38 54 1
B 38 55 1
B 38 61 3
B 38 72 1
B 38 73 1
B 38 75 1
B 38 76 2
B 38 85 2
B 38 87 1
B 38 92 1
B 38 99 1
B 38 108 1
B 38 119 1
B 38 124 1
B 38 125 1
B 38 126 1
B 38 127 1
B 38 137 1
B 38 142 2
B 38 152 1
B 38 156 1
B 38 158 1
B 38 163 2
B 38 179 1
B 38 187 1
B 38 193 1
B 38 195 1
B 38 198 1
B 38 212 2
B 38 214 1
B 38 215 1
B 38 216 2
B 38 218 1
B 38 234 1
B 38 251 1
B 38 253 2
B 38 258 1
B 38 264 1
B 38 267 1
B 38 270 1
B 38 272 1
B 38 276 1
B 38 278 1
B 38 280 1
B 38 283 1
B 38 284 1
B 38 290 1
B 38 300 1
B 38 301 1
B 38 311 1
B 38 320 1
B 38 331 2
B 38 341 1
B 38 345 1
B 38 352 1
B 38 354 2
B 38 357 1
B 38 358 1
B 38 359 1
B 38 366 1
B 38 383 1
B 38 386 1
B 38 398 1
B 38 408 1
B 38 412 1
B 38 417 1
B 38 426 1
B 38 454 1
B 38 460 1
B 38 501 1
B 38 502 1
B 38 510 2
P 39 0.020
B 39 18 1
B 39 32 1
B 39 38 2
B 39 41 1
B 39 42 2
B 39 49 2
B 39 57 1
B 39 60 1
B 39 67 1
B 39 71 1
B 39 81 1
B 39 96 1
B 39 97 1
B 39 99 1
B 39 100 1
B 39 114 1
B 39 119 2
B 39 122 2
B 39 125 1
B 39 133 1
B 39 134 1
B 39 144 1
B 39 148 1
B 39 154 2
B 39 158 2
B 39 160 1
B 39 183 1
B 39 190 1
B 39 200 1
B 39 206 2
B 39 207 2
B 39 218 1
B 39 234 1
B 39 238 1
B 39 245 1
B 39 248 1
B 39 255 1
B 39 257 1
B 39 262 2
B 39 264 1
B 39 272 1
B 39 275 1
B 39 292 1
B 39 294 1
B 39 303 1
B 39 314 2
B 39 315 1
B 39 318 1
B 39 319 1
B 39 345 1
B 39 359 1
B 39 364 1
B 39 370 1
B 39 388 1
B 39 400 1
B 39 403 1
B 39 404 2
B 39 414 1
B 39 430 1
B 39 445 2
B 39 447 1
B 39 450 1
B 39 451 1
B 39 464 1
B 39 468 1
B 39 470 1
B 39 482 2
B 39 487 1
B 39 489 1
B 39 496 1
B 39 521 1
B 39 530 1
B 39 539 1
B 39 540 1
B 39 545 1
P 40 0.020
B 40 7 2
B 40 16 1
B 40 17 2
B 40 28 1
B 40 45 1
B 40 46 1
B 40 50 1
B 40 64 1
B 40 70 2
B 40 77 2
B 40 78 1
B 40 95 1
B 40 97 1
B 40 103 1
B 40 104 1
B 40 105 1
B 40 119 1
B 40 124 1
B 40 126 4
B 40 127 2
B 40 128 1
B 40 133 1
B 40 136 1
B 40 144 1
B 40 145 1
B 40 146 1
B 40 160 1
B 40 187 1
B 40 191 1
B 40 198 2
B 40 204 1
B 40 211 1
B 40 215 1
B 40 216 1
B 40 221 2
B 40 223 1
B 40 234 2
B 40 240 1
B 40 241 1
B 40 244 1
B 40 254 2
B 40 255 1
B 40 257 1
B 40 263 1
B 40 268 1
B 40 277 1
B 40 279 1
B 40 283 1
B 40 289 1
B 40 294 2
B 40 310 1
B 40 319 1
B 40 322 1
B 40 329 1
B 40 341 1
B 40 371 2
B 40 380 1
B 40 388 1
B 40 389 1
B 40 390 1
B 40 396 1
B 40 407 1
B 40 419 2
B 40 428 1
B 40 445 1
B 40 451 1
B 40 454 1
B 40 456 1
B 40 457 1
B 40 467 1
B 40 472 1
B 40 477 1
B 40 482 1
B 40 498 1
B 40 500 1
B 40 503 1
B 40 506 1
B 40 516 1
B 40 525 1
B 40 530 1
P 41 0.020
B 41 5 1
B 41 7 1
B 41 9 1
B 41 16 1
B 41 22 1
B 41 24 1
B 41 25 1
B 41 47 2
B 41 49 1
B 41 50 1
B 41 53 1
B 41 69 1
B 41 73 1
B 41 78 1
B 41 80 1
B 41 82 1
B 41 83 1
B 41 104 1
B 41 109 1
B 41 119 1
B 41 125 1
B 41 130 1
B 41 132 1
B 41 133 1
B 41 136 2
B 41 155 1
B 41 160 1
B 41 163 1
B 41 174 1
B 41 179 3
B 41 184 1
B 41 187 1
B 41 188 2
B 41 193 1
B 41 195 2
B 41 205 1
B 41 207 1
B 41 212 1
B 41 214 1
B 41 217 1
B 41 221 2
B 41 236 1
B 41 242 1
B 41 244 1
B 41 245 1
B 41 249 1
B 41 258 1
B 41 264 1
B 41 265 1
B 41 268 1
B 41 277 2
B 41 278 1
B 41 282 1
B 41 290 1
B 41 294 1
B 41 298 1
B 41 299 1
B 41 300 1
B 41 304 1
B 41 317 1
B 41 318 1
B 41 320 1
B 41 325 1
B 41 326 1
B 41 331 1
B 41 341 1
B 41 361 1
B 41 380 1
B 41 389 1
B 41 400 2
B 41 418 1
B 41 422 1
B 41 438 1
B 41 450 1
B 41 451 1
B 41 454 1
B 41 460 1
B 41 473 1
B 41 496 1
B 41 501 1
B 41 512 1
P 42 0.020
B 42 7 1
B 42 8 1
B 42 24 1
B 42 32 1
B 42 38 2
B 42 43 1
B 42 47 1
B 42 53 1
B 42 54 1
B 42 60 1
B 42 61 1
B 42 64 1
B 42 68 1
B 42 70 1
B 42 71 1
B 42 72 1
B 42 73 1
B 42 76 1
B 42 81 1
B 42 88 1
B 42 101 1
B 42 102 1
B 42 104 1
B 42 106 1
B 42 108 1
B 42 121 1
B 42 123 1
B 42 130 1
B 42 142 2
B 42 147 1
B 42 150 1
B 42 153 2
B 42 154 1
B 42 161 1
B 42 163 1
B 42 179 1
B 42 188 1
B 42 190 1
B 42 192 1
B 42 197 1
B 42 198 1
B 42 204 1
B 42 206 1
B 42 211 1
B 42 214 1
B 42 217 1
B 42 247 1
B 42 251 1
B 42 261 1
B 42 272 1
B 42 277 1
B 42 278 1
B 42 286 1
B 42 294 1
B 42 300 1
B 42 314 1
B 42 320 1
B 42 326 2
B 42 330 1
B 42 340 1
B 42 361 1
B 42 377 1
B 42 403 1
B 42 416 1
B 42 417 1
B 42 423 1
B 42 437 1
B 42 438 1
B 42 441 1
B 42 452 1
B 42 464 1
B 42 468 1
B 42 474 1
B 42 489 1
B 42 495 1
B 42 502 1
B 42 534 1
B 42 539 1
P 43 0.020
B 43 5 1
B 43 7 1
B 43 28 1
B 43 33 1
B 43 41 1
B 43 42 1
B 43 46 1
B 43 56 1
B 43 65 1
B 43 78 1
B 43 82 1
B 43 121 1
B 43 128 2
B 43 130 1
B 43 132 1
B 43 140 1
B 43 151 1
B 43 153 1
B 43 163 1
B 43 191 1
B 43 192 2
B 43 193 1
B 43 194 1
B 43 197 1
B 43 204 1
B 43 208 1
B 43 210 1
B 43 215 1
B 43 216 1
B 43 227 1
B 43 235 1
B 43 239 1
B 43 244 1
B 43 246 1
B 43 251 1
B 43 254 1
B 43 256 1
B 43 260 1
B 43 264 1
B 43 275 2
B 43 286 1
B 43 305 1
B 43 310 1
B 43 325 1
B 43 333 1
B 43 350 1
B 43 381 2
B 43 401 1
B 43 403 1
B 43 408 1
B 43 410 1
B 43 417 1
B 43 426 1
B 43 430 1
B 43 437 2
B 43 460 1
B 43 467 1
B 43 500 2
B 43 502 1
B 43 519 1
B 43 527 1
B 43 538 1
B 43 547 2
P 44 0.020
B 44 1 1
B 44 5 2
B 44 6 1
B 44 7 1
B 44 17 1
B 44 21 1
B 44 22 1
B 44 24 2
B 44 34 1
B 44 41 1
B 44 49 1
B 44 50 1
B 44 52 1
B 44 61 2
B 44 71 1
B 44 76 1
B 44 105 1
B 44 119 1
B 44 125 1
B 44 130 2
B 44 131 1
B 44 132 1
B 44 153 1
B 44 158 1
B 44 160 1
B 44 162 1
B 44 187 1
B 44 189 1
B 44 193 1
B 44 194 1
B 44 198 1
B 44 199 1
B 44 203 2
B 44 213 1
B 44 214 1
B 44 215 1
B 44 226 1
B 44 234 1
B 44 235 1
B 44 237 1
B 44 239 1
B 44 252 1
B 44 254 1
B 44 255 1
B 44 258 1
B 44 262 1
B 44 276 2
B 44 280 1
B 44 282 1
B 44 296 1
B 44 299 1
B 44 301 1
B 44 312 1
B 44 318 1
B 44 322 1
B 44 324 1
B 44 328 1
B 44 329 1
B 44 331 1
B 44 337 1
B 44 344 1
B 44 353 1
B 44 361 1
B 44 362 1
B 44 370 1
B 44 390 1
B 44 416 1
B 44 419 1
B 44 438 2
B 44 445 1
B 44 450 1
B 44 454 1
B 44 456 1
B 44 518 1
B 44 541 1
B 44 545 1
P 45 0.020
B 45 5 1
B 45 8 2
B 45 21 3
B 45 46 1
B 45 52 2
B 45 55 1
B 45 68 1
B 45 71 1
B 45 72 1
B 45 76 1
B 45 78 3
B 45 83 1
B 45 84 1
B 45 86 1
B 45 92 1
B 45 95 1
B 45 96 1
B 45 119 1
B 45 128 1
B 45 131 1
B 45 143 1
B 45 150 1
B 45 152 2
B 45 161 1
B 45 177 1
B 45 181 1
B 45 183 1
B 45 191 1
B 45 193 1
B 45 194 1
B 45 202 1
B 45 205 3
B 45 208 1
B 45 218 1
B 45 219 1
B 45 221 2
B 45 236 1
B 45 237 1
B 45 241 3
B 45 244 1
B 45 246 1
B 45 250 1
B 45 253 1
B 45 254 1
B 45 259 1
B 45 264 1
B 45 266 1
B 45 267 1
B 45 272 3
B 45 278 1
B 45 282 2
B 45 288 1
B 45 294 1
B 45 296 1
B 45 304 1
B 45 313 1
B 45 317 1
B 45 343 1
B 45 350 1
B 45 359 1
B 45 364 1
B 45 378 1
B 45 383 1
B 45 389 1
B 45 405 1
B 45 449 1
B 45 450 1
B 45 464 1
B 45 468 1
B 45 524 1
B 45 526 1
B 45 541 1
B 45 543 1
P 46 0.020
B 46 42 3
B 46 43 1
B 46 44 1
B 46 45 1
B 46 49 3
B 46 54 2
B 46 61 1
B 46 73 1
B 46 74 1
B 46 76 1
B 46 77 1
B 46 90 1
B 46 109 1
B 46 130 1
B 46 131 1
B 46 132 1
B 46 137 1
B 46 141 1
B 46 144 1
B 46 153 2
B 46 154 2
B 46 155 1
B 46 158 1
B 46 159 2
B 46 175 1
B 46 176 1
B 46 177 1
B 46 185 1
B 46 193 1
B 46 194 1
B 46 195 1
B 46 196 1
B 46 197 1
B 46 200 1
B 46 202 1
B 46 205 1
B 46 214 2
B 46 218 1
B 46 227 1
B 46 235 1
B 46 242 1
B 46 244 1
B 46 254 1
B 46 258 1
B 46 259 1
B 46 261 2
B 46 276 1
B 46 277 1
B 46 286 1
B 46 288 1
B 46 294 1
B 46 297 1
B 46 301 1
B 46 303 1
B 46 306 1
B 46 310 1
B 46 311 1
B 46 316 1
B 46 318 1
B 46 319 1
B 46 327 1
B 46 341 1
B 46 346 1
B 46 349 1
B 46 351 1
B 46 355 1
B 46 356 2
B 46 370 1
B 46 380 1
B 46 411 1
B 46 419 1
B 46 430 1
B 46 455 1
B 46 475 1
B 46 496 2
B 46 500 1
B 46 502 1
B 46 509 1
B 46 512 1
B 46 526 1
B 46 529 1
P 47 0.020
B 47 19 1
B 47 22 2
B 47 28 1
B 47 45 1
B 47 55 1
B 47 57 1
B 47 64 1
B 47 69 1
B 47 70 1
B 47 71 1
B 47 74 2
B 47 93 1
B 47 97 1
B 47 107 1
B 47 114 1
B 47 128 1
B 47 130 1
B 47 137 1
B 47 138 1
B 47 159 1
B 47 162 1
B 47 163 1
B 47 175 1
B 47 177 1
B 47 178 2
B 47 180 1
B 47 181 1
B 47 184 1
B 47 186 1
B 47 192 1
B 47 193 1
B 47 197 1
B 47 201 1
B 47 202 1
B 47 206 1
B 47 211 1
B 47 219 1
B 47 228 1
B 47 229 1
B 47 234 1
B 47 240 1
B 47 243 1
B 47 256 3
B 47 263 1
B 47 277 1
B 47 279 1
B 47 284 1
B 47 288 1
B 47 290 1
B 47 308 1
B 47 329 1
B 47 343 2
B 47 344 1
B 47 359 1
B 47 373 1
B 47 378 1
B 47 379 1
B 47 392 1
B 47 401 1
B 47 417 1
B 47 436 1
B 47 437 1
B 47 438 2
B 47 440 1
B 47 446 1
B 47 452 1
B 47 460 1
B 47 464 1
B 47 469 1
B 47 470 1
B 47 477 1
B 47 498 1
B 47 500 1
B 47 545 1
P 48 0.020
B 48 7 1
B 48 18 2
B 48 29 1
B 48 38 2
B 48 47 1
B 48 50 1
B 48 53 1
B 48 60 1
B 48 64 1
B 48 72 1
B 48 78 2
B 48 79 1
B 48 82 1
B 48 86 1
B 48 91 1
B 48 104 1
B 48 108 1
B 48 115 1
B 48 121 2
B 48 126 1
B 48 138 1
B 48 144 1
B 48 155 1
B 48 160 1
B 48 176 2
B 48 178 1
B 48 181 1
B 48 182 1
B 48 189 1
B 48 191 1
B 48 192 1
B 48 195 1
B 48 198 1
B 48 203 1
B 48 210 2
B 48 212 1
B 48 221 1
B 48 228 1
B 48 233 2
B 48 239 1
B 48 240 1
B 48 251 1
B 48 252 1
B 48 259 2
B 48 262 2
B 48 263 1
B 48 266 1
B 48 277 1
B 48 279 1
B 48 280 1
B 48 290 1
B 48 293 1
B 48 311 1
B 48 321 2
B 48 323 1
B 48 325 1
B 48 329 1
B 48 343 1
B 48 344 1
B 48 359 1
B 48 361 1
B 48 368 1
B 48 373 1
B 48 378 1
B 48 384 1
B 48 412 1
B 48 436 1
B 48 450 2
B 48 453 1
B 48 474 1
B 48 510 1
B 48 512 1
B 48 516 1
B 48 521 1
B 48 541 1
P 49 0.020
B 49 12 1
B 49 17 1
B 49 18 1
B 49 24 2
B 49 26 1
B 49 27 1
B 49 38 1
B 49 46 1
B 49 50 1
B 49 55 1
B 49 61 1
B 49 64 2
B 49 74 1
B 49 75 1
B 49 83 1
B 49 89 1
B 49 110 2
B 49 118 1
B 49 119 1
B 49 126 1
B 49 131 1
B 49 137 1
B 49 155 1
B 49 156 1
B 49 160 2
B 49 183 1
B 49 191 1
B 49 198 1
B 49 202 1
B 49 204 1
B 49 208 2
B 49 211 1
B 49 216 1
B 49 218 1
B 49 219 1
B 49 224 1
B 49 226 1
B 49 236 1
B 49 239 2
B 49 241 1
B 49 245 1
B 49 247 1
B 49 249 1
B 49 250 1
B 49 254 1
B 49 255 1
B 49 258 1
B 49 262 1
B 49 267 2
B 49 280 1
B 49 292 2
B 49 301 1
B 49 309 1
B 49 311 1
B 49 312 1
B 49 327 1
B 49 337 1
B 49 341 1
B 49 355 1
B 49 370 1
B 49 394 1
B 49 396 1
B 49 401 1
B 49 403 3
B 49 404 1
B 49 417 2
B 49 440 1
B 49 453 1
B 49 454 1
B 49 455 1
B 49 460 3
B 49 472 1
B 49 476 2
B 49 496 1
B 49 541 3
B 49 545 1
