100
P 0 0.010
B 0 4 3
B 0 11 1
B 0 15 1
B 0 16 1
B 0 18 1
B 0 19 1
B 0 20 2
B 0 21 2
B 0 25 2
B 0 26 1
B 0 27 1
B 0 29 1
B 0 32 2
B 0 36 2
B 0 40 1
B 0 41 1
B 0 44 1
B 0 45 1
B 0 50 1
B 0 54 1
B 0 55 1
B 0 56 1
B 0 57 2
B 0 58 1
B 0 59 1
B 0 60 2
B 0 66 1
B 0 67 2
B 0 70 1
B 0 77 1
B 0 81 2
B 0 83 1
B 0 85 2
B 0 87 1
B 0 88 1
B 0 89 1
B 0 91 1
B 0 92 1
B 0 94 1
B 0 104 1
B 0 109 1
B 0 112 1
B 0 113 3
B 0 114 3
B 0 117 1
B 0 118 1
B 0 119 1
B 0 120 3
B 0 121 1
B 0 122 1
B 0 123 1
B 0 128 1
B 0 130 1
B 0 132 2
B 0 135 1
B 0 137 2
B 0 141 1
B 0 143 1
B 0 146 1
B 0 148 2
B 0 153 1
B 0 154 6
B 0 167 2
B 0 173 1
B 0 180 1
B 0 183 1
B 0 187 1
B 0 192 1
B 0 193 4
B 0 194 1
B 0 201 1
B 0 202 1
B 0 205 1
B 0 209 1
B 0 212 1
B 0 216 1
B 0 217 1
B 0 219 1
B 0 223 2
B 0 228 1
P 1 0.010
B 1 27 1
B 1 34 1
B 1 36 1
B 1 52 1
B 1 56 2
B 1 107 1
B 1 119 1
B 1 120 1
B 1 196 1
P 2 0.010
B 2 21 1
B 2 52 1
B 2 62 1
B 2 69 1
B 2 114 1
B 2 131 1
B 2 162 1
B 2 192 1
B 2 207 1
P 3 0.010
B 3 20 1
B 3 32 1
B 3 44 1
B 3 54 1
B 3 64 1
B 3 67 1
B 3 95 1
B 3 114 1
B 3 120 1
B 3 131 1
B 3 171 1
P 4 0.010
B 4 13 1
B 4 23 1
B 4 33 1
B 4 37 1
B 4 61 1
B 4 62 1
B 4 83 1
B 4 95 1
B 4 172 1
P 5 0.010
B 5 65 1
B 5 67 1
B 5 89 1
B 5 157 1
B 5 170 1
B 5 190 1
P 6 0.010
B 6 7 1
B 6 19 1
B 6 33 1
B 6 47 1
B 6 62 1
B 6 88 1
B 6 142 1
B 6 155 1
B 6 186 1
B 6 202 1
B 6 204 1
P 7 0.010
B 7 53 1
B 7 54 1
B 7 110 1
B 7 113 1
B 7 115 1
B 7 118 1
B 7 157 1
B 7 187 2
P 8 0.010
B 8 32 1
B 8 113 1
B 8 122 1
B 8 127 1
B 8 177 1
B 8 183 1
B 8 190 1
B 8 224 1
P 9 0.010
B 9 59 1
B 9 62 1
B 9 88 1
B 9 89 1
B 9 142 1
B 9 177 1
B 9 230 1
P 10 0.010
B 10 16 1
B 10 33 1
B 10 65 1
B 10 72 1
B 10 146 1
B 10 155 1
B 10 172 1
P 11 0.010
B 11 27 2
B 11 29 1
B 11 40 1
B 11 45 1
B 11 82 1
B 11 120 1
B 11 123 1
B 11 183 1
B 11 219 1
P 12 0.010
B 12 32 1
B 12 34 1
B 12 44 1
B 12 64 1
B 12 93 1
B 12 104 1
B 12 114 1
B 12 117 1
B 12 119 1
B 12 134 1
B 12 137 1
B 12 157 1
P 13 0.010
B 13 8 1
B 13 24 1
B 13 29 1
B 13 30 1
B 13 45 1
B 13 55 1
B 13 70 1
B 13 85 1
P 14 0.010
B 14 18 1
B 14 56 1
B 14 59 1
B 14 71 1
B 14 157 1
P 15 0.010
B 15 24 1
B 15 61 1
B 15 82 1
B 15 92 1
P 16 0.010
B 16 21 1
B 16 52 1
B 16 66 1
B 16 107 1
B 16 136 1
B 16 164 1
P 17 0.010
B 17 8 1
B 17 19 1
B 17 32 1
B 17 82 1
B 17 121 1
B 17 168 1
B 17 212 1
P 18 0.010
B 18 25 1
B 18 27 1
B 18 29 1
B 18 36 1
B 18 54 1
B 18 58 1
B 18 61 1
B 18 71 1
B 18 83 1
B 18 89 2
B 18 113 1
B 18 118 1
B 18 122 1
B 18 137 1
P 19 0.010
B 19 18 1
B 19 24 2
B 19 48 1
B 19 54 1
B 19 55 1
B 19 59 1
B 19 71 1
B 19 85 1
B 19 86 1
B 19 127 1
B 19 130 1
B 19 179 1
P 20 0.010
B 20 12 1
B 20 34 1
B 20 52 1
B 20 53 1
B 20 55 1
B 20 57 1
B 20 76 1
B 20 83 1
B 20 114 1
B 20 116 1
B 20 171 1
B 20 181 1
B 20 212 1
P 21 0.010
B 21 7 1
B 21 9 1
B 21 11 1
B 21 40 1
B 21 48 1
B 21 52 1
B 21 90 1
B 21 92 1
B 21 116 1
B 21 118 1
B 21 133 1
B 21 172 1
P 22 0.010
B 22 21 1
B 22 29 1
B 22 95 1
B 22 105 1
B 22 117 1
B 22 121 1
B 22 125 1
B 22 165 1
B 22 169 1
B 22 174 1
P 23 0.010
B 23 19 1
B 23 33 1
B 23 60 1
B 23 117 2
B 23 119 1
B 23 165 1
B 23 168 1
B 23 200 1
B 23 220 1
P 24 0.010
B 24 3 1
B 24 12 1
B 24 21 1
B 24 26 1
B 24 56 1
B 24 60 1
B 24 89 1
B 24 122 1
B 24 164 1
B 24 192 1
B 24 198 1
P 25 0.010
B 25 4 1
B 25 26 1
B 25 32 1
B 25 34 1
B 25 36 3
B 25 45 1
B 25 57 1
B 25 64 1
B 25 68 1
B 25 77 1
B 25 115 1
B 25 118 1
B 25 130 1
B 25 147 1
B 25 172 1
B 25 192 1
P 26 0.010
B 26 28 1
B 26 30 1
B 26 41 1
B 26 52 1
B 26 114 1
B 26 119 1
B 26 130 2
B 26 133 1
B 26 140 1
B 26 151 1
B 26 218 1
P 27 0.010
B 27 15 1
B 27 21 1
B 27 27 1
B 27 33 1
B 27 46 1
B 27 55 1
B 27 67 1
B 27 69 1
B 27 80 1
B 27 83 1
B 27 84 1
B 27 85 1
B 27 88 1
B 27 115 1
B 27 146 1
B 27 184 1
B 27 195 1
B 27 196 1
B 27 205 1
P 28 0.010
B 28 19 1
B 28 33 1
B 28 67 1
B 28 71 1
B 28 87 1
B 28 130 1
B 28 161 1
B 28 206 1
B 28 215 1
P 29 0.010
B 29 15 1
B 29 16 2
B 29 32 1
B 29 79 1
B 29 80 1
B 29 88 1
B 29 127 1
B 29 152 1
B 29 160 1
B 29 192 1
P 30 0.010
B 30 64 1
B 30 66 1
B 30 67 1
B 30 78 1
B 30 109 1
B 30 114 2
B 30 116 1
B 30 119 1
B 30 135 1
B 30 138 1
B 30 179 1
B 30 186 1
B 30 193 1
P 31 0.010
B 31 23 1
B 31 34 1
B 31 58 1
B 31 162 1
B 31 183 1
B 31 192 1
P 32 0.010
B 32 8 1
B 32 17 1
B 32 24 1
B 32 40 1
B 32 44 1
B 32 54 2
B 32 88 1
B 32 94 1
B 32 113 1
B 32 135 1
B 32 164 1
P 33 0.010
B 33 19 1
B 33 48 1
B 33 52 1
B 33 66 1
B 33 85 1
B 33 103 1
B 33 118 1
B 33 137 1
B 33 147 1
B 33 157 1
B 33 188 1
B 33 193 1
B 33 196 1
B 33 222 1
P 34 0.010
B 34 15 1
B 34 22 1
B 34 24 1
B 34 27 1
B 34 60 1
B 34 69 1
B 34 89 1
B 34 130 1
B 34 158 1
B 34 164 1
B 34 168 1
B 34 184 1
B 34 187 1
B 34 229 1
P 35 0.010
B 35 9 1
B 35 15 1
B 35 33 1
B 35 62 1
B 35 81 1
B 35 84 1
B 35 85 1
B 35 93 1
B 35 118 1
B 35 127 1
B 35 132 1
B 35 135 1
B 35 144 1
B 35 184 1
B 35 208 1
P 36 0.010
B 36 21 1
B 36 29 1
B 36 33 1
B 36 60 1
B 36 61 1
B 36 87 2
B 36 121 1
B 36 123 1
B 36 136 1
B 36 186 1
P 37 0.010
B 37 11 1
B 37 15 1
B 37 33 1
B 37 36 1
B 37 52 1
B 37 87 1
B 37 88 1
B 37 119 1
B 37 122 1
B 37 127 1
B 37 133 1
B 37 156 1
B 37 157 1
B 37 186 1
P 38 0.010
B 38 52 1
B 38 57 1
B 38 71 1
B 38 82 1
B 38 110 1
B 38 119 2
B 38 135 1
B 38 156 1
P 39 0.010
B 39 15 1
B 39 25 1
B 39 26 1
B 39 39 1
B 39 47 1
B 39 48 1
B 39 56 1
B 39 76 1
B 39 83 1
B 39 119 1
B 39 123 1
B 39 132 1
B 39 162 1
B 39 167 1
P 40 0.010
B 40 24 1
B 40 40 1
B 40 62 1
B 40 63 1
B 40 104 1
B 40 109 1
B 40 117 1
B 40 130 1
B 40 173 1
B 40 217 1
P 41 0.010
B 41 4 1
B 41 8 1
B 41 34 1
B 41 53 1
B 41 59 1
B 41 60 1
B 41 74 1
B 41 81 1
B 41 88 1
B 41 94 1
B 41 114 1
B 41 131 1
B 41 135 1
B 41 186 1
P 42 0.010
B 42 18 1
B 42 26 1
B 42 52 1
B 42 89 1
B 42 114 1
B 42 117 2
B 42 225 1
P 43 0.010
B 43 57 1
B 43 67 1
B 43 77 1
B 43 90 1
B 43 110 1
B 43 119 1
B 43 127 1
B 43 186 1
B 43 207 1
P 44 0.010
B 44 32 1
B 44 39 1
B 44 61 1
B 44 63 1
B 44 84 1
B 44 92 1
B 44 119 1
B 44 136 1
B 44 144 1
B 44 165 1
B 44 173 1
P 45 0.010
B 45 13 1
B 45 16 1
B 45 26 1
B 45 43 1
B 45 76 1
B 45 112 1
B 45 130 1
B 45 149 1
B 45 165 1
B 45 183 1
B 45 195 1
P 46 0.010
B 46 5 1
B 46 54 1
B 46 115 1
B 46 122 1
B 46 167 1
B 46 193 1
P 47 0.010
B 47 15 1
B 47 19 1
B 47 23 1
B 47 27 1
B 47 34 1
B 47 52 1
B 47 66 1
B 47 71 1
B 47 88 1
B 47 89 2
B 47 109 1
B 47 152 1
B 47 192 1
B 47 207 1
B 47 221 1
P 48 0.010
B 48 11 1
B 48 19 1
B 48 66 1
B 48 84 1
B 48 127 1
B 48 140 1
B 48 207 1
P 49 0.010
B 49 20 1
B 49 105 1
B 49 114 1
B 49 117 1
B 49 152 1
P 50 0.010
B 50 19 1
B 50 27 1
B 50 34 1
B 50 41 1
B 50 82 1
B 50 92 1
B 50 119 1
B 50 122 1
B 50 123 1
B 50 168 1
P 51 0.010
B 51 9 1
B 51 55 1
B 51 59 1
B 51 66 1
B 51 113 1
B 51 127 1
B 51 170 1
P 52 0.010
B 52 28 1
B 52 29 1
B 52 37 1
B 52 41 1
B 52 77 1
B 52 113 1
B 52 116 1
B 52 117 1
B 52 163 1
B 52 164 1
P 53 0.010
B 53 21 1
B 53 39 1
B 53 40 1
B 53 52 2
B 53 69 1
B 53 82 1
B 53 89 1
B 53 92 1
B 53 118 1
B 53 121 1
B 53 127 1
B 53 208 1
P 54 0.010
B 54 18 1
B 54 21 1
B 54 24 1
B 54 61 1
B 54 73 1
B 54 78 1
B 54 107 1
B 54 127 1
B 54 164 1
B 54 171 1
B 54 182 1
B 54 196 1
P 55 0.010
B 55 24 1
B 55 32 1
B 55 84 1
B 55 104 1
B 55 113 1
B 55 115 1
B 55 116 1
B 55 149 1
B 55 170 1
P 56 0.010
B 56 29 2
B 56 38 1
B 56 56 1
B 56 61 1
B 56 71 1
B 56 82 1
B 56 173 1
B 56 182 1
B 56 193 1
P 57 0.010
B 57 15 1
B 57 55 1
B 57 83 1
B 57 127 1
B 57 146 1
B 57 205 1
P 58 0.010
B 58 28 1
B 58 39 1
B 58 40 1
B 58 59 1
B 58 84 1
B 58 87 1
B 58 118 1
B 58 120 1
B 58 121 1
B 58 133 1
B 58 140 1
B 58 205 1
P 59 0.010
B 59 16 1
B 59 25 1
B 59 32 1
B 59 34 1
B 59 62 1
B 59 88 1
B 59 89 1
B 59 105 1
B 59 147 1
B 59 158 2
P 60 0.010
B 60 26 1
B 60 32 1
B 60 62 1
B 60 93 1
B 60 112 1
B 60 117 1
B 60 160 1
B 60 175 1
P 61 0.010
B 61 32 1
B 61 54 1
B 61 71 1
B 61 84 1
B 61 116 1
B 61 133 1
B 61 134 1
P 62 0.010
B 62 6 1
B 62 32 1
B 62 33 1
B 62 60 1
B 62 63 1
B 62 91 1
B 62 102 1
B 62 119 1
B 62 130 1
B 62 172 1
B 62 207 1
B 62 208 1
B 62 213 1
P 63 0.010
B 63 16 1
B 63 27 1
B 63 29 1
B 63 56 1
B 63 66 1
B 63 71 1
B 63 146 1
B 63 155 1
B 63 204 1
P 64 0.010
B 64 15 1
B 64 52 1
B 64 57 1
B 64 62 1
B 64 117 1
B 64 144 1
B 64 153 1
B 64 164 1
B 64 176 1
B 64 210 1
B 64 215 1
P 65 0.010
B 65 20 1
B 65 21 1
B 65 28 1
B 65 45 1
B 65 46 1
B 65 60 1
B 65 62 1
B 65 116 1
B 65 127 1
B 65 183 1
B 65 207 1
P 66 0.010
B 66 15 2
B 66 25 1
B 66 87 1
B 66 109 1
B 66 136 1
B 66 137 1
B 66 147 1
B 66 148 1
B 66 168 1
B 66 173 1
P 67 0.010
B 67 66 1
B 67 207 1
B 67 227 1
P 68 0.010
B 68 40 1
B 68 44 1
B 68 57 1
B 68 71 1
B 68 104 1
B 68 116 1
B 68 126 1
P 69 0.010
B 69 62 1
B 69 105 1
B 69 111 1
B 69 114 1
B 69 118 1
B 69 136 1
B 69 148 1
B 69 206 1
B 69 211 1
B 69 229 1
P 70 0.010
B 70 15 1
B 70 18 1
B 70 24 2
B 70 36 1
B 70 52 1
B 70 69 1
B 70 88 1
B 70 116 1
B 70 131 1
B 70 177 1
P 71 0.010
B 71 1 1
B 71 8 1
B 71 32 1
B 71 33 1
B 71 78 1
B 71 79 1
B 71 81 1
B 71 109 1
B 71 133 1
B 71 136 1
B 71 169 1
B 71 172 1
B 71 174 1
B 71 192 1
P 72 0.010
B 72 54 1
B 72 88 1
B 72 91 1
B 72 120 1
B 72 137 1
B 72 148 1
B 72 193 1
B 72 206 1
P 73 0.010
B 73 10 1
B 73 20 1
B 73 29 1
B 73 59 1
B 73 64 1
B 73 88 1
B 73 89 1
B 73 222 1
P 74 0.010
B 74 11 1
B 74 19 1
B 74 20 1
B 74 32 1
B 74 116 1
B 74 121 1
B 74 140 1
B 74 141 1
B 74 147 1
P 75 0.010
B 75 23 1
B 75 55 1
B 75 82 1
B 75 83 1
B 75 89 1
B 75 132 1
P 76 0.010
B 76 7 1
B 76 58 1
B 76 82 1
B 76 92 1
B 76 118 1
B 76 127 1
B 76 141 1
B 76 144 1
P 77 0.010
B 77 22 1
B 77 47 1
B 77 55 1
B 77 56 1
B 77 84 1
B 77 85 1
B 77 89 1
B 77 115 1
B 77 133 1
B 77 146 1
B 77 173 1
P 78 0.010
B 78 59 1
B 78 85 1
B 78 97 1
B 78 114 1
B 78 123 1
B 78 126 1
B 78 183 1
B 78 204 1
P 79 0.010
B 79 12 1
B 79 24 1
B 79 37 1
B 79 104 1
B 79 125 1
B 79 143 1
B 79 149 1
B 79 161 1
P 80 0.010
B 80 20 1
B 80 21 1
B 80 34 1
B 80 90 1
B 80 108 1
B 80 186 1
B 80 219 1
P 81 0.010
B 81 27 1
B 81 41 1
B 81 61 1
B 81 75 1
B 81 104 1
B 81 124 1
B 81 135 1
B 81 172 1
B 81 184 1
P 82 0.010
B 82 44 1
B 82 59 1
B 82 62 1
B 82 77 1
B 82 115 1
B 82 157 1
B 82 164 1
B 82 168 1
B 82 170 1
P 83 0.010
B 83 21 1
B 83 32 1
B 83 45 1
B 83 70 1
B 83 119 1
B 83 123 1
B 83 172 1
B 83 220 1
P 84 0.010
B 84 7 1
B 84 21 1
B 84 24 1
B 84 32 1
B 84 33 1
B 84 60 1
B 84 74 1
B 84 141 1
B 84 151 1
B 84 156 1
B 84 204 1
P 85 0.010
B 85 88 1
B 85 114 1
B 85 186 1
P 86 0.010
B 86 23 1
B 86 26 1
B 86 36 1
B 86 39 1
B 86 84 1
B 86 123 1
B 86 147 1
B 86 153 1
B 86 170 1
B 86 198 1
P 87 0.010
B 87 8 1
B 87 15 1
B 87 33 1
B 87 62 1
B 87 109 1
B 87 170 1
B 87 193 1
B 87 198 1
B 87 201 1
B 87 218 1
P 88 0.010
B 88 17 1
B 88 55 1
B 88 57 1
B 88 70 1
B 88 75 1
B 88 89 1
B 88 104 1
B 88 109 1
B 88 186 2
P 89 0.010
B 89 19 1
B 89 37 1
B 89 54 1
B 89 94 1
B 89 114 1
B 89 118 1
B 89 125 1
B 89 132 1
B 89 146 1
B 89 169 1
B 89 206 1
B 89 214 1
P 90 0.010
B 90 16 1
B 90 61 1
B 90 121 1
B 90 151 1
B 90 177 1
B 90 184 1
B 90 186 1
B 90 208 1
P 91 0.010
B 91 4 1
B 91 17 1
B 91 24 1
B 91 25 2
B 91 27 1
B 91 58 1
B 91 61 1
B 91 113 1
B 91 186 1
B 91 190 1
B 91 215 1
P 92 0.010
B 92 22 1
B 92 29 1
B 92 32 1
B 92 41 1
B 92 48 1
B 92 101 1
B 92 105 1
B 92 107 1
B 92 171 1
B 92 184 1
P 93 0.010
B 93 16 2
B 93 33 1
B 93 44 1
B 93 60 1
B 93 74 1
B 93 88 1
B 93 130 1
B 93 132 1
P 94 0.010
B 94 40 1
B 94 42 1
B 94 71 1
B 94 87 1
B 94 112 1
B 94 140 1
B 94 170 1
B 94 173 1
B 94 206 1
P 95 0.010
B 95 25 1
B 95 36 1
B 95 40 1
B 95 46 1
B 95 76 1
B 95 98 1
B 95 114 1
B 95 186 1
B 95 204 1
P 96 0.010
B 96 17 1
B 96 18 1
B 96 34 1
B 96 45 1
B 96 58 1
B 96 111 1
B 96 112 1
B 96 113 1
B 96 114 1
B 96 119 1
B 96 132 1
B 96 149 1
B 96 170 1
B 96 198 1
P 97 0.010
B 97 53 1
B 97 72 1
B 97 137 1
B 97 153 1
B 97 156 1
B 97 174 1
P 98 0.010
B 98 16 1
B 98 41 1
B 98 93 1
B 98 103 1
B 98 109 1
B 98 130 1
B 98 213 1
P 99 0.010
B 99 28 1
B 99 36 1
B 99 39 1
B 99 41 1
B 99 45 1
B 99 66 1
B 99 69 1
B 99 92 1
B 99 120 1
B 99 122 1
B 99 133 1
B 99 205 1
