100
P 0 0.010
B 0 0 1
B 0 1 1
B 0 10 1
B 0 16 3
B 0 17 1
B 0 22 1
B 0 25 1
B 0 32 1
B 0 33 1
B 0 34 1
B 0 35 1
B 0 38 1
B 0 46 1
B 0 53 1
B 0 55 2
B 0 57 1
B 0 60 1
B 0 64 1
B 0 66 1
B 0 68 2
B 0 69 2
B 0 70 1
B 0 72 1
B 0 75 1
B 0 78 1
B 0 79 1
B 0 80 1
B 0 81 1
B 0 83 1
B 0 84 1
B 0 85 1
B 0 89 1
B 0 91 1
B 0 97 2
B 0 98 1
B 0 104 1
B 0 107 1
B 0 110 2
B 0 123 1
B 0 128 2
B 0 129 2
B 0 136 1
B 0 140 1
B 0 155 2
B 0 159 1
B 0 172 1
B 0 177 2
B 0 178 1
B 0 179 1
B 0 183 2
B 0 187 1
B 0 188 1
B 0 191 1
B 0 192 1
B 0 193 2
B 0 195 1
B 0 197 1
B 0 199 1
B 0 202 1
B 0 215 1
B 0 221 2
B 0 224 1
B 0 227 1
B 0 230 1
B 0 235 1
B 0 238 1
B 0 240 1
B 0 245 1
B 0 246 1
B 0 247 1
B 0 253 1
B 0 255 1
B 0 259 2
B 0 260 1
B 0 262 1
B 0 263 1
B 0 264 1
B 0 268 1
B 0 269 1
B 0 271 1
B 0 277 3
B 0 278 1
B 0 279 3
B 0 281 1
B 0 286 2
B 0 290 2
B 0 292 1
B 0 293 1
B 0 303 1
B 0 306 1
B 0 311 1
B 0 313 1
B 0 321 1
B 0 323 2
B 0 324 1
B 0 325 1
B 0 331 2
B 0 339 1
B 0 341 1
B 0 350 1
B 0 357 1
B 0 358 1
B 0 361 2
B 0 366 1
B 0 370 2
B 0 379 1
B 0 384 1
B 0 385 1
B 0 386 1
B 0 397 1
B 0 401 1
B 0 403 1
B 0 404 2
B 0 405 1
B 0 407 1
B 0 409 2
B 0 410 1
B 0 411 1
B 0 420 1
B 0 424 2
B 0 426 1
B 0 427 1
B 0 451 1
B 0 460 1
B 0 461 2
B 0 471 1
B 0 473 2
B 0 502 1
B 0 503 1
B 0 512 1
B 0 521 1
B 0 524 1
B 0 539 2
B 0 541 2
B 0 542 1
P 1 0.010
B 1 13 1
B 1 16 1
B 1 35 1
B 1 38 1
B 1 51 1
B 1 83 1
B 1 114 1
B 1 174 2
B 1 181 1
B 1 183 1
B 1 188 1
B 1 202 1
B 1 221 1
B 1 228 1
B 1 246 1
B 1 249 1
B 1 257 1
B 1 277 1
B 1 312 1
B 1 331 1
B 1 380 1
B 1 387 1
B 1 409 1
B 1 440 1
B 1 447 1
B 1 454 1
P 2 0.010
B 2 17 1
B 2 36 1
B 2 49 1
B 2 67 1
B 2 84 1
B 2 98 1
B 2 109 1
B 2 130 1
B 2 140 1
B 2 161 1
B 2 196 1
B 2 202 1
B 2 204 1
B 2 211 1
B 2 246 1
B 2 258 2
B 2 267 1
B 2 277 1
B 2 326 1
B 2 331 1
B 2 347 1
B 2 365 1
B 2 378 1
B 2 400 1
B 2 405 1
B 2 409 1
B 2 420 1
B 2 440 1
B 2 448 1
B 2 510 1
B 2 521 1
P 3 0.010
B 3 0 1
B 3 7 1
B 3 17 1
B 3 18 1
B 3 24 1
B 3 74 1
B 3 75 1
B 3 82 1
B 3 121 1
B 3 128 1
B 3 140 1
B 3 194 1
B 3 195 1
B 3 198 1
B 3 205 1
B 3 207 1
B 3 211 1
B 3 221 2
B 3 229 1
B 3 252 1
B 3 255 1
B 3 293 1
B 3 307 1
B 3 312 1
B 3 361 2
B 3 390 1
B 3 395 1
B 3 410 2
B 3 428 1
B 3 455 1
B 3 487 1
B 3 518 1
B 3 537 1
P 4 0.010
B 4 29 1
B 4 31 1
B 4 51 1
B 4 62 1
B 4 74 1
B 4 91 1
B 4 105 1
B 4 114 1
B 4 121 1
B 4 127 1
B 4 129 1
B 4 144 1
B 4 155 1
B 4 156 2
B 4 160 1
B 4 183 1
B 4 198 2
B 4 200 1
B 4 210 2
B 4 216 1
B 4 229 1
B 4 329 1
B 4 342 1
B 4 361 1
B 4 383 1
B 4 414 1
B 4 415 1
B 4 460 1
B 4 482 1
P 5 0.010
B 5 9 1
B 5 17 1
B 5 29 1
B 5 61 1
B 5 67 1
B 5 68 1
B 5 77 1
B 5 78 1
B 5 86 2
B 5 90 1
B 5 95 1
B 5 105 1
B 5 154 1
B 5 159 1
B 5 175 1
B 5 179 1
B 5 188 1
B 5 204 2
B 5 239 1
B 5 258 1
B 5 264 1
B 5 268 1
B 5 277 1
B 5 278 1
B 5 318 1
B 5 332 1
B 5 339 1
B 5 340 1
B 5 370 1
B 5 392 2
B 5 400 1
B 5 413 1
B 5 429 1
B 5 442 1
B 5 474 1
B 5 498 1
B 5 511 1
B 5 529 1
P 6 0.010
B 6 21 1
B 6 32 1
B 6 56 1
B 6 58 1
B 6 60 1
B 6 62 1
B 6 74 1
B 6 83 1
B 6 84 1
B 6 90 1
B 6 117 1
B 6 123 1
B 6 187 1
B 6 188 1
B 6 202 1
B 6 210 2
B 6 234 1
B 6 241 1
B 6 242 1
B 6 251 1
B 6 259 1
B 6 268 1
B 6 292 1
B 6 320 1
B 6 341 1
B 6 542 1
P 7 0.010
B 7 10 1
B 7 21 1
B 7 41 1
B 7 42 1
B 7 54 1
B 7 55 1
B 7 64 1
B 7 65 1
B 7 76 1
B 7 83 1
B 7 125 1
B 7 127 1
B 7 134 1
B 7 148 1
B 7 156 1
B 7 159 1
B 7 219 1
B 7 230 1
B 7 234 1
B 7 240 1
B 7 269 1
B 7 275 1
B 7 288 1
B 7 294 1
B 7 326 1
B 7 328 1
B 7 351 1
B 7 356 1
B 7 361 1
B 7 400 1
B 7 428 1
B 7 458 1
B 7 482 1
B 7 495 1
B 7 521 1
P 8 0.010
B 8 7 2
B 8 17 1
B 8 50 1
B 8 75 1
B 8 111 1
B 8 114 1
B 8 117 1
B 8 135 1
B 8 151 1
B 8 195 1
B 8 204 2
B 8 213 1
B 8 215 1
B 8 250 2
B 8 267 2
B 8 277 1
B 8 305 1
B 8 350 1
B 8 403 1
B 8 422 1
B 8 426 1
B 8 428 1
B 8 451 1
B 8 470 1
B 8 496 1
B 8 530 1
B 8 541 1
P 9 0.010
B 9 38 1
B 9 54 1
B 9 68 1
B 9 69 1
B 9 71 1
B 9 75 1
B 9 87 1
B 9 88 1
B 9 89 1
B 9 117 1
B 9 121 1
B 9 126 1
B 9 146 1
B 9 219 1
B 9 221 1
B 9 233 1
B 9 234 1
B 9 242 1
B 9 254 1
B 9 276 1
B 9 277 1
B 9 286 1
B 9 306 1
B 9 315 1
B 9 324 1
B 9 400 1
B 9 428 1
B 9 470 2
B 9 512 1
B 9 517 1
B 9 522 1
B 9 530 1
P 10 0.010
B 10 5 1
B 10 74 1
B 10 86 1
B 10 90 1
B 10 129 1
B 10 130 1
B 10 174 1
B 10 205 1
B 10 214 1
B 10 216 1
B 10 241 1
B 10 268 1
B 10 285 1
B 10 288 1
B 10 292 1
B 10 388 1
B 10 409 1
B 10 419 1
B 10 438 2
B 10 494 2
B 10 500 1
B 10 535 1
P 11 0.010
B 11 7 1
B 11 46 1
B 11 47 1
B 11 64 1
B 11 76 1
B 11 78 1
B 11 105 1
B 11 117 1
B 11 130 1
B 11 219 1
B 11 221 1
B 11 234 1
B 11 237 1
B 11 253 1
B 11 263 1
B 11 276 1
B 11 279 1
B 11 280 1
B 11 285 1
B 11 318 1
B 11 331 1
B 11 382 1
B 11 398 1
B 11 401 1
B 11 417 1
B 11 449 1
B 11 538 1
P 12 0.010
B 12 17 1
B 12 60 1
B 12 88 1
B 12 110 1
B 12 123 2
B 12 129 1
B 12 131 1
B 12 138 1
B 12 150 1
B 12 160 1
B 12 194 1
B 12 206 1
B 12 207 1
B 12 209 1
B 12 228 1
B 12 241 1
B 12 255 1
B 12 257 1
B 12 269 1
B 12 290 1
B 12 300 1
B 12 302 1
B 12 306 1
B 12 338 1
B 12 341 1
B 12 349 1
B 12 352 1
B 12 353 1
B 12 361 1
B 12 373 1
B 12 379 1
B 12 383 1
B 12 401 1
B 12 403 1
B 12 436 1
B 12 438 1
B 12 440 1
B 12 497 1
P 13 0.010
B 13 1 1
B 13 8 1
B 13 17 1
B 13 27 1
B 13 60 1
B 13 61 1
B 13 62 1
B 13 71 1
B 13 72 1
B 13 119 1
B 13 155 1
B 13 288 1
B 13 297 1
B 13 306 1
B 13 319 1
B 13 321 1
B 13 323 1
B 13 326 1
B 13 344 1
B 13 346 1
B 13 363 1
B 13 399 1
B 13 435 1
B 13 464 1
B 13 501 1
B 13 530 1
P 14 0.010
B 14 7 1
B 14 31 1
B 14 36 1
B 14 41 1
B 14 47 1
B 14 62 2
B 14 70 1
B 14 78 1
B 14 94 1
B 14 101 1
B 14 104 1
B 14 105 1
B 14 107 1
B 14 128 1
B 14 144 1
B 14 177 1
B 14 188 1
B 14 197 1
B 14 200 1
B 14 225 1
B 14 229 1
B 14 286 1
B 14 315 1
B 14 325 1
B 14 327 1
B 14 365 1
B 14 391 1
B 14 403 1
B 14 426 1
B 14 462 1
B 14 470 1
B 14 483 1
B 14 489 1
B 14 506 1
P 15 0.010
B 15 24 1
B 15 77 1
B 15 92 1
B 15 113 1
B 15 121 1
B 15 123 1
B 15 126 1
B 15 127 1
B 15 138 1
B 15 155 1
B 15 160 1
B 15 198 1
B 15 199 1
B 15 207 1
B 15 249 1
B 15 482 1
B 15 513 1
B 15 540 1
P 16 0.010
B 16 38 1
B 16 44 1
B 16 54 1
B 16 61 1
B 16 68 1
B 16 84 1
B 16 85 1
B 16 109 1
B 16 125 1
B 16 126 1
B 16 148 1
B 16 159 1
B 16 160 1
B 16 163 1
B 16 190 1
B 16 198 1
B 16 216 1
B 16 221 1
B 16 258 1
B 16 262 1
B 16 275 2
B 16 282 1
B 16 311 1
B 16 328 1
B 16 370 1
B 16 405 1
B 16 425 1
B 16 450 1
P 17 0.010
B 17 17 1
B 17 21 1
B 17 33 1
B 17 42 1
B 17 49 2
B 17 52 1
B 17 75 1
B 17 79 1
B 17 130 1
B 17 135 1
B 17 153 1
B 17 183 1
B 17 191 2
B 17 193 1
B 17 198 1
B 17 204 1
B 17 211 1
B 17 214 1
B 17 234 2
B 17 246 1
B 17 258 1
B 17 278 1
B 17 353 1
B 17 414 1
B 17 422 1
B 17 458 1
B 17 492 1
B 17 534 1
B 17 541 1
P 18 0.010
B 18 5 1
B 18 24 1
B 18 28 2
B 18 29 1
B 18 59 1
B 18 60 2
B 18 76 1
B 18 86 1
B 18 92 1
B 18 115 1
B 18 117 1
B 18 120 1
B 18 123 1
B 18 124 1
B 18 130 1
B 18 131 1
B 18 152 1
B 18 161 1
B 18 187 1
B 18 188 1
B 18 192 1
B 18 193 1
B 18 211 1
B 18 239 1
B 18 251 1
B 18 272 1
B 18 287 1
B 18 352 1
B 18 379 1
B 18 417 1
B 18 458 2
B 18 470 1
B 18 482 1
B 18 515 1
B 18 518 1
P 19 0.010
B 19 12 1
B 19 21 1
B 19 31 1
B 19 67 1
B 19 79 1
B 19 94 1
B 19 123 1
B 19 135 1
B 19 145 1
B 19 156 1
B 19 197 1
B 19 250 1
B 19 255 1
B 19 258 1
B 19 259 1
B 19 284 1
B 19 326 1
B 19 327 1
B 19 352 1
B 19 363 1
B 19 371 1
B 19 403 1
B 19 414 1
B 19 454 1
B 19 487 1
B 19 523 1
P 20 0.010
B 20 2 1
B 20 22 1
B 20 45 1
B 20 46 1
B 20 64 1
B 20 71 2
B 20 128 1
B 20 142 1
B 20 187 1
B 20 194 1
B 20 196 2
B 20 197 1
B 20 214 1
B 20 215 1
B 20 217 1
B 20 229 1
B 20 239 1
B 20 258 1
B 20 263 1
B 20 308 1
B 20 341 1
B 20 343 1
B 20 363 1
B 20 437 1
B 20 442 1
B 20 445 1
B 20 454 1
B 20 455 1
B 20 481 1
B 20 521 1
P 21 0.010
B 21 5 1
B 21 35 1
B 21 60 1
B 21 90 1
B 21 91 1
B 21 161 1
B 21 164 1
B 21 185 1
B 21 186 1
B 21 195 1
B 21 212 1
B 21 219 1
B 21 221 1
B 21 224 1
B 21 232 1
B 21 275 1
B 21 296 1
B 21 319 1
B 21 344 2
B 21 357 1
B 21 371 1
B 21 386 1
B 21 394 1
B 21 404 1
B 21 449 1
B 21 457 1
B 21 470 1
B 21 503 1
B 21 544 1
B 21 547 1
P 22 0.010
B 22 10 1
B 22 19 1
B 22 67 1
B 22 85 1
B 22 108 1
B 22 121 1
B 22 129 1
B 22 177 1
B 22 179 1
B 22 197 1
B 22 212 1
B 22 238 1
B 22 251 1
B 22 259 1
B 22 325 1
B 22 327 1
B 22 388 1
B 22 405 1
B 22 445 1
B 22 483 1
B 22 493 1
B 22 496 1
B 22 500 1
B 22 502 1
B 22 524 1
P 23 0.010
B 23 7 2
B 23 42 1
B 23 53 1
B 23 54 1
B 23 55 1
B 23 56 1
B 23 64 1
B 23 78 1
B 23 90 1
B 23 97 1
B 23 158 1
B 23 160 1
B 23 193 1
B 23 196 1
B 23 218 1
B 23 234 1
B 23 240 1
B 23 244 1
B 23 250 1
B 23 261 1
B 23 273 1
B 23 301 1
B 23 314 1
B 23 404 1
B 23 409 1
B 23 418 1
B 23 422 1
B 23 426 1
B 23 462 1
B 23 541 1
P 24 0.010
B 24 27 1
B 24 52 1
B 24 60 1
B 24 76 1
B 24 84 1
B 24 87 1
B 24 113 1
B 24 115 1
B 24 129 1
B 24 136 1
B 24 150 1
B 24 153 1
B 24 190 1
B 24 228 1
B 24 242 1
B 24 261 1
B 24 265 2
B 24 289 1
B 24 293 1
B 24 294 1
B 24 302 1
B 24 344 1
B 24 373 1
B 24 377 1
B 24 378 1
B 24 417 1
B 24 424 1
B 24 450 1
B 24 455 1
B 24 491 1
B 24 541 1
P 25 0.010
B 25 67 1
B 25 69 1
B 25 74 1
B 25 78 1
B 25 79 1
B 25 91 1
B 25 96 1
B 25 127 1
B 25 161 1
B 25 177 1
B 25 179 1
B 25 205 1
B 25 208 1
B 25 212 1
B 25 244 1
B 25 249 1
B 25 262 1
B 25 310 2
B 25 331 1
B 25 334 1
B 25 344 1
B 25 361 1
B 25 406 1
B 25 424 1
B 25 454 1
B 25 471 1
P 26 0.010
B 26 8 1
B 26 38 1
B 26 43 1
B 26 57 1
B 26 64 1
B 26 69 1
B 26 79 1
B 26 83 1
B 26 88 2
B 26 121 1
B 26 144 1
B 26 186 1
B 26 213 1
B 26 221 1
B 26 268 1
B 26 306 1
B 26 319 1
B 26 332 1
B 26 422 1
B 26 434 1
B 26 469 1
B 26 499 1
B 26 516 1
P 27 0.010
B 27 18 1
B 27 46 1
B 27 51 1
B 27 52 1
B 27 65 1
B 27 80 1
B 27 127 1
B 27 177 1
B 27 201 1
B 27 221 1
B 27 261 1
B 27 292 1
B 27 317 1
B 27 326 1
B 27 342 1
B 27 378 1
B 27 389 1
B 27 406 1
B 27 476 1
B 27 521 1
P 28 0.010
B 28 5 1
B 28 28 1
B 28 38 1
B 28 46 1
B 28 76 1
B 28 91 1
B 28 105 1
B 28 121 1
B 28 152 1
B 28 176 1
B 28 221 1
B 28 228 1
B 28 234 1
B 28 237 1
B 28 297 1
B 28 302 1
B 28 304 1
B 28 326 1
B 28 344 1
B 28 359 1
B 28 383 1
B 28 385 1
B 28 388 1
B 28 451 1
B 28 526 1
P 29 0.010
B 29 7 1
B 29 22 1
B 29 41 1
B 29 70 1
B 29 79 1
B 29 122 1
B 29 129 1
B 29 152 1
B 29 160 1
B 29 206 1
B 29 214 1
B 29 228 1
B 29 244 1
B 29 251 1
B 29 266 1
B 29 294 1
B 29 333 1
B 29 354 1
B 29 379 1
B 29 388 1
B 29 404 1
B 29 429 1
B 29 454 1
B 29 527 1
B 29 541 1
P 30 0.010
B 30 17 1
B 30 52 1
B 30 56 1
B 30 61 1
B 30 67 1
B 30 72 1
B 30 75 1
B 30 79 1
B 30 83 1
B 30 98 1
B 30 104 1
B 30 159 1
B 30 178 1
B 30 191 1
B 30 195 1
B 30 207 1
B 30 216 1
B 30 244 1
B 30 245 1
B 30 247 1
B 30 276 1
B 30 361 1
B 30 438 1
B 30 494 1
B 30 547 1
P 31 0.010
B 31 12 1
B 31 16 1
B 31 45 1
B 31 50 1
B 31 56 1
B 31 59 1
B 31 67 1
B 31 70 1
B 31 81 1
B 31 91 1
B 31 101 1
B 31 103 1
B 31 185 1
B 31 198 1
B 31 245 1
B 31 252 1
B 31 271 1
B 31 294 1
B 31 341 1
B 31 346 1
B 31 349 1
B 31 460 1
B 31 523 1
B 31 536 1
P 32 0.010
B 32 7 1
B 32 17 1
B 32 32 1
B 32 38 1
B 32 62 1
B 32 75 1
B 32 76 1
B 32 103 1
B 32 124 1
B 32 203 1
B 32 214 1
B 32 219 1
B 32 248 1
B 32 286 1
B 32 332 1
B 32 345 1
B 32 357 1
B 32 404 1
B 32 424 1
B 32 426 1
B 32 440 1
B 32 467 1
B 32 482 1
B 32 487 1
B 32 548 1
P 33 0.010
B 33 32 1
B 33 53 1
B 33 57 1
B 33 60 1
B 33 69 1
B 33 71 1
B 33 73 1
B 33 126 1
B 33 128 1
B 33 135 1
B 33 159 1
B 33 172 1
B 33 183 1
B 33 191 1
B 33 194 1
B 33 195 1
B 33 211 1
B 33 212 1
B 33 216 1
B 33 219 1
B 33 259 1
B 33 299 1
B 33 301 1
B 33 417 1
B 33 501 1
P 34 0.010
B 34 1 1
B 34 27 1
B 34 34 1
B 34 60 1
B 34 61 1
B 34 64 1
B 34 73 1
B 34 84 1
B 34 96 1
B 34 97 1
B 34 104 1
B 34 112 1
B 34 159 1
B 34 195 1
B 34 247 2
B 34 259 1
B 34 261 1
B 34 262 1
B 34 294 1
B 34 297 1
B 34 309 1
B 34 312 1
B 34 320 1
B 34 327 1
B 34 355 1
B 34 363 1
B 34 392 2
B 34 401 1
B 34 403 1
B 34 417 1
B 34 418 1
B 34 420 1
B 34 434 1
B 34 449 1
B 34 508 1
B 34 532 1
B 34 544 1
P 35 0.010
B 35 50 1
B 35 52 1
B 35 67 1
B 35 69 1
B 35 71 1
B 35 78 1
B 35 119 1
B 35 126 1
B 35 142 1
B 35 190 1
B 35 232 1
B 35 251 1
B 35 258 1
B 35 277 1
B 35 286 1
B 35 293 1
B 35 308 1
B 35 313 1
B 35 392 1
B 35 398 1
B 35 400 1
B 35 451 1
B 35 470 1
B 35 482 1
P 36 0.010
B 36 7 1
B 36 8 1
B 36 18 1
B 36 57 1
B 36 62 1
B 36 63 1
B 36 73 1
B 36 78 1
B 36 109 1
B 36 123 1
B 36 136 1
B 36 137 1
B 36 161 1
B 36 180 1
B 36 197 2
B 36 229 1
B 36 243 1
B 36 246 1
B 36 252 1
B 36 258 1
B 36 267 1
B 36 276 1
B 36 292 1
B 36 419 1
B 36 480 1
B 36 482 1
B 36 495 1
P 37 0.010
B 37 17 1
B 37 19 1
B 37 22 1
B 37 39 1
B 37 79 1
B 37 81 1
B 37 84 1
B 37 87 1
B 37 88 1
B 37 103 1
B 37 111 1
B 37 125 1
B 37 184 1
B 37 200 1
B 37 235 1
B 37 263 1
B 37 267 1
B 37 269 1
B 37 280 1
B 37 301 1
B 37 305 1
B 37 311 1
B 37 326 1
B 37 375 1
B 37 438 2
B 37 470 1
B 37 483 1
B 37 516 1
P 38 0.010
B 38 32 1
B 38 46 1
B 38 54 2
B 38 73 1
B 38 82 1
B 38 118 1
B 38 119 1
B 38 125 1
B 38 128 1
B 38 148 1
B 38 207 1
B 38 211 1
B 38 218 1
B 38 267 2
B 38 273 1
B 38 292 1
B 38 306 1
B 38 359 1
B 38 382 1
B 38 400 1
B 38 539 1
P 39 0.010
B 39 22 1
B 39 38 1
B 39 43 1
B 39 52 2
B 39 57 1
B 39 82 1
B 39 159 2
B 39 232 1
B 39 235 1
B 39 255 1
B 39 272 1
B 39 301 1
B 39 303 1
B 39 304 1
B 39 380 1
P 40 0.010
B 40 5 1
B 40 39 1
B 40 41 1
B 40 46 1
B 40 78 1
B 40 81 1
B 40 119 1
B 40 128 1
B 40 153 1
B 40 156 1
B 40 159 1
B 40 197 1
B 40 226 1
B 40 244 1
B 40 246 1
B 40 258 1
B 40 280 1
B 40 312 1
B 40 313 1
B 40 325 1
B 40 341 1
B 40 357 1
B 40 361 1
B 40 454 1
B 40 516 1
P 41 0.010
B 41 29 1
B 41 54 1
B 41 57 1
B 41 82 1
B 41 104 1
B 41 109 1
B 41 130 1
B 41 131 1
B 41 155 1
B 41 190 1
B 41 205 1
B 41 210 1
B 41 251 1
B 41 257 1
B 41 259 1
B 41 291 1
B 41 309 1
B 41 352 1
B 41 355 1
B 41 423 1
B 41 454 1
B 41 525 1
B 41 533 1
P 42 0.010
B 42 20 1
B 42 34 1
B 42 38 1
B 42 50 1
B 42 55 1
B 42 78 1
B 42 90 1
B 42 128 1
B 42 144 1
B 42 159 1
B 42 163 2
B 42 164 1
B 42 179 1
B 42 299 1
B 42 311 1
B 42 354 1
B 42 372 1
B 42 386 1
B 42 439 1
B 42 476 1
B 42 512 1
P 43 0.010
B 43 8 1
B 43 54 1
B 43 73 1
B 43 86 1
B 43 110 1
B 43 119 1
B 43 128 2
B 43 129 1
B 43 136 1
B 43 161 1
B 43 169 1
B 43 204 1
B 43 213 2
B 43 241 1
B 43 244 1
B 43 262 1
B 43 285 1
B 43 295 1
B 43 343 1
B 43 359 1
B 43 405 1
B 43 417 1
B 43 438 1
B 43 444 1
P 44 0.010
B 44 38 1
B 44 82 1
B 44 86 1
B 44 88 1
B 44 92 1
B 44 106 1
B 44 119 1
B 44 140 1
B 44 142 1
B 44 151 1
B 44 152 1
B 44 158 1
B 44 161 1
B 44 162 1
B 44 197 1
B 44 202 1
B 44 203 1
B 44 208 1
B 44 238 1
B 44 256 1
B 44 264 1
B 44 268 1
B 44 304 1
B 44 306 1
B 44 319 1
B 44 331 1
B 44 338 1
B 44 380 1
B 44 392 1
B 44 414 1
B 44 500 1
B 44 529 1
P 45 0.010
B 45 1 1
B 45 38 1
B 45 45 1
B 45 52 1
B 45 60 1
B 45 71 1
B 45 128 1
B 45 170 1
B 45 183 1
B 45 195 1
B 45 203 1
B 45 241 2
B 45 256 1
B 45 270 2
B 45 339 1
B 45 381 1
B 45 388 1
B 45 403 1
B 45 417 1
B 45 418 1
B 45 422 1
B 45 457 1
B 45 470 1
P 46 0.010
B 46 17 1
B 46 50 1
B 46 52 1
B 46 55 1
B 46 144 1
B 46 154 1
B 46 179 1
B 46 181 1
B 46 183 1
B 46 203 1
B 46 217 1
B 46 218 1
B 46 244 1
B 46 268 1
B 46 275 1
B 46 290 1
B 46 293 1
B 46 294 1
B 46 325 1
B 46 343 1
B 46 361 1
B 46 375 1
B 46 387 1
B 46 405 1
B 46 417 1
B 46 434 1
B 46 477 1
B 46 547 1
P 47 0.010
B 47 17 1
B 47 19 1
B 47 42 1
B 47 57 1
B 47 62 1
B 47 78 1
B 47 119 1
B 47 130 1
B 47 140 1
B 47 154 2
B 47 175 2
B 47 181 1
B 47 203 1
B 47 210 1
B 47 222 1
B 47 226 2
B 47 228 1
B 47 243 1
B 47 262 1
B 47 270 1
B 47 294 1
B 47 309 1
B 47 313 1
B 47 357 1
B 47 385 1
B 47 419 1
B 47 478 1
B 47 521 1
P 48 0.010
B 48 16 1
B 48 73 1
B 48 75 1
B 48 82 1
B 48 104 1
B 48 118 1
B 48 122 1
B 48 152 1
B 48 177 1
B 48 185 1
B 48 191 1
B 48 196 1
B 48 201 1
B 48 237 1
B 48 253 1
B 48 261 1
B 48 294 1
B 48 371 1
B 48 388 1
B 48 396 1
B 48 440 1
B 48 460 1
B 48 516 1
P 49 0.010
B 49 8 2
B 49 23 1
B 49 24 1
B 49 44 1
B 49 45 1
B 49 76 1
B 49 87 1
B 49 104 1
B 49 121 1
B 49 128 1
B 49 145 1
B 49 161 1
B 49 191 1
B 49 205 1
B 49 208 1
B 49 216 1
B 49 239 1
B 49 250 2
B 49 253 1
B 49 254 1
B 49 258 1
B 49 270 1
B 49 278 1
B 49 329 1
B 49 348 1
B 49 361 1
B 49 380 1
B 49 391 1
B 49 446 1
B 49 452 1
B 49 470 1
B 49 496 1
B 49 501 1
B 49 521 1
P 50 0.010
B 50 21 1
B 50 41 1
B 50 50 1
B 50 62 1
B 50 78 1
B 50 85 1
B 50 154 1
B 50 161 1
B 50 205 1
B 50 211 1
B 50 239 1
B 50 247 1
B 50 264 1
B 50 270 1
B 50 288 1
B 50 292 1
B 50 343 1
B 50 361 1
B 50 409 1
B 50 518 1
P 51 0.010
B 51 17 1
B 51 20 1
B 51 21 1
B 51 27 1
B 51 31 1
B 51 79 1
B 51 82 1
B 51 91 1
B 51 153 1
B 51 191 1
B 51 214 1
B 51 215 2
B 51 228 1
B 51 241 1
B 51 258 1
B 51 278 1
B 51 290 1
B 51 371 1
B 51 409 1
B 51 420 1
B 51 423 1
B 51 491 1
B 51 527 1
B 51 536 1
P 52 0.010
B 52 6 1
B 52 17 1
B 52 18 1
B 52 32 1
B 52 38 1
B 52 41 1
B 52 61 1
B 52 128 1
B 52 134 1
B 52 136 1
B 52 199 1
B 52 203 1
B 52 252 1
B 52 261 1
B 52 263 1
B 52 270 1
B 52 359 1
B 52 362 1
B 52 366 1
B 52 367 1
B 52 398 1
B 52 419 1
B 52 464 1
P 53 0.010
B 53 43 1
B 53 46 1
B 53 52 1
B 53 116 1
B 53 123 1
B 53 153 1
B 53 217 1
B 53 219 1
B 53 247 1
B 53 254 1
B 53 259 1
B 53 266 1
B 53 277 1
B 53 350 1
B 53 361 1
B 53 376 1
B 53 383 1
B 53 409 1
B 53 414 1
B 53 417 1
B 53 419 1
B 53 448 1
B 53 470 1
B 53 487 1
B 53 497 1
B 53 521 1
P 54 0.010
B 54 1 1
B 54 44 1
B 54 55 1
B 54 70 1
B 54 84 1
B 54 130 1
B 54 153 1
B 54 162 1
B 54 174 1
B 54 181 1
B 54 184 1
B 54 210 1
B 54 260 1
B 54 261 1
B 54 279 1
B 54 293 1
B 54 345 1
B 54 363 1
B 54 461 1
B 54 494 2
B 54 526 1
P 55 0.010
B 55 34 1
B 55 73 1
B 55 74 1
B 55 109 1
B 55 112 1
B 55 126 1
B 55 128 1
B 55 152 1
B 55 179 1
B 55 181 1
B 55 195 1
B 55 198 1
B 55 204 1
B 55 219 1
B 55 238 1
B 55 265 1
B 55 301 1
B 55 314 1
B 55 353 1
B 55 364 1
B 55 382 1
B 55 394 1
B 55 461 1
B 55 470 1
B 55 505 1
B 55 538 1
P 56 0.010
B 56 18 1
B 56 53 1
B 56 57 1
B 56 83 1
B 56 84 1
B 56 85 1
B 56 100 1
B 56 119 1
B 56 130 1
B 56 133 1
B 56 134 1
B 56 183 1
B 56 187 1
B 56 192 1
B 56 194 1
B 56 195 1
B 56 219 1
B 56 234 1
B 56 248 1
B 56 254 1
B 56 258 1
B 56 293 1
B 56 349 1
B 56 360 1
B 56 378 1
B 56 385 1
B 56 403 1
B 56 464 1
B 56 470 1
P 57 0.010
B 57 10 1
B 57 46 1
B 57 105 1
B 57 129 2
B 57 141 2
B 57 158 1
B 57 181 1
B 57 186 1
B 57 198 1
B 57 205 1
B 57 207 1
B 57 217 1
B 57 237 1
B 57 253 1
B 57 254 1
B 57 257 1
B 57 294 1
B 57 375 1
B 57 384 1
B 57 403 1
B 57 464 2
B 57 476 1
B 57 541 1
P 58 0.010
B 58 37 1
B 58 64 1
B 58 106 1
B 58 148 1
B 58 150 1
B 58 193 1
B 58 211 1
B 58 213 1
B 58 243 1
B 58 247 1
B 58 252 2
B 58 255 1
B 58 264 1
B 58 280 1
B 58 309 1
B 58 317 1
B 58 326 1
B 58 345 1
B 58 357 1
B 58 442 1
B 58 471 1
B 58 482 1
B 58 498 1
B 58 501 1
P 59 0.010
B 59 15 1
B 59 32 1
B 59 68 1
B 59 76 1
B 59 123 1
B 59 129 1
B 59 188 1
B 59 200 1
B 59 214 1
B 59 218 1
B 59 267 1
B 59 298 1
B 59 307 1
B 59 316 1
B 59 323 1
B 59 361 1
B 59 372 1
B 59 404 1
B 59 435 1
B 59 438 1
B 59 453 1
B 59 501 1
P 60 0.010
B 60 5 1
B 60 18 1
B 60 50 1
B 60 73 1
B 60 85 1
B 60 130 2
B 60 202 1
B 60 205 1
B 60 210 1
B 60 221 2
B 60 225 1
B 60 246 2
B 60 251 1
B 60 263 1
B 60 280 1
B 60 293 1
B 60 416 1
B 60 429 1
B 60 438 1
B 60 512 1
B 60 545 1
P 61 0.010
B 61 50 1
B 61 73 1
B 61 108 1
B 61 125 1
B 61 144 1
B 61 147 1
B 61 176 1
B 61 177 1
B 61 203 1
B 61 212 1
B 61 215 1
B 61 218 1
B 61 250 1
B 61 254 1
B 61 262 1
B 61 277 1
B 61 327 1
B 61 371 1
B 61 385 1
B 61 389 1
B 61 401 1
B 61 408 1
B 61 438 1
B 61 457 2
B 61 489 1
B 61 522 1
P 62 0.010
B 62 41 1
B 62 44 1
B 62 49 1
B 62 55 1
B 62 60 1
B 62 79 1
B 62 81 1
B 62 86 1
B 62 89 1
B 62 98 1
B 62 102 1
B 62 128 1
B 62 135 1
B 62 147 1
B 62 194 1
B 62 198 1
B 62 204 1
B 62 323 1
B 62 348 1
B 62 361 1
B 62 424 2
B 62 426 1
B 62 440 1
B 62 458 1
B 62 470 2
B 62 484 1
P 63 0.010
B 63 45 1
B 63 55 1
B 63 60 1
B 63 76 1
B 63 88 1
B 63 91 1
B 63 123 1
B 63 153 1
B 63 156 1
B 63 176 1
B 63 229 1
B 63 230 1
B 63 250 1
B 63 262 1
B 63 332 1
B 63 360 1
B 63 367 1
B 63 397 1
B 63 450 1
B 63 475 1
B 63 506 1
B 63 538 1
P 64 0.010
B 64 1 1
B 64 4 1
B 64 46 1
B 64 50 1
B 64 82 1
B 64 102 1
B 64 110 1
B 64 126 1
B 64 137 1
B 64 151 1
B 64 179 1
B 64 210 1
B 64 260 1
B 64 278 1
B 64 290 1
B 64 349 1
B 64 357 1
B 64 359 1
B 64 377 1
B 64 454 1
B 64 525 1
P 65 0.010
B 65 8 1
B 65 57 1
B 65 64 1
B 65 68 1
B 65 73 1
B 65 78 1
B 65 96 1
B 65 141 1
B 65 169 1
B 65 175 1
B 65 205 1
B 65 211 1
B 65 266 1
B 65 269 1
B 65 302 1
B 65 305 1
B 65 343 1
B 65 344 1
B 65 357 1
B 65 366 1
B 65 368 1
B 65 391 1
B 65 450 1
B 65 484 1
B 65 487 1
B 65 510 1
B 65 521 1
B 65 545 1
P 66 0.010
B 66 27 1
B 66 43 1
B 66 52 1
B 66 91 1
B 66 129 1
B 66 138 1
B 66 143 1
B 66 160 1
B 66 228 1
B 66 246 1
B 66 251 1
B 66 254 1
B 66 257 1
B 66 280 1
B 66 314 1
B 66 345 1
B 66 440 1
B 66 513 1
B 66 541 1
P 67 0.010
B 67 27 1
B 67 28 1
B 67 36 1
B 67 38 1
B 67 42 1
B 67 99 1
B 67 100 1
B 67 129 1
B 67 155 1
B 67 159 1
B 67 181 1
B 67 207 1
B 67 217 1
B 67 244 1
B 67 250 1
B 67 267 1
B 67 280 1
B 67 294 1
B 67 298 1
B 67 299 1
B 67 370 1
B 67 386 1
B 67 387 2
B 67 419 1
B 67 455 1
B 67 471 1
B 67 545 1
P 68 0.010
B 68 6 1
B 68 24 1
B 68 42 1
B 68 73 1
B 68 76 1
B 68 81 1
B 68 87 1
B 68 130 1
B 68 144 1
B 68 155 1
B 68 191 1
B 68 197 1
B 68 201 1
B 68 213 1
B 68 276 1
B 68 280 1
B 68 304 1
B 68 330 1
B 68 344 1
B 68 418 1
B 68 440 1
B 68 470 1
B 68 475 1
B 68 498 1
B 68 503 1
B 68 542 1
P 69 0.010
B 69 74 1
B 69 75 1
B 69 137 1
B 69 174 1
B 69 210 1
B 69 241 1
B 69 247 1
B 69 252 1
B 69 268 1
B 69 298 1
B 69 314 1
B 69 318 1
B 69 406 1
B 69 412 1
B 69 539 1
P 70 0.010
B 70 18 1
B 70 21 1
B 70 46 1
B 70 97 1
B 70 129 1
B 70 140 1
B 70 175 1
B 70 188 1
B 70 204 1
B 70 213 1
B 70 241 1
B 70 254 2
B 70 258 2
B 70 294 1
B 70 303 1
B 70 312 1
B 70 326 1
B 70 334 1
B 70 344 1
B 70 495 1
B 70 501 1
B 70 512 1
P 71 0.010
B 71 47 1
B 71 61 1
B 71 81 1
B 71 94 1
B 71 110 1
B 71 122 1
B 71 143 1
B 71 179 1
B 71 207 2
B 71 208 1
B 71 211 1
B 71 249 1
B 71 253 1
B 71 260 1
B 71 288 1
B 71 294 1
B 71 296 1
B 71 299 1
B 71 315 1
B 71 343 1
B 71 345 1
B 71 357 1
B 71 386 1
B 71 389 1
B 71 400 1
B 71 416 1
B 71 419 1
B 71 420 1
B 71 455 1
B 71 458 1
B 71 466 1
B 71 478 1
B 71 483 1
B 71 510 1
P 72 0.010
B 72 6 1
B 72 24 1
B 72 49 1
B 72 64 1
B 72 80 1
B 72 104 1
B 72 108 1
B 72 121 1
B 72 130 1
B 72 181 1
B 72 195 1
B 72 229 1
B 72 249 1
B 72 253 1
B 72 261 1
B 72 270 1
B 72 272 2
B 72 318 1
B 72 341 1
B 72 343 1
B 72 403 1
B 72 467 1
B 72 476 1
B 72 513 1
B 72 536 1
P 73 0.010
B 73 5 1
B 73 18 1
B 73 51 1
B 73 61 1
B 73 80 1
B 73 120 1
B 73 130 1
B 73 139 1
B 73 199 1
B 73 200 1
B 73 212 1
B 73 216 2
B 73 250 1
B 73 256 1
B 73 258 1
B 73 344 1
P 74 0.010
B 74 42 1
B 74 75 2
B 74 76 1
B 74 77 1
B 74 87 1
B 74 130 1
B 74 132 1
B 74 137 1
B 74 163 1
B 74 178 1
B 74 206 1
B 74 222 1
B 74 224 1
B 74 262 1
B 74 268 1
B 74 279 1
B 74 321 1
B 74 326 1
B 74 327 1
B 74 358 1
B 74 417 1
P 75 0.010
B 75 24 1
B 75 37 1
B 75 54 1
B 75 73 1
B 75 82 1
B 75 85 1
B 75 107 1
B 75 122 1
B 75 123 1
B 75 129 1
B 75 132 1
B 75 134 1
B 75 141 1
B 75 153 1
B 75 160 1
B 75 187 1
B 75 208 1
B 75 258 1
B 75 267 1
B 75 289 1
B 75 294 1
B 75 322 1
B 75 339 1
B 75 438 1
B 75 440 1
B 75 495 1
B 75 536 1
B 75 542 1
P 76 0.010
B 76 54 1
B 76 127 1
B 76 137 1
B 76 159 1
B 76 214 1
B 76 229 1
B 76 234 1
B 76 264 1
B 76 272 1
B 76 288 1
B 76 315 2
B 76 316 1
B 76 331 1
B 76 332 1
B 76 361 1
B 76 366 1
B 76 405 1
B 76 444 1
B 76 471 1
B 76 512 1
P 77 0.010
B 77 7 1
B 77 32 1
B 77 37 1
B 77 39 1
B 77 47 1
B 77 49 1
B 77 64 1
B 77 75 1
B 77 84 1
B 77 104 1
B 77 135 1
B 77 204 1
B 77 226 1
B 77 255 1
B 77 261 1
B 77 267 1
B 77 303 1
B 77 312 1
B 77 318 1
B 77 389 1
B 77 438 1
B 77 509 1
P 78 0.010
B 78 27 1
B 78 28 1
B 78 70 1
B 78 117 1
B 78 126 1
B 78 155 1
B 78 176 1
B 78 181 1
B 78 184 1
B 78 192 1
B 78 194 1
B 78 203 1
B 78 218 1
B 78 221 1
B 78 265 1
B 78 282 1
B 78 308 1
B 78 342 1
B 78 361 1
B 78 459 1
P 79 0.010
B 79 16 1
B 79 17 1
B 79 46 1
B 79 53 1
B 79 64 1
B 79 122 1
B 79 158 1
B 79 193 1
B 79 207 1
B 79 244 1
B 79 257 1
B 79 259 1
B 79 263 1
B 79 296 1
B 79 316 1
B 79 317 1
B 79 358 1
B 79 400 1
B 79 428 1
B 79 454 1
B 79 459 1
B 79 473 1
B 79 483 1
B 79 496 1
B 79 511 1
B 79 518 1
P 80 0.010
B 80 18 1
B 80 33 1
B 80 46 1
B 80 90 1
B 80 133 1
B 80 163 1
B 80 194 1
B 80 210 1
B 80 225 1
B 80 234 2
B 80 267 1
B 80 278 1
B 80 418 1
B 80 462 1
B 80 473 1
P 81 0.010
B 81 8 1
B 81 41 1
B 81 54 1
B 81 68 1
B 81 73 1
B 81 76 1
B 81 82 1
B 81 121 1
B 81 154 1
B 81 199 1
B 81 222 1
B 81 237 1
B 81 239 1
B 81 246 1
B 81 255 1
B 81 256 1
B 81 270 1
B 81 286 1
B 81 302 1
B 81 306 1
B 81 341 2
B 81 350 1
B 81 355 1
B 81 366 1
B 81 400 1
B 81 403 1
B 81 470 1
B 81 482 1
B 81 505 1
P 82 0.010
B 82 17 1
B 82 21 1
B 82 38 1
B 82 57 1
B 82 62 1
B 82 72 1
B 82 103 1
B 82 112 1
B 82 127 1
B 82 136 1
B 82 189 1
B 82 204 1
B 82 224 1
B 82 258 1
B 82 272 1
B 82 294 1
B 82 367 1
B 82 438 1
B 82 472 1
B 82 541 1
P 83 0.010
B 83 49 1
B 83 50 1
B 83 62 1
B 83 77 1
B 83 83 1
B 83 100 1
B 83 121 1
B 83 132 1
B 83 137 1
B 83 196 1
B 83 197 1
B 83 219 1
B 83 221 1
B 83 240 1
B 83 293 1
B 83 299 1
B 83 314 1
B 83 341 1
B 83 346 1
B 83 353 1
B 83 370 1
B 83 379 1
B 83 497 1
P 84 0.010
B 84 41 1
B 84 142 1
B 84 205 1
B 84 215 1
B 84 226 1
B 84 251 1
B 84 268 1
B 84 312 1
B 84 317 1
B 84 403 1
B 84 409 1
B 84 461 1
P 85 0.010
B 85 33 1
B 85 53 1
B 85 85 1
B 85 87 1
B 85 97 1
B 85 101 1
B 85 123 1
B 85 128 1
B 85 131 1
B 85 143 1
B 85 148 1
B 85 186 1
B 85 205 1
B 85 235 1
B 85 270 1
B 85 288 1
B 85 313 1
B 85 327 1
B 85 329 1
B 85 440 1
B 85 528 1
P 86 0.010
B 86 9 1
B 86 21 1
B 86 75 1
B 86 84 1
B 86 123 1
B 86 137 1
B 86 139 1
B 86 149 1
B 86 152 1
B 86 190 1
B 86 192 1
B 86 196 1
B 86 217 1
B 86 224 1
B 86 238 1
B 86 259 1
B 86 272 1
B 86 303 1
B 86 321 1
B 86 440 2
B 86 449 1
B 86 474 1
P 87 0.010
B 87 7 1
B 87 22 1
B 87 32 1
B 87 61 1
B 87 91 1
B 87 124 1
B 87 129 1
B 87 136 1
B 87 173 1
B 87 201 1
B 87 203 1
B 87 220 1
B 87 222 1
B 87 282 1
B 87 283 1
B 87 325 1
B 87 330 1
B 87 454 1
B 87 462 1
B 87 521 1
P 88 0.010
B 88 18 1
B 88 41 1
B 88 92 1
B 88 97 1
B 88 199 1
B 88 202 1
B 88 221 1
B 88 239 1
B 88 254 1
B 88 258 1
B 88 261 1
B 88 339 1
B 88 352 2
B 88 380 1
B 88 386 1
B 88 417 1
B 88 420 1
B 88 427 2
B 88 501 1
B 88 530 1
B 88 545 1
P 89 0.010
B 89 72 1
B 89 90 1
B 89 92 1
B 89 184 1
B 89 193 1
B 89 202 1
B 89 207 1
B 89 301 1
B 89 322 1
B 89 327 1
B 89 332 1
B 89 341 1
B 89 355 1
B 89 373 1
B 89 441 1
B 89 476 1
B 89 535 1
P 90 0.010
B 90 18 1
B 90 24 1
B 90 32 1
B 90 57 1
B 90 66 1
B 90 73 1
B 90 154 1
B 90 224 1
B 90 249 1
B 90 305 1
B 90 314 1
B 90 337 1
B 90 379 1
B 90 389 1
B 90 417 1
B 90 420 1
B 90 450 1
B 90 476 1
B 90 507 1
P 91 0.010
B 91 12 1
B 91 28 1
B 91 64 1
B 91 141 1
B 91 187 1
B 91 202 1
B 91 210 1
B 91 212 1
B 91 247 1
B 91 288 1
B 91 313 1
B 91 343 1
B 91 349 1
B 91 350 1
B 91 378 1
B 91 420 1
B 91 423 2
B 91 477 1
B 91 516 1
B 91 532 1
P 92 0.010
B 92 21 1
B 92 38 1
B 92 93 1
B 92 95 1
B 92 101 1
B 92 139 1
B 92 165 1
B 92 190 1
B 92 193 1
B 92 219 1
B 92 220 1
B 92 243 1
B 92 291 1
B 92 293 1
B 92 325 1
B 92 411 1
B 92 450 1
B 92 455 1
B 92 512 1
P 93 0.010
B 93 16 1
B 93 45 1
B 93 52 1
B 93 76 1
B 93 90 1
B 93 96 1
B 93 150 1
B 93 161 1
B 93 240 1
B 93 244 2
B 93 249 1
B 93 352 1
B 93 368 1
B 93 384 1
B 93 402 1
B 93 407 1
B 93 416 1
B 93 449 1
B 93 514 1
B 93 526 1
P 94 0.010
B 94 21 1
B 94 22 1
B 94 106 1
B 94 109 1
B 94 114 1
B 94 129 1
B 94 137 1
B 94 207 1
B 94 217 1
B 94 221 1
B 94 222 1
B 94 244 1
B 94 251 1
B 94 261 1
B 94 309 1
B 94 311 1
B 94 337 1
B 94 359 1
B 94 403 1
B 94 424 1
B 94 438 1
B 94 476 1
P 95 0.010
B 95 5 1
B 95 17 1
B 95 21 1
B 95 42 1
B 95 47 1
B 95 53 1
B 95 81 1
B 95 87 1
B 95 98 1
B 95 108 1
B 95 136 1
B 95 154 1
B 95 175 1
B 95 179 1
B 95 187 1
B 95 214 1
B 95 237 1
B 95 262 1
B 95 265 1
B 95 298 1
B 95 308 1
B 95 325 1
B 95 449 1
B 95 500 1
B 95 525 1
B 95 540 1
P 96 0.010
B 96 12 1
B 96 17 1
B 96 28 1
B 96 29 1
B 96 36 1
B 96 42 1
B 96 55 1
B 96 79 1
B 96 119 1
B 96 155 1
B 96 158 1
B 96 185 1
B 96 186 1
B 96 200 1
B 96 205 1
B 96 211 1
B 96 217 1
B 96 219 1
B 96 221 2
B 96 224 1
B 96 231 1
B 96 278 1
B 96 294 1
B 96 302 1
B 96 343 1
B 96 384 1
B 96 409 1
B 96 426 1
B 96 490 1
B 96 516 1
B 96 521 2
P 97 0.010
B 97 16 1
B 97 18 1
B 97 69 1
B 97 72 1
B 97 73 1
B 97 126 1
B 97 136 1
B 97 137 1
B 97 183 1
B 97 191 1
B 97 221 1
B 97 222 1
B 97 247 1
B 97 249 1
B 97 253 1
B 97 333 1
B 97 340 1
B 97 342 1
B 97 378 1
B 97 474 1
B 97 548 1
P 98 0.010
B 98 29 1
B 98 75 1
B 98 95 1
B 98 99 1
B 98 111 1
B 98 122 2
B 98 125 2
B 98 158 1
B 98 159 1
B 98 234 1
B 98 237 1
B 98 272 1
B 98 287 1
B 98 318 1
B 98 329 1
B 98 355 1
B 98 438 1
B 98 442 1
B 98 454 1
B 98 460 1
B 98 464 1
B 98 474 1
B 98 483 1
P 99 0.010
B 99 57 1
B 99 64 1
B 99 68 1
B 99 105 1
B 99 176 1
B 99 194 1
B 99 197 1
B 99 239 1
B 99 255 1
B 99 259 1
B 99 274 1
B 99 361 1
B 99 389 1
B 99 455 1
B 99 471 1
